40 195 4 4 2012
39 194 6 6 4768
38 193 8 8 7726
37 192 10 10 12651
36 191 12 12 17680
35 190 14 14 23426
34 189 16 16 31528
33 188 18 18 40898
40 195 4 4 2034
39 194 6 6 4416
38 193 8 8 8014
37 192 10 10 12710
36 191 12 12 18245
35 190 14 14 23998
34 189 16 16 31317
33 188 18 18 39498
40 195 4 4 1928
39 194 6 6 4158
38 193 8 8 7572
37 192 10 10 11575
36 191 12 12 16863
35 190 14 14 23295
34 189 16 16 31892
33 188 18 18 40522
40 195 4 4 1662
39 194 6 6 4236
38 193 8 8 7963
37 192 10 10 11592
36 191 12 12 17665
35 190 14 14 23850
34 189 16 16 31584
33 188 18 18 41285
40 195 4 4 1767
39 194 6 6 4134
38 193 8 8 7195
37 192 10 10 13156
36 191 12 12 18616
35 190 14 14 24096
34 189 16 16 31427
33 188 18 18 39358
40 195 4 4 2377
39 194 6 6 4748
38 193 8 8 7964
37 192 10 10 11708
36 191 12 12 17182
35 190 14 14 23394
34 189 16 16 30439
33 188 18 18 38953
40 195 4 4 2004
39 194 6 6 4102
38 193 8 8 7387
37 192 10 10 11910
36 191 12 12 17231
35 190 14 14 23832
34 189 16 16 30260
33 188 18 18 38471
40 195 4 4 1698
39 194 6 6 4523
38 193 8 8 7891
37 192 10 10 11793
36 191 12 12 17196
35 190 14 14 24565
34 189 16 16 31550
33 188 18 18 39204
40 195 4 4 1799
39 194 6 6 3867
38 193 8 8 7746
37 192 10 10 12594
36 191 12 12 17864
35 190 14 14 23628
34 189 16 16 30891
33 188 18 18 39507
40 195 4 4 1708
39 194 6 6 3595
38 193 8 8 7600
37 192 10 10 11626
36 191 12 12 16518
35 190 14 14 23795
34 189 16 16 30535
33 188 18 18 38179
40 195 4 4 1898
39 194 6 6 4030
38 193 8 8 8002
37 192 10 10 11733
36 191 12 12 16522
35 190 14 14 22240
34 189 16 16 28789
33 188 18 18 36359
40 195 4 4 1754
39 194 6 6 3910
38 193 8 8 7679
37 192 10 10 11627
36 191 12 12 16415
35 190 14 14 22971
34 189 16 16 30716
33 188 18 18 38367
40 195 4 4 1525
39 194 6 6 3525
38 193 8 8 6877
37 192 10 10 11141
36 191 12 12 16393
35 190 14 14 21857
34 189 16 16 28162
33 188 18 18 36961
40 195 4 4 1986
39 194 6 6 4687
38 193 8 8 7460
37 192 10 10 11924
36 191 12 12 16771
35 190 14 14 21874
34 189 16 16 30880
33 188 18 18 39906
40 195 4 4 2283
39 194 6 6 4560
38 193 8 8 7966
37 192 10 10 11608
36 191 12 12 15766
35 190 14 14 21348
34 189 16 16 27708
33 188 18 18 34775
40 195 4 4 1781
39 194 6 6 4173
38 193 8 8 7625
37 192 10 10 11756
36 191 12 12 17038
35 190 14 14 23225
34 189 16 16 30570
33 188 18 18 38285
40 195 4 4 1716
39 194 6 6 4496
38 193 8 8 8871
37 192 10 10 12745
36 191 12 12 19090
35 190 14 14 25131
34 189 16 16 32624
33 188 18 18 40556
40 195 4 4 2551
39 194 6 6 4808
38 193 8 8 7964
37 192 10 10 11900
36 191 12 12 16583
35 190 14 14 22538
34 189 16 16 29207
33 188 18 18 37247
40 195 4 4 1703
39 194 6 6 4005
38 193 8 8 7462
37 192 10 10 11730
36 191 12 12 16631
35 190 14 14 22913
34 189 16 16 30750
33 188 18 18 39226
40 195 4 4 1927
39 194 6 6 4597
38 193 8 8 7777
37 192 10 10 12355
36 191 12 12 18969
35 190 14 14 24630
34 189 16 16 32176
33 188 18 18 40339
40 195 4 4 1819
39 194 6 6 5319
38 193 8 8 9629
37 192 10 10 13257
36 191 12 12 19001
35 190 14 14 25985
34 189 16 16 32336
33 188 18 18 41296
40 195 4 4 1619
39 194 6 6 4217
38 193 8 8 7196
37 192 10 10 10983
36 191 12 12 17657
35 190 14 14 23576
34 189 16 16 31502
33 188 18 18 39084
40 195 4 4 1757
39 194 6 6 4186
38 193 8 8 8014
37 192 10 10 13146
36 191 12 12 18422
35 190 14 14 24819
34 189 16 16 32182
33 188 18 18 40237
40 195 4 4 3196
39 194 6 6 6494
38 193 8 8 10417
37 192 10 10 15735
36 191 12 12 21811
35 190 14 14 29940
34 189 16 16 40813
33 188 18 18 52459
40 195 4 4 2127
39 194 6 6 4732
38 193 8 8 8848
37 192 10 10 14422
36 191 12 12 19550
35 190 14 14 26072
34 189 16 16 32997
33 188 18 18 42309
40 195 4 4 98347
39 194 6 6 150655
38 193 8 8 206286
37 192 10 10 275907
36 191 12 12 353109
35 190 14 14 431304
34 189 16 16 526061
33 188 18 18 628161
40 195 4 4 153526
39 194 6 6 203958
38 193 8 8 253160
37 192 10 10 310122
36 191 12 12 377070
35 190 14 14 451591
34 189 16 16 542876
33 188 18 18 650188
40 195 4 4 122506
39 194 6 6 173943
38 193 8 8 226295
37 192 10 10 287873
36 191 12 12 351946
35 190 14 14 437060
34 189 16 16 532673
33 188 18 18 636934
40 195 4 4 133483
39 194 6 6 185122
38 193 8 8 240362
37 192 10 10 304567
36 191 12 12 369721
35 190 14 14 448047
34 189 16 16 533891
33 188 18 18 640106
40 195 4 4 137682
39 194 6 6 188700
38 193 8 8 239984
37 192 10 10 302090
36 191 12 12 380030
35 190 14 14 455599
34 189 16 16 549736
33 188 18 18 651426
40 195 4 4 148084
39 194 6 6 200186
38 193 8 8 251093
37 192 10 10 314636
36 191 12 12 385770
35 190 14 14 462752
34 189 16 16 552805
33 188 18 18 657338
40 195 4 4 139716
39 194 6 6 193390
38 193 8 8 248840
37 192 10 10 309291
36 191 12 12 379765
35 190 14 14 454400
34 189 16 16 546483
33 188 18 18 646013
40 195 4 4 126282
39 194 6 6 176961
38 193 8 8 223918
37 192 10 10 293990
36 191 12 12 356706
35 190 14 14 428865
34 189 16 16 518001
33 188 18 18 623478
40 195 4 4 136599
39 194 6 6 189304
38 193 8 8 241631
37 192 10 10 301098
36 191 12 12 371990
35 190 14 14 455829
34 189 16 16 550608
33 188 18 18 653585
40 195 4 4 136059
39 194 6 6 185481
38 193 8 8 240270
37 192 10 10 299813
36 191 12 12 378733
35 190 14 14 454655
34 189 16 16 554702
33 188 18 18 654365
40 195 4 4 148308
39 194 6 6 199853
38 193 8 8 246964
37 192 10 10 305550
36 191 12 12 375588
35 190 14 14 452241
34 189 16 16 538887
33 188 18 18 639289
40 195 4 4 142968
39 194 6 6 198019
38 193 8 8 247261
37 192 10 10 304988
36 191 12 12 376165
35 190 14 14 458858
34 189 16 16 550595
33 188 18 18 652674
40 195 4 4 134900
39 194 6 6 190672
38 193 8 8 242844
37 192 10 10 297756
36 191 12 12 365576
35 190 14 14 438224
34 189 16 16 523330
33 188 18 18 625211
40 195 4 4 148690
39 194 6 6 199145
38 193 8 8 255305
37 192 10 10 314860
36 191 12 12 376278
35 190 14 14 463091
34 189 16 16 552868
33 188 18 18 645062
40 195 4 4 145161
39 194 6 6 195017
38 193 8 8 248527
37 192 10 10 311772
36 191 12 12 377555
35 190 14 14 461226
34 189 16 16 548726
33 188 18 18 642768
40 195 4 4 136843
39 194 6 6 197144
38 193 8 8 247461
37 192 10 10 306374
36 191 12 12 377602
35 190 14 14 462791
34 189 16 16 554216
33 188 18 18 657584
40 195 4 4 144590
39 194 6 6 190121
38 193 8 8 244030
37 192 10 10 300063
36 191 12 12 364229
35 190 14 14 439851
34 189 16 16 528208
33 188 18 18 629147
40 195 4 4 131849
39 194 6 6 190831
38 193 8 8 239570
37 192 10 10 303355
36 191 12 12 374602
35 190 14 14 451584
34 189 16 16 543619
33 188 18 18 634456
40 195 4 4 134248
39 194 6 6 177463
38 193 8 8 236535
37 192 10 10 299642
36 191 12 12 361739
35 190 14 14 442748
34 189 16 16 527122
33 188 18 18 627515
40 195 4 4 140094
39 194 6 6 194423
38 193 8 8 250038
37 192 10 10 312151
36 191 12 12 372778
35 190 14 14 455756
34 189 16 16 550622
33 188 18 18 664093
40 195 4 4 141660
39 194 6 6 196226
38 193 8 8 252484
37 192 10 10 314643
36 191 12 12 385787
35 190 14 14 462502
34 189 16 16 561738
33 188 18 18 651299
40 195 4 4 149377
39 194 6 6 195339
38 193 8 8 246640
37 192 10 10 308622
36 191 12 12 382753
35 190 14 14 474274
34 189 16 16 563913
33 188 18 18 662386
40 195 4 4 136822
39 194 6 6 186172
38 193 8 8 235557
37 192 10 10 296619
36 191 12 12 364751
35 190 14 14 443025
34 189 16 16 526262
33 188 18 18 630011
40 195 4 4 140432
39 194 6 6 194002
38 193 8 8 247240
37 192 10 10 306645
36 191 12 12 371864
35 190 14 14 438957
34 189 16 16 525295
33 188 18 18 628956
40 195 4 4 147676
39 194 6 6 205932
38 193 8 8 259840
37 192 10 10 315491
36 191 12 12 382916
35 190 14 14 456860
34 189 16 16 547929
33 188 18 18 650726
40 195 4 4 147120
39 194 6 6 204459
38 193 8 8 252179
37 192 10 10 308155
36 191 12 12 370762
35 190 14 14 450464
34 189 16 16 534552
33 188 18 18 640519
40 195 4 4 138441
39 194 6 6 189748
38 193 8 8 240113
37 192 10 10 296207
36 191 12 12 378068
35 190 14 14 449266
34 189 16 16 542925
33 188 18 18 640676
40 195 4 4 125260
39 194 6 6 170941
38 193 8 8 226741
37 192 10 10 288639
36 191 12 12 361287
35 190 14 14 439193
34 189 16 16 528145
33 188 18 18 629185
40 195 4 4 116604
39 194 6 6 174140
38 193 8 8 227945
37 192 10 10 295938
36 191 12 12 362972
35 190 14 14 440960
34 189 16 16 530297
33 188 18 18 633705
40 195 4 4 107654
39 194 6 6 164879
38 193 8 8 228171
37 192 10 10 294774
36 191 12 12 374808
35 190 14 14 461001
34 189 16 16 560401
33 188 18 18 667209
40 195 4 4 115891
39 194 6 6 167693
38 193 8 8 219643
37 192 10 10 282519
36 191 12 12 352259
35 190 14 14 437052
34 189 16 16 523769
33 188 18 18 625212
40 195 4 4 142770
39 194 6 6 191487
38 193 8 8 247831
37 192 10 10 307783
36 191 12 12 374399
35 190 14 14 456549
34 189 16 16 550825
33 188 18 18 650938
40 195 4 4 145376
39 194 6 6 189204
38 193 8 8 239207
37 192 10 10 296102
36 191 12 12 364544
35 190 14 14 441593
34 189 16 16 531294
33 188 18 18 633450
40 195 4 4 137841
39 194 6 6 189122
38 193 8 8 234231
37 192 10 10 290367
36 191 12 12 359895
35 190 14 14 436797
34 189 16 16 525560
33 188 18 18 629087
40 195 4 4 142212
39 194 6 6 204080
38 193 8 8 253651
37 192 10 10 313740
36 191 12 12 376579
35 190 14 14 461577
34 189 16 16 544088
33 188 18 18 640880
40 195 4 4 143007
39 194 6 6 191216
38 193 8 8 243766
37 192 10 10 301921
36 191 12 12 376985
35 190 14 14 447425
34 189 16 16 528899
33 188 18 18 627129
40 195 4 4 137178
39 194 6 6 185872
38 193 8 8 234940
37 192 10 10 294145
36 191 12 12 360153
35 190 14 14 439063
34 189 16 16 531130
33 188 18 18 622650
40 195 4 4 131642
39 194 6 6 180861
38 193 8 8 226632
37 192 10 10 278651
36 191 12 12 343911
35 190 14 14 415392
34 189 16 16 512935
33 188 18 18 613654
40 195 4 4 150270
39 194 6 6 202700
38 193 8 8 255186
37 192 10 10 313648
36 191 12 12 383611
35 190 14 14 460011
34 189 16 16 557951
33 188 18 18 653145
40 195 4 4 146061
39 194 6 6 201350
38 193 8 8 258152
37 192 10 10 314925
36 191 12 12 381174
35 190 14 14 461118
34 189 16 16 546885
33 188 18 18 638362
40 195 4 4 147722
39 194 6 6 204475
38 193 8 8 254545
37 192 10 10 314655
36 191 12 12 380280
35 190 14 14 451747
34 189 16 16 535972
33 188 18 18 629875
40 195 4 4 142800
39 194 6 6 195957
38 193 8 8 253216
37 192 10 10 312536
36 191 12 12 375555
35 190 14 14 448129
34 189 16 16 528827
33 188 18 18 618217
40 195 4 4 132114
39 194 6 6 176969
38 193 8 8 228402
37 192 10 10 286982
36 191 12 12 351900
35 190 14 14 422539
34 189 16 16 506338
33 188 18 18 609071
40 195 4 4 149492
39 194 6 6 200928
38 193 8 8 250334
37 192 10 10 307488
36 191 12 12 373029
35 190 14 14 444220
34 189 16 16 535612
33 188 18 18 629539
40 195 4 4 132817
39 194 6 6 183022
38 193 8 8 237737
37 192 10 10 289350
36 191 12 12 362822
35 190 14 14 433781
34 189 16 16 523121
33 188 18 18 615744
40 195 4 4 140522
39 194 6 6 195602
38 193 8 8 241955
37 192 10 10 297000
36 191 12 12 362795
35 190 14 14 440652
34 189 16 16 528531
33 188 18 18 619829
40 195 4 4 143279
39 194 6 6 194613
38 193 8 8 241218
37 192 10 10 293604
36 191 12 12 359754
35 190 14 14 436324
34 189 16 16 528165
33 188 18 18 622369
40 195 4 4 142324
39 194 6 6 191609
38 193 8 8 245019
37 192 10 10 303431
36 191 12 12 377467
35 190 14 14 457314
34 189 16 16 541700
33 188 18 18 639124
40 195 4 4 143828
39 194 6 6 195756
38 193 8 8 245966
37 192 10 10 306357
36 191 12 12 376479
35 190 14 14 461033
34 189 16 16 560029
33 188 18 18 658758
40 195 4 4 141034
39 194 6 6 190706
38 193 8 8 237693
37 192 10 10 293608
36 191 12 12 358779
35 190 14 14 429558
34 189 16 16 515815
33 188 18 18 614876
40 195 4 4 145327
39 194 6 6 200000
38 193 8 8 250275
37 192 10 10 308792
36 191 12 12 371750
35 190 14 14 445999
34 189 16 16 529284
33 188 18 18 623122
40 195 4 4 145805
39 194 6 6 202568
38 193 8 8 256879
37 192 10 10 317138
36 191 12 12 385921
35 190 14 14 466599
34 189 16 16 558163
33 188 18 18 665484
40 195 4 4 145286
39 194 6 6 201595
38 193 8 8 248215
37 192 10 10 306327
36 191 12 12 378704
35 190 14 14 461790
34 189 16 16 563737
33 188 18 18 662909
40 195 4 4 134873
39 194 6 6 188837
38 193 8 8 238252
37 192 10 10 291027
36 191 12 12 359834
35 190 14 14 435824
34 189 16 16 527598
33 188 18 18 636353
40 195 4 4 148281
39 194 6 6 203123
38 193 8 8 253395
37 192 10 10 308550
36 191 12 12 378190
35 190 14 14 453354
34 189 16 16 540645
33 188 18 18 641251
40 195 4 4 145901
39 194 6 6 199578
38 193 8 8 252840
37 192 10 10 306565
36 191 12 12 368545
35 190 14 14 440209
34 189 16 16 541313
33 188 18 18 648494
40 195 4 4 134392
39 194 6 6 184891
38 193 8 8 231188
37 192 10 10 289490
36 191 12 12 357389
35 190 14 14 437205
34 189 16 16 535300
33 188 18 18 633849
40 195 4 4 145997
39 194 6 6 193929
38 193 8 8 246595
37 192 10 10 304851
36 191 12 12 369570
35 190 14 14 456829
34 189 16 16 542002
33 188 18 18 644275
40 195 4 4 130327
39 194 6 6 178576
38 193 8 8 230815
37 192 10 10 294649
36 191 12 12 360498
35 190 14 14 440128
34 189 16 16 520501
33 188 18 18 620514
40 195 4 4 139435
39 194 6 6 195724
38 193 8 8 248964
37 192 10 10 302570
36 191 12 12 369372
35 190 14 14 460623
34 189 16 16 552108
33 188 18 18 658460
40 195 4 4 132900
39 194 6 6 186967
38 193 8 8 239054
37 192 10 10 297455
36 191 12 12 364706
35 190 14 14 450039
34 189 16 16 537383
33 188 18 18 633463
40 195 4 4 137297
39 194 6 6 187337
38 193 8 8 238096
37 192 10 10 301009
36 191 12 12 376537
35 190 14 14 451024
34 189 16 16 533816
33 188 18 18 628717
40 195 4 4 136862
39 194 6 6 188649
38 193 8 8 232783
37 192 10 10 286026
36 191 12 12 357450
35 190 14 14 439355
34 189 16 16 518715
33 188 18 18 610604
40 195 4 4 141294
39 194 6 6 193147
38 193 8 8 241374
37 192 10 10 302412
36 191 12 12 367831
35 190 14 14 458252
34 189 16 16 546562
33 188 18 18 650834
40 195 4 4 139265
39 194 6 6 193156
38 193 8 8 237943
37 192 10 10 295154
36 191 12 12 368490
35 190 14 14 448013
34 189 16 16 534948
33 188 18 18 630967
40 195 4 4 130828
39 194 6 6 187894
38 193 8 8 232595
37 192 10 10 294461
36 191 12 12 363648
35 190 14 14 438466
34 189 16 16 532712
33 188 18 18 632242
40 195 4 4 138756
39 194 6 6 189179
38 193 8 8 239790
37 192 10 10 306420
36 191 12 12 372505
35 190 14 14 454867
34 189 16 16 542874
33 188 18 18 635251
40 195 4 4 136244
39 194 6 6 190500
38 193 8 8 247017
37 192 10 10 306210
36 191 12 12 373191
35 190 14 14 456381
34 189 16 16 541131
33 188 18 18 648293
40 195 4 4 138386
39 194 6 6 187348
38 193 8 8 236126
37 192 10 10 296303
36 191 12 12 362666
35 190 14 14 441784
34 189 16 16 536764
33 188 18 18 635205
40 195 4 4 133942
39 194 6 6 183082
38 193 8 8 232645
37 192 10 10 292216
36 191 12 12 363829
35 190 14 14 446870
34 189 16 16 530740
33 188 18 18 625316
40 195 4 4 139597
39 194 6 6 188611
38 193 8 8 241643
37 192 10 10 309307
36 191 12 12 373453
35 190 14 14 452751
34 189 16 16 536599
33 188 18 18 634289
40 195 4 4 138333
39 194 6 6 188580
38 193 8 8 240339
37 192 10 10 296664
36 191 12 12 364423
35 190 14 14 441707
34 189 16 16 521859
33 188 18 18 627474
40 195 4 4 136534
39 194 6 6 184145
38 193 8 8 240578
37 192 10 10 301555
36 191 12 12 367414
35 190 14 14 440098
34 189 16 16 532262
33 188 18 18 624411
40 195 4 4 150374
39 194 6 6 202271
38 193 8 8 247125
37 192 10 10 311978
36 191 12 12 376049
35 190 14 14 455901
34 189 16 16 543657
33 188 18 18 644583
40 195 4 4 138037
39 194 6 6 187754
38 193 8 8 240092
37 192 10 10 296178
36 191 12 12 364327
35 190 14 14 438242
34 189 16 16 525823
33 188 18 18 620679
40 195 4 4 142984
39 194 6 6 191462
38 193 8 8 240279
37 192 10 10 302489
36 191 12 12 372003
35 190 14 14 452690
34 189 16 16 542377
33 188 18 18 643231
40 195 4 4 134323
39 194 6 6 189661
38 193 8 8 237009
37 192 10 10 299427
36 191 12 12 361546
35 190 14 14 436102
34 189 16 16 522876
33 188 18 18 614525
40 195 4 4 139064
39 194 6 6 187750
38 193 8 8 236153
37 192 10 10 292332
36 191 12 12 362331
35 190 14 14 440001
34 189 16 16 531999
33 188 18 18 636909
40 195 4 4 133309
39 194 6 6 182237
38 193 8 8 232949
37 192 10 10 299633
36 191 12 12 366395
35 190 14 14 455739
34 189 16 16 541903
33 188 18 18 636839
40 195 4 4 124471
39 194 6 6 178051
38 193 8 8 229799
37 192 10 10 285768
36 191 12 12 357811
35 190 14 14 433254
34 189 16 16 525030
33 188 18 18 616265
40 195 4 4 131054
39 194 6 6 185565
38 193 8 8 237973
37 192 10 10 297873
36 191 12 12 364569
35 190 14 14 448473
34 189 16 16 531288
33 188 18 18 639791
40 195 4 4 148978
39 194 6 6 196056
38 193 8 8 249021
37 192 10 10 306000
36 191 12 12 375980
35 190 14 14 452115
34 189 16 16 539223
33 188 18 18 641428
40 195 4 4 140363
39 194 6 6 194736
38 193 8 8 248419
37 192 10 10 311816
36 191 12 12 380722
35 190 14 14 463000
34 189 16 16 551676
33 188 18 18 651108
40 195 4 4 134335
39 194 6 6 185343
38 193 8 8 234925
37 192 10 10 296847
36 191 12 12 361709
35 190 14 14 434565
34 189 16 16 519512
33 188 18 18 620704
40 195 4 4 140518
39 194 6 6 192144
38 193 8 8 242451
37 192 10 10 299273
36 191 12 12 370399
35 190 14 14 453329
34 189 16 16 545143
33 188 18 18 640342
40 195 4 4 134842
39 194 6 6 188896
38 193 8 8 238607
37 192 10 10 292859
36 191 12 12 359409
35 190 14 14 433428
34 189 16 16 517068
33 188 18 18 606646
40 195 4 4 137257
39 194 6 6 185069
38 193 8 8 231453
37 192 10 10 286594
36 191 12 12 347469
35 190 14 14 428176
34 189 16 16 515765
33 188 18 18 615202
40 195 4 4 148507
39 194 6 6 190815
38 193 8 8 244056
37 192 10 10 299671
36 191 12 12 368467
35 190 14 14 446065
34 189 16 16 534866
33 188 18 18 626575
40 195 4 4 131561
39 194 6 6 186098
38 193 8 8 234756
37 192 10 10 296839
36 191 12 12 362989
35 190 14 14 440813
34 189 16 16 530910
33 188 18 18 630330
40 195 4 4 125999
39 194 6 6 175155
38 193 8 8 227044
37 192 10 10 289277
36 191 12 12 358322
35 190 14 14 441439
34 189 16 16 528102
33 188 18 18 618860
40 195 4 4 147042
39 194 6 6 193715
38 193 8 8 244895
37 192 10 10 300671
36 191 12 12 362085
35 190 14 14 442812
34 189 16 16 533337
33 188 18 18 629776
40 195 4 4 144740
39 194 6 6 196085
38 193 8 8 241552
37 192 10 10 304748
36 191 12 12 376071
35 190 14 14 454816
34 189 16 16 545044
33 188 18 18 639104
40 195 4 4 137135
39 194 6 6 184924
38 193 8 8 239510
37 192 10 10 298523
36 191 12 12 364991
35 190 14 14 438416
34 189 16 16 539183
33 188 18 18 641546
40 195 4 4 132079
39 194 6 6 174972
38 193 8 8 224547
37 192 10 10 291683
36 191 12 12 362484
35 190 14 14 438738
34 189 16 16 528030
33 188 18 18 625461
40 195 4 4 129023
39 194 6 6 181414
38 193 8 8 232549
37 192 10 10 292538
36 191 12 12 361609
35 190 14 14 437323
34 189 16 16 522702
33 188 18 18 624778
40 195 4 4 138189
39 194 6 6 188021
38 193 8 8 236541
37 192 10 10 290572
36 191 12 12 356207
35 190 14 14 435629
34 189 16 16 523342
33 188 18 18 620579
40 195 4 4 139534
39 194 6 6 187535
38 193 8 8 237381
37 192 10 10 288943
36 191 12 12 359027
35 190 14 14 435619
34 189 16 16 529725
33 188 18 18 630074
40 195 4 4 134282
39 194 6 6 183598
38 193 8 8 232801
37 192 10 10 289487
36 191 12 12 353112
35 190 14 14 431927
34 189 16 16 516785
33 188 18 18 619872
40 195 4 4 132145
39 194 6 6 183009
38 193 8 8 236931
37 192 10 10 292981
36 191 12 12 360444
35 190 14 14 441184
34 189 16 16 531000
33 188 18 18 632849
40 195 4 4 137089
39 194 6 6 194768
38 193 8 8 243824
37 192 10 10 306057
36 191 12 12 377132
35 190 14 14 456133
34 189 16 16 551277
33 188 18 18 642159
40 195 4 4 130592
39 194 6 6 186276
38 193 8 8 238544
37 192 10 10 299130
36 191 12 12 362347
35 190 14 14 437726
34 189 16 16 528151
33 188 18 18 623865
40 195 4 4 144059
39 194 6 6 199747
38 193 8 8 248106
37 192 10 10 306484
36 191 12 12 378273
35 190 14 14 454230
34 189 16 16 545513
33 188 18 18 639788
40 195 4 4 130220
39 194 6 6 185005
38 193 8 8 234066
37 192 10 10 290913
36 191 12 12 363001
35 190 14 14 440012
34 189 16 16 527301
33 188 18 18 623576
40 195 4 4 133309
39 194 6 6 184819
38 193 8 8 227946
37 192 10 10 285875
36 191 12 12 360368
35 190 14 14 439028
34 189 16 16 520309
33 188 18 18 617543
40 195 4 4 153138
39 194 6 6 206261
38 193 8 8 254119
37 192 10 10 305126
36 191 12 12 372128
35 190 14 14 446533
34 189 16 16 534406
33 188 18 18 631295
40 195 4 4 120965
39 194 6 6 167415
38 193 8 8 218364
37 192 10 10 277351
36 191 12 12 343967
35 190 14 14 419028
34 189 16 16 503213
33 188 18 18 601352
40 195 4 4 141996
39 194 6 6 198822
38 193 8 8 242910
37 192 10 10 304992
36 191 12 12 372788
35 190 14 14 446741
34 189 16 16 535646
33 188 18 18 639744
40 195 4 4 135142
39 194 6 6 188786
38 193 8 8 239135
37 192 10 10 298827
36 191 12 12 363319
35 190 14 14 436049
34 189 16 16 520120
33 188 18 18 615333
40 195 4 4 141786
39 194 6 6 191496
38 193 8 8 240690
37 192 10 10 297373
36 191 12 12 368422
35 190 14 14 446867
34 189 16 16 533464
33 188 18 18 626103
40 195 4 4 136358
39 194 6 6 186227
38 193 8 8 236613
37 192 10 10 296409
36 191 12 12 364804
35 190 14 14 440757
34 189 16 16 521983
33 188 18 18 612260
40 195 4 4 139539
39 194 6 6 185798
38 193 8 8 240652
37 192 10 10 300726
36 191 12 12 368367
35 190 14 14 451184
34 189 16 16 536719
33 188 18 18 636150
40 195 4 4 132224
39 194 6 6 182785
38 193 8 8 237882
37 192 10 10 292996
36 191 12 12 359011
35 190 14 14 433970
34 189 16 16 520814
33 188 18 18 621371
40 195 4 4 138363
39 194 6 6 190890
38 193 8 8 241871
37 192 10 10 302088
36 191 12 12 365547
35 190 14 14 437871
34 189 16 16 527869
33 188 18 18 627353
40 195 4 4 135875
39 194 6 6 187292
38 193 8 8 238009
37 192 10 10 294344
36 191 12 12 360207
35 190 14 14 435421
34 189 16 16 521963
33 188 18 18 611202
40 195 4 4 137996
39 194 6 6 186034
38 193 8 8 241072
37 192 10 10 301141
36 191 12 12 368656
35 190 14 14 447631
34 189 16 16 530281
33 188 18 18 631905
40 195 4 4 145386
39 194 6 6 196572
38 193 8 8 246928
37 192 10 10 302169
36 191 12 12 369705
35 190 14 14 451486
34 189 16 16 543000
33 188 18 18 630702
40 195 4 4 150130
39 194 6 6 203566
38 193 8 8 258958
37 192 10 10 313976
36 191 12 12 386506
35 190 14 14 461084
34 189 16 16 556928
33 188 18 18 658522
40 195 4 4 139945
39 194 6 6 191783
38 193 8 8 250682
37 192 10 10 308028
36 191 12 12 369969
35 190 14 14 450556
34 189 16 16 544142
33 188 18 18 639909
40 195 4 4 138754
39 194 6 6 189310
38 193 8 8 234003
37 192 10 10 294449
36 191 12 12 355321
35 190 14 14 430563
34 189 16 16 526192
33 188 18 18 623259
40 195 4 4 131200
39 194 6 6 181523
38 193 8 8 238151
37 192 10 10 287486
36 191 12 12 355998
35 190 14 14 432953
34 189 16 16 518897
33 188 18 18 619596
40 195 4 4 130383
39 194 6 6 177954
38 193 8 8 226513
37 192 10 10 292358
36 191 12 12 359373
35 190 14 14 432282
34 189 16 16 513927
33 188 18 18 610409
40 195 4 4 130085
39 194 6 6 179219
38 193 8 8 233113
37 192 10 10 285082
36 191 12 12 351713
35 190 14 14 424665
34 189 16 16 508179
33 188 18 18 606241
40 195 4 4 134568
39 194 6 6 188505
38 193 8 8 240585
37 192 10 10 303636
36 191 12 12 365223
35 190 14 14 444758
34 189 16 16 528731
33 188 18 18 622898
40 195 4 4 138448
39 194 6 6 182757
38 193 8 8 231350
37 192 10 10 287716
36 191 12 12 359507
35 190 14 14 441341
34 189 16 16 526910
33 188 18 18 616790
40 195 4 4 132191
39 194 6 6 185431
38 193 8 8 235475
37 192 10 10 294130
36 191 12 12 356822
35 190 14 14 434916
34 189 16 16 530747
33 188 18 18 636504
40 195 4 4 128719
39 194 6 6 173950
38 193 8 8 226745
37 192 10 10 287818
36 191 12 12 355468
35 190 14 14 429992
34 189 16 16 510909
33 188 18 18 607412
40 195 4 4 137287
39 194 6 6 184527
38 193 8 8 233422
37 192 10 10 297676
36 191 12 12 367430
35 190 14 14 447129
34 189 16 16 543007
33 188 18 18 637797
40 195 4 4 127798
39 194 6 6 178108
38 193 8 8 222795
37 192 10 10 284238
36 191 12 12 346583
35 190 14 14 426171
34 189 16 16 513912
33 188 18 18 612320
40 195 4 4 140239
39 194 6 6 187797
38 193 8 8 239602
37 192 10 10 297630
36 191 12 12 358322
35 190 14 14 434317
34 189 16 16 522069
33 188 18 18 625463
40 195 4 4 130215
39 194 6 6 182288
38 193 8 8 230991
37 192 10 10 287232
36 191 12 12 351856
35 190 14 14 428023
34 189 16 16 509894
33 188 18 18 596754
40 195 4 4 129697
39 194 6 6 181425
38 193 8 8 238469
37 192 10 10 296743
36 191 12 12 365280
35 190 14 14 440640
34 189 16 16 529701
33 188 18 18 626924
40 195 4 4 133949
39 194 6 6 183774
38 193 8 8 243505
37 192 10 10 298882
36 191 12 12 363893
35 190 14 14 436846
34 189 16 16 526671
33 188 18 18 622335
40 195 4 4 132823
39 194 6 6 186195
38 193 8 8 233785
37 192 10 10 292946
36 191 12 12 370559
35 190 14 14 443654
34 189 16 16 536205
33 188 18 18 632010
40 195 4 4 128956
39 194 6 6 174797
38 193 8 8 221541
37 192 10 10 278045
36 191 12 12 339474
35 190 14 14 415454
34 189 16 16 494933
33 188 18 18 590407
40 195 4 4 139409
39 194 6 6 193330
38 193 8 8 243569
37 192 10 10 302261
36 191 12 12 367499
35 190 14 14 442255
34 189 16 16 525678
33 188 18 18 624355
40 195 4 4 135946
39 194 6 6 187761
38 193 8 8 232484
37 192 10 10 289071
36 191 12 12 349768
35 190 14 14 427223
34 189 16 16 508021
33 188 18 18 609653
40 195 4 4 128624
39 194 6 6 181695
38 193 8 8 232243
37 192 10 10 286768
36 191 12 12 347952
35 190 14 14 415904
34 189 16 16 495229
33 188 18 18 584875
40 195 4 4 128216
39 194 6 6 173942
38 193 8 8 223308
37 192 10 10 287967
36 191 12 12 356740
35 190 14 14 433453
34 189 16 16 516626
33 188 18 18 614380
40 195 4 4 127948
39 194 6 6 181187
38 193 8 8 237619
37 192 10 10 301828
36 191 12 12 365271
35 190 14 14 441194
34 189 16 16 529957
33 188 18 18 626442
40 195 4 4 136479
39 194 6 6 185578
38 193 8 8 237067
37 192 10 10 301324
36 191 12 12 372274
35 190 14 14 441906
34 189 16 16 540321
33 188 18 18 638151
40 195 4 4 130815
39 194 6 6 186198
38 193 8 8 236127
37 192 10 10 294331
36 191 12 12 352732
35 190 14 14 427153
34 189 16 16 510217
33 188 18 18 606992
40 195 4 4 136767
39 194 6 6 186087
38 193 8 8 235624
37 192 10 10 293893
36 191 12 12 360242
35 190 14 14 433493
34 189 16 16 519697
33 188 18 18 612110
40 195 4 4 134399
39 194 6 6 183370
38 193 8 8 232886
37 192 10 10 292219
36 191 12 12 354342
35 190 14 14 430254
34 189 16 16 510974
33 188 18 18 605112
40 195 4 4 138451
39 194 6 6 187928
38 193 8 8 239050
37 192 10 10 293378
36 191 12 12 359769
35 190 14 14 434436
34 189 16 16 515506
33 188 18 18 608193
40 195 4 4 143487
39 194 6 6 194927
38 193 8 8 245475
37 192 10 10 301590
36 191 12 12 361990
35 190 14 14 438176
34 189 16 16 527492
33 188 18 18 621829
40 195 4 4 128799
39 194 6 6 177771
38 193 8 8 227612
37 192 10 10 282448
36 191 12 12 345100
35 190 14 14 416101
34 189 16 16 506323
33 188 18 18 605811
40 195 4 4 135736
39 194 6 6 189764
38 193 8 8 247523
37 192 10 10 308065
36 191 12 12 370671
35 190 14 14 445422
34 189 16 16 536088
33 188 18 18 639583
40 195 4 4 128080
39 194 6 6 177406
38 193 8 8 225298
37 192 10 10 283671
36 191 12 12 355610
35 190 14 14 423513
34 189 16 16 505721
33 188 18 18 612008
40 195 4 4 122180
39 194 6 6 175670
38 193 8 8 225794
37 192 10 10 288002
36 191 12 12 353013
35 190 14 14 424377
34 189 16 16 510917
33 188 18 18 605706
40 195 4 4 137312
39 194 6 6 187468
38 193 8 8 236990
37 192 10 10 292417
36 191 12 12 361801
35 190 14 14 436861
34 189 16 16 521179
33 188 18 18 624638
40 195 4 4 132325
39 194 6 6 184837
38 193 8 8 227266
37 192 10 10 292269
36 191 12 12 354795
35 190 14 14 435245
34 189 16 16 520801
33 188 18 18 613254
40 195 4 4 130242
39 194 6 6 185466
38 193 8 8 233349
37 192 10 10 289410
36 191 12 12 353895
35 190 14 14 431128
34 189 16 16 514481
33 188 18 18 613727
40 195 4 4 140867
39 194 6 6 190081
38 193 8 8 238958
37 192 10 10 290935
36 191 12 12 355813
35 190 14 14 426157
34 189 16 16 519244
33 188 18 18 613210
40 195 4 4 132938
39 194 6 6 186155
38 193 8 8 232053
37 192 10 10 289621
36 191 12 12 357475
35 190 14 14 426614
34 189 16 16 521051
33 188 18 18 618303
40 195 4 4 126548
39 194 6 6 173990
38 193 8 8 227369
37 192 10 10 286203
36 191 12 12 344515
35 190 14 14 424185
34 189 16 16 520497
33 188 18 18 609638
40 195 4 4 129326
39 194 6 6 187759
38 193 8 8 239767
37 192 10 10 301192
36 191 12 12 370507
35 190 14 14 454034
34 189 16 16 544838
33 188 18 18 642552
40 195 4 4 124334
39 194 6 6 176180
38 193 8 8 224809
37 192 10 10 287680
36 191 12 12 357548
35 190 14 14 436960
34 189 16 16 525376
33 188 18 18 627151
40 195 4 4 123645
39 194 6 6 174328
38 193 8 8 225466
37 192 10 10 290032
36 191 12 12 359080
35 190 14 14 427157
34 189 16 16 517857
33 188 18 18 613608
40 195 4 4 114615
39 194 6 6 169328
38 193 8 8 217158
37 192 10 10 272472
36 191 12 12 338468
35 190 14 14 414788
34 189 16 16 501126
33 188 18 18 596418
40 195 4 4 124946
39 194 6 6 179746
38 193 8 8 227811
37 192 10 10 286394
36 191 12 12 347148
35 190 14 14 416875
34 189 16 16 498758
33 188 18 18 607509
40 195 4 4 131831
39 194 6 6 184250
38 193 8 8 231207
37 192 10 10 297081
36 191 12 12 366764
35 190 14 14 439215
34 189 16 16 536035
33 188 18 18 625125
40 195 4 4 140260
39 194 6 6 197606
38 193 8 8 244686
37 192 10 10 306282
36 191 12 12 369499
35 190 14 14 441137
34 189 16 16 524531
33 188 18 18 623022
40 195 4 4 127561
39 194 6 6 184783
38 193 8 8 232351
37 192 10 10 289827
36 191 12 12 360222
35 190 14 14 433720
34 189 16 16 520871
33 188 18 18 608288
40 195 4 4 128768
39 194 6 6 174356
38 193 8 8 225527
37 192 10 10 280849
36 191 12 12 346524
35 190 14 14 425941
34 189 16 16 516000
33 188 18 18 612796
40 195 4 4 138146
39 194 6 6 192270
38 193 8 8 242919
37 192 10 10 302622
36 191 12 12 365148
35 190 14 14 444667
34 189 16 16 531875
33 188 18 18 625144
40 195 4 4 134883
39 194 6 6 182985
38 193 8 8 234011
37 192 10 10 289228
36 191 12 12 355065
35 190 14 14 428086
34 189 16 16 527216
33 188 18 18 625565
40 195 4 4 133989
39 194 6 6 191470
38 193 8 8 241691
37 192 10 10 297850
36 191 12 12 366933
35 190 14 14 443705
34 189 16 16 529821
33 188 18 18 634547
40 195 4 4 126487
39 194 6 6 177759
38 193 8 8 221754
37 192 10 10 283513
36 191 12 12 350206
35 190 14 14 425240
34 189 16 16 512288
33 188 18 18 607927
40 195 4 4 124398
39 194 6 6 174265
38 193 8 8 224634
37 192 10 10 281245
36 191 12 12 345771
35 190 14 14 415491
34 189 16 16 508478
33 188 18 18 604678
40 195 4 4 129170
39 194 6 6 178274
38 193 8 8 225031
37 192 10 10 282997
36 191 12 12 355954
35 190 14 14 436082
34 189 16 16 524282
33 188 18 18 622845
40 195 4 4 131304
39 194 6 6 178059
38 193 8 8 233253
37 192 10 10 288748
36 191 12 12 358031
35 190 14 14 434435
34 189 16 16 522264
33 188 18 18 618338
40 195 4 4 129789
39 194 6 6 182170
38 193 8 8 236200
37 192 10 10 303575
36 191 12 12 375041
35 190 14 14 450369
34 189 16 16 543182
33 188 18 18 645700
40 195 4 4 125047
39 194 6 6 179840
38 193 8 8 230622
37 192 10 10 291362
36 191 12 12 363474
35 190 14 14 442552
34 189 16 16 524186
33 188 18 18 620879
40 195 4 4 130112
39 194 6 6 179696
38 193 8 8 232651
37 192 10 10 294038
36 191 12 12 364216
35 190 14 14 442659
34 189 16 16 530427
33 188 18 18 627532
40 195 4 4 130968
39 194 6 6 185726
38 193 8 8 235598
37 192 10 10 292251
36 191 12 12 355120
35 190 14 14 431718
34 189 16 16 506669
33 188 18 18 596905
40 195 4 4 136022
39 194 6 6 185858
38 193 8 8 232333
37 192 10 10 298032
36 191 12 12 361802
35 190 14 14 443348
34 189 16 16 531308
33 188 18 18 625210
40 195 4 4 135538
39 194 6 6 188012
38 193 8 8 234215
37 192 10 10 299088
36 191 12 12 361588
35 190 14 14 440410
34 189 16 16 531750
33 188 18 18 622644
40 195 4 4 125338
39 194 6 6 175037
38 193 8 8 231264
37 192 10 10 285104
36 191 12 12 349599
35 190 14 14 428100
34 189 16 16 512616
33 188 18 18 603726
40 195 4 4 145218
39 194 6 6 203632
38 193 8 8 251282
37 192 10 10 307814
36 191 12 12 375064
35 190 14 14 450067
34 189 16 16 539233
33 188 18 18 639004
40 195 4 4 127533
39 194 6 6 179296
38 193 8 8 224239
37 192 10 10 281761
36 191 12 12 349905
35 190 14 14 434605
34 189 16 16 523741
33 188 18 18 615841
40 195 4 4 137958
39 194 6 6 186155
38 193 8 8 238758
37 192 10 10 295715
36 191 12 12 361226
35 190 14 14 440675
34 189 16 16 524688
33 188 18 18 626163
40 195 4 4 137821
39 194 6 6 187863
38 193 8 8 239706
37 192 10 10 301290
36 191 12 12 360975
35 190 14 14 435720
34 189 16 16 523021
33 188 18 18 610424
40 195 4 4 133060
39 194 6 6 179518
38 193 8 8 228113
37 192 10 10 291814
36 191 12 12 355313
35 190 14 14 431073
34 189 16 16 513329
33 188 18 18 614644
40 195 4 4 128290
39 194 6 6 179153
38 193 8 8 230720
37 192 10 10 293494
36 191 12 12 361334
35 190 14 14 432455
34 189 16 16 521253
33 188 18 18 611470
40 195 4 4 128842
39 194 6 6 181551
38 193 8 8 235819
37 192 10 10 290501
36 191 12 12 351019
35 190 14 14 426993
34 189 16 16 515005
33 188 18 18 610359
40 195 4 4 128664
39 194 6 6 179201
38 193 8 8 227846
37 192 10 10 282634
36 191 12 12 351448
35 190 14 14 423207
34 189 16 16 503103
33 188 18 18 603281
40 195 4 4 124651
39 194 6 6 176487
38 193 8 8 228642
37 192 10 10 284860
36 191 12 12 346535
35 190 14 14 428154
34 189 16 16 514235
33 188 18 18 614201
40 195 4 4 138298
39 194 6 6 192342
38 193 8 8 248243
37 192 10 10 303021
36 191 12 12 369717
35 190 14 14 443995
34 189 16 16 526008
33 188 18 18 625812
40 195 4 4 124287
39 194 6 6 184504
38 193 8 8 238797
37 192 10 10 299175
36 191 12 12 363487
35 190 14 14 442858
34 189 16 16 535912
33 188 18 18 638361
40 195 4 4 130054
39 194 6 6 181381
38 193 8 8 226878
37 192 10 10 282768
36 191 12 12 345696
35 190 14 14 418142
34 189 16 16 496247
33 188 18 18 588596
40 195 4 4 122155
39 194 6 6 173743
38 193 8 8 231455
37 192 10 10 295332
36 191 12 12 369028
35 190 14 14 447440
34 189 16 16 535335
33 188 18 18 629101
40 195 4 4 136019
39 194 6 6 188739
38 193 8 8 235973
37 192 10 10 291684
36 191 12 12 355955
35 190 14 14 430224
34 189 16 16 522606
33 188 18 18 617340
40 195 4 4 120954
39 194 6 6 176166
38 193 8 8 225451
37 192 10 10 282800
36 191 12 12 347656
35 190 14 14 424130
34 189 16 16 507297
33 188 18 18 613162
40 195 4 4 119575
39 194 6 6 177157
38 193 8 8 227001
37 192 10 10 287241
36 191 12 12 357645
35 190 14 14 425822
34 189 16 16 514078
33 188 18 18 610282
40 195 4 4 145080
39 194 6 6 202266
38 193 8 8 253141
37 192 10 10 310536
36 191 12 12 379342
35 190 14 14 456915
34 189 16 16 545586
33 188 18 18 643690
40 195 4 4 141136
39 194 6 6 191237
38 193 8 8 233338
37 192 10 10 291672
36 191 12 12 357731
35 190 14 14 430733
34 189 16 16 516074
33 188 18 18 614876
40 195 4 4 134430
39 194 6 6 185031
38 193 8 8 235207
37 192 10 10 293922
36 191 12 12 356074
35 190 14 14 430903
34 189 16 16 519165
33 188 18 18 616156
40 195 4 4 126067
39 194 6 6 174994
38 193 8 8 226893
37 192 10 10 290197
36 191 12 12 360555
35 190 14 14 438949
34 189 16 16 526595
33 188 18 18 626702
40 195 4 4 136221
39 194 6 6 184717
38 193 8 8 231147
37 192 10 10 284842
36 191 12 12 352472
35 190 14 14 431945
34 189 16 16 519061
33 188 18 18 610993
40 195 4 4 127092
39 194 6 6 181819
38 193 8 8 231703
37 192 10 10 289710
36 191 12 12 360437
35 190 14 14 436962
34 189 16 16 522309
33 188 18 18 624433
40 195 4 4 119738
39 194 6 6 170058
38 193 8 8 223136
37 192 10 10 276777
36 191 12 12 344522
35 190 14 14 415432
34 189 16 16 498712
33 188 18 18 603231
40 195 4 4 139981
39 194 6 6 191700
38 193 8 8 244609
37 192 10 10 305602
36 191 12 12 373492
35 190 14 14 450248
34 189 16 16 540153
33 188 18 18 644590
40 195 4 4 145972
39 194 6 6 196044
38 193 8 8 251503
37 192 10 10 309405
36 191 12 12 375175
35 190 14 14 455612
34 189 16 16 534200
33 188 18 18 623753
40 195 4 4 137046
39 194 6 6 192786
38 193 8 8 246067
37 192 10 10 303281
36 191 12 12 366686
35 190 14 14 449145
34 189 16 16 534082
33 188 18 18 632595
40 195 4 4 130985
39 194 6 6 179849
38 193 8 8 233651
37 192 10 10 292886
36 191 12 12 360400
35 190 14 14 437959
34 189 16 16 521294
33 188 18 18 614191
40 195 4 4 127815
39 194 6 6 173365
38 193 8 8 229037
37 192 10 10 287918
36 191 12 12 348957
35 190 14 14 422482
34 189 16 16 510030
33 188 18 18 602846
40 195 4 4 132250
39 194 6 6 189600
38 193 8 8 236567
37 192 10 10 294853
36 191 12 12 364199
35 190 14 14 438470
34 189 16 16 529211
33 188 18 18 621349
40 195 4 4 130904
39 194 6 6 187446
38 193 8 8 242749
37 192 10 10 297446
36 191 12 12 361924
35 190 14 14 438860
34 189 16 16 530121
33 188 18 18 630189
40 195 4 4 125633
39 194 6 6 185646
38 193 8 8 236631
37 192 10 10 298102
36 191 12 12 372538
35 190 14 14 453441
34 189 16 16 548871
33 188 18 18 654215
40 195 4 4 141025
39 194 6 6 202134
38 193 8 8 250255
37 192 10 10 309848
36 191 12 12 368225
35 190 14 14 449271
34 189 16 16 536538
33 188 18 18 635203
40 195 4 4 131250
39 194 6 6 187622
38 193 8 8 241545
37 192 10 10 298590
36 191 12 12 363099
35 190 14 14 442750
34 189 16 16 527636
33 188 18 18 620877
40 195 4 4 131688
39 194 6 6 185642
38 193 8 8 236981
37 192 10 10 294613
36 191 12 12 361118
35 190 14 14 435815
34 189 16 16 531470
33 188 18 18 633319
40 195 4 4 128618
39 194 6 6 178206
38 193 8 8 233680
37 192 10 10 290163
36 191 12 12 359840
35 190 14 14 435276
34 189 16 16 520508
33 188 18 18 618639
40 195 4 4 130723
39 194 6 6 177297
38 193 8 8 229326
37 192 10 10 288626
36 191 12 12 342275
35 190 14 14 421850
34 189 16 16 512943
33 188 18 18 615888
40 195 4 4 131873
39 194 6 6 183452
38 193 8 8 230218
37 192 10 10 291161
36 191 12 12 356457
35 190 14 14 432798
34 189 16 16 517776
33 188 18 18 614925
40 195 4 4 135976
39 194 6 6 194748
38 193 8 8 242513
37 192 10 10 303797
36 191 12 12 370219
35 190 14 14 451863
34 189 16 16 548866
33 188 18 18 640820
40 195 4 4 129808
39 194 6 6 178241
38 193 8 8 231881
37 192 10 10 288681
36 191 12 12 352254
35 190 14 14 420210
34 189 16 16 504251
33 188 18 18 599305
40 195 4 4 130223
39 194 6 6 186327
38 193 8 8 243219
37 192 10 10 298375
36 191 12 12 356839
35 190 14 14 433234
34 189 16 16 522846
33 188 18 18 621497
40 195 4 4 132479
39 194 6 6 186453
38 193 8 8 238162
37 192 10 10 296329
36 191 12 12 358261
35 190 14 14 432289
34 189 16 16 524808
33 188 18 18 614331
40 195 4 4 134638
39 194 6 6 190393
38 193 8 8 242437
37 192 10 10 295886
36 191 12 12 362198
35 190 14 14 434939
34 189 16 16 525869
33 188 18 18 628467
40 195 4 4 136520
39 194 6 6 188914
38 193 8 8 234338
37 192 10 10 299856
36 191 12 12 370427
35 190 14 14 452204
34 189 16 16 538730
33 188 18 18 637882
40 195 4 4 134012
39 194 6 6 190137
38 193 8 8 232983
37 192 10 10 293080
36 191 12 12 363387
35 190 14 14 444899
34 189 16 16 526988
33 188 18 18 624118
40 195 4 4 137617
39 194 6 6 198739
38 193 8 8 254981
37 192 10 10 318630
36 191 12 12 387841
35 190 14 14 461006
34 189 16 16 539170
33 188 18 18 641190
40 195 4 4 136304
39 194 6 6 185015
38 193 8 8 234044
37 192 10 10 289922
36 191 12 12 348145
35 190 14 14 429380
34 189 16 16 510877
33 188 18 18 614774
40 195 4 4 133872
39 194 6 6 190289
38 193 8 8 238539
37 192 10 10 296840
36 191 12 12 361063
35 190 14 14 432473
34 189 16 16 523722
33 188 18 18 624176
40 195 4 4 131037
39 194 6 6 181337
38 193 8 8 232223
37 192 10 10 289990
36 191 12 12 353144
35 190 14 14 425309
34 189 16 16 505618
33 188 18 18 607650
40 195 4 4 135128
39 194 6 6 189772
38 193 8 8 239636
37 192 10 10 297785
36 191 12 12 364552
35 190 14 14 427773
34 189 16 16 511555
33 188 18 18 606420
40 195 4 4 143987
39 194 6 6 193481
38 193 8 8 241006
37 192 10 10 301245
36 191 12 12 362068
35 190 14 14 436382
34 189 16 16 525912
33 188 18 18 625210
40 195 4 4 119079
39 194 6 6 177853
38 193 8 8 228489
37 192 10 10 291717
36 191 12 12 360277
35 190 14 14 442656
34 189 16 16 528001
33 188 18 18 624302
40 195 4 4 132116
39 194 6 6 179981
38 193 8 8 232343
37 192 10 10 287450
36 191 12 12 353488
35 190 14 14 427013
34 189 16 16 516563
33 188 18 18 614873
40 195 4 4 132831
39 194 6 6 186143
38 193 8 8 238746
37 192 10 10 296372
36 191 12 12 363786
35 190 14 14 445340
34 189 16 16 534111
33 188 18 18 632369
40 195 4 4 124305
39 194 6 6 177473
38 193 8 8 228382
37 192 10 10 287756
36 191 12 12 347127
35 190 14 14 423685
34 189 16 16 519944
33 188 18 18 612618
40 195 4 4 122758
39 194 6 6 170493
38 193 8 8 223096
37 192 10 10 275661
36 191 12 12 344764
35 190 14 14 417362
34 189 16 16 500316
33 188 18 18 597678
40 195 4 4 128605
39 194 6 6 189621
38 193 8 8 243008
37 192 10 10 300067
36 191 12 12 370943
35 190 14 14 450738
34 189 16 16 541122
33 188 18 18 640734
40 195 4 4 128424
39 194 6 6 178991
38 193 8 8 224080
37 192 10 10 280960
36 191 12 12 344486
35 190 14 14 418245
34 189 16 16 508965
33 188 18 18 611632
40 195 4 4 117583
39 194 6 6 170595
38 193 8 8 221727
37 192 10 10 274759
36 191 12 12 340620
35 190 14 14 417567
34 189 16 16 504791
33 188 18 18 607046
40 195 4 4 126662
39 194 6 6 179096
38 193 8 8 227771
37 192 10 10 284215
36 191 12 12 352598
35 190 14 14 432905
34 189 16 16 519553
33 188 18 18 619818
40 195 4 4 136783
39 194 6 6 196130
38 193 8 8 251231
37 192 10 10 310207
36 191 12 12 380598
35 190 14 14 446856
34 189 16 16 521181
33 188 18 18 621468
40 195 4 4 129543
39 194 6 6 183361
38 193 8 8 231612
37 192 10 10 287260
36 191 12 12 356431
35 190 14 14 436223
34 189 16 16 532302
33 188 18 18 633314
40 195 4 4 125904
39 194 6 6 176286
38 193 8 8 222935
37 192 10 10 283390
36 191 12 12 351656
35 190 14 14 431383
34 189 16 16 520220
33 188 18 18 623168
40 195 4 4 119564
39 194 6 6 169758
38 193 8 8 217418
37 192 10 10 267364
36 191 12 12 333787
35 190 14 14 407255
34 189 16 16 491277
33 188 18 18 586299
40 195 4 4 126165
39 194 6 6 174252
38 193 8 8 228924
37 192 10 10 282880
36 191 12 12 356141
35 190 14 14 433614
34 189 16 16 523927
33 188 18 18 616674
40 195 4 4 128376
39 194 6 6 176092
38 193 8 8 228693
37 192 10 10 285305
36 191 12 12 354242
35 190 14 14 434972
34 189 16 16 520711
33 188 18 18 617344
40 195 4 4 134548
39 194 6 6 183518
38 193 8 8 237607
37 192 10 10 301618
36 191 12 12 380096
35 190 14 14 449902
34 189 16 16 535982
33 188 18 18 626661
40 195 4 4 127708
39 194 6 6 184118
38 193 8 8 233655
37 192 10 10 293523
36 191 12 12 359093
35 190 14 14 433099
34 189 16 16 516108
33 188 18 18 616213
40 195 4 4 126467
39 194 6 6 179249
38 193 8 8 231241
37 192 10 10 292011
36 191 12 12 360860
35 190 14 14 432706
34 189 16 16 521542
33 188 18 18 616702
40 195 4 4 124072
39 194 6 6 181636
38 193 8 8 240482
37 192 10 10 297042
36 191 12 12 364113
35 190 14 14 451035
34 189 16 16 547437
33 188 18 18 646986
40 195 4 4 131255
39 194 6 6 184085
38 193 8 8 242888
37 192 10 10 312013
36 191 12 12 394425
35 190 14 14 477760
34 189 16 16 574182
33 188 18 18 671859
40 195 4 4 118518
39 194 6 6 173162
38 193 8 8 228046
37 192 10 10 282857
36 191 12 12 350375
35 190 14 14 434508
34 189 16 16 521494
33 188 18 18 619655
40 195 4 4 122092
39 194 6 6 177808
38 193 8 8 231436
37 192 10 10 290155
36 191 12 12 353820
35 190 14 14 434998
34 189 16 16 523617
33 188 18 18 616238
40 195 4 4 121633
39 194 6 6 171246
38 193 8 8 227628
37 192 10 10 294929
36 191 12 12 356753
35 190 14 14 436154
34 189 16 16 524944
33 188 18 18 626265
40 195 4 4 133248
39 194 6 6 189449
38 193 8 8 246886
37 192 10 10 301444
36 191 12 12 360158
35 190 14 14 430296
34 189 16 16 511004
33 188 18 18 603531
40 195 4 4 133530
39 194 6 6 190238
38 193 8 8 240687
37 192 10 10 307427
36 191 12 12 381169
35 190 14 14 462393
34 189 16 16 550784
33 188 18 18 649578
40 195 4 4 122106
39 194 6 6 172252
38 193 8 8 234700
37 192 10 10 303313
36 191 12 12 372840
35 190 14 14 446891
34 189 16 16 539402
33 188 18 18 633353
40 195 4 4 135921
39 194 6 6 194131
38 193 8 8 244379
37 192 10 10 301180
36 191 12 12 365017
35 190 14 14 441538
34 189 16 16 535030
33 188 18 18 638262
40 195 4 4 126290
39 194 6 6 180258
38 193 8 8 234297
37 192 10 10 289728
36 191 12 12 364101
35 190 14 14 436024
34 189 16 16 523329
33 188 18 18 619569
40 195 4 4 113919
39 194 6 6 168617
38 193 8 8 224028
37 192 10 10 283185
36 191 12 12 351273
35 190 14 14 436008
34 189 16 16 527498
33 188 18 18 629021
40 195 4 4 124587
39 194 6 6 180306
38 193 8 8 228647
37 192 10 10 287293
36 191 12 12 357998
35 190 14 14 434090
34 189 16 16 513656
33 188 18 18 597971
40 195 4 4 132338
39 194 6 6 197456
38 193 8 8 242076
37 192 10 10 297689
36 191 12 12 371401
35 190 14 14 441153
34 189 16 16 539548
33 188 18 18 641713
40 195 4 4 123762
39 194 6 6 171326
38 193 8 8 225509
37 192 10 10 276806
36 191 12 12 349287
35 190 14 14 425013
34 189 16 16 516396
33 188 18 18 613335
40 195 4 4 127009
39 194 6 6 184152
38 193 8 8 234250
37 192 10 10 293302
36 191 12 12 357782
35 190 14 14 436858
34 189 16 16 524840
33 188 18 18 631102
40 195 4 4 120140
39 194 6 6 174764
38 193 8 8 222514
37 192 10 10 275056
36 191 12 12 339092
35 190 14 14 413548
34 189 16 16 503013
33 188 18 18 594490
40 195 4 4 127318
39 194 6 6 180254
38 193 8 8 235616
37 192 10 10 294841
36 191 12 12 366107
35 190 14 14 440938
34 189 16 16 530986
33 188 18 18 629249
