307 203 4 4 1699
306 202 6 6 3940
305 201 8 8 7278
304 200 10 10 11660
303 199 12 12 17428
302 198 14 14 23446
301 197 16 16 30435
300 196 18 18 39019
307 203 4 4 1801
306 202 6 6 4569
305 201 8 8 7499
304 200 10 10 11373
303 199 12 12 16933
302 198 14 14 23418
301 197 16 16 30450
300 196 18 18 37667
307 203 4 4 1695
306 202 6 6 3746
305 201 8 8 7235
304 200 10 10 11303
303 199 12 12 16827
302 198 14 14 23013
301 197 16 16 30584
300 196 18 18 38203
307 203 4 4 1615
306 202 6 6 4163
305 201 8 8 7139
304 200 10 10 11484
303 199 12 12 16777
302 198 14 14 23649
301 197 16 16 30337
300 196 18 18 38574
307 203 4 4 2158
306 202 6 6 4245
305 201 8 8 8009
304 200 10 10 12539
303 199 12 12 17182
302 198 14 14 22760
301 197 16 16 30956
300 196 18 18 39825
307 203 4 4 1659
306 202 6 6 4054
305 201 8 8 7496
304 200 10 10 11446
303 199 12 12 17111
302 198 14 14 23505
301 197 16 16 30709
300 196 18 18 38664
307 203 4 4 1951
306 202 6 6 4080
305 201 8 8 7083
304 200 10 10 11683
303 199 12 12 16468
302 198 14 14 22797
301 197 16 16 30098
300 196 18 18 38227
307 203 4 4 1837
306 202 6 6 4091
305 201 8 8 7460
304 200 10 10 11822
303 199 12 12 16589
302 198 14 14 22493
301 197 16 16 29904
300 196 18 18 38718
307 203 4 4 1822
306 202 6 6 4886
305 201 8 8 8042
304 200 10 10 11784
303 199 12 12 17047
302 198 14 14 23678
301 197 16 16 31482
300 196 18 18 39762
307 203 4 4 1979
306 202 6 6 4488
305 201 8 8 7384
304 200 10 10 11807
303 199 12 12 17284
302 198 14 14 22741
301 197 16 16 30600
300 196 18 18 38711
307 203 4 4 1683
306 202 6 6 4844
305 201 8 8 8057
304 200 10 10 12217
303 199 12 12 17128
302 198 14 14 24022
301 197 16 16 31675
300 196 18 18 39981
307 203 4 4 1609
306 202 6 6 4422
305 201 8 8 7673
304 200 10 10 12142
303 199 12 12 17317
302 198 14 14 23140
301 197 16 16 31230
300 196 18 18 39542
307 203 4 4 1949
306 202 6 6 3903
305 201 8 8 6929
304 200 10 10 11013
303 199 12 12 16146
302 198 14 14 21339
301 197 16 16 27423
300 196 18 18 36042
307 203 4 4 1757
306 202 6 6 3696
305 201 8 8 6865
304 200 10 10 11466
303 199 12 12 16283
302 198 14 14 22253
301 197 16 16 29064
300 196 18 18 36904
307 203 4 4 1551
306 202 6 6 3577
305 201 8 8 6612
304 200 10 10 10250
303 199 12 12 14471
302 198 14 14 18956
301 197 16 16 24623
300 196 18 18 31532
307 203 4 4 2019
306 202 6 6 4556
305 201 8 8 8929
304 200 10 10 13323
303 199 12 12 18916
302 198 14 14 25471
301 197 16 16 33307
300 196 18 18 41691
307 203 4 4 1516
306 202 6 6 3582
305 201 8 8 7200
304 200 10 10 11225
303 199 12 12 15798
302 198 14 14 20904
301 197 16 16 28519
300 196 18 18 36437
307 203 4 4 1827
306 202 6 6 3974
305 201 8 8 7970
304 200 10 10 12237
303 199 12 12 17479
302 198 14 14 23488
301 197 16 16 30394
300 196 18 18 39655
307 203 4 4 2005
306 202 6 6 4034
305 201 8 8 7951
304 200 10 10 12076
303 199 12 12 17309
302 198 14 14 23610
301 197 16 16 30530
300 196 18 18 38961
307 203 4 4 1645
306 202 6 6 3747
305 201 8 8 6996
304 200 10 10 11277
303 199 12 12 16945
302 198 14 14 22494
301 197 16 16 29496
300 196 18 18 36514
307 203 4 4 1651
306 202 6 6 3934
305 201 8 8 7751
304 200 10 10 11912
303 199 12 12 17470
302 198 14 14 23913
301 197 16 16 30983
300 196 18 18 38974
307 203 4 4 2377
306 202 6 6 4441
305 201 8 8 7602
304 200 10 10 12014
303 199 12 12 17084
302 198 14 14 22844
301 197 16 16 30334
300 196 18 18 39225
307 203 4 4 1940
306 202 6 6 4433
305 201 8 8 7760
304 200 10 10 11731
303 199 12 12 16353
302 198 14 14 22184
301 197 16 16 29335
300 196 18 18 38403
307 203 4 4 10064
306 202 6 6 20442
305 201 8 8 33858
304 200 10 10 54488
303 199 12 12 81378
302 198 14 14 112412
301 197 16 16 148660
300 196 18 18 192791
307 203 4 4 1734
306 202 6 6 4186
305 201 8 8 7757
304 200 10 10 11980
303 199 12 12 18109
302 198 14 14 24207
301 197 16 16 32589
300 196 18 18 40767
307 203 4 4 165458
306 202 6 6 311647
305 201 8 8 497805
304 200 10 10 741401
303 199 12 12 1026460
302 198 14 14 1362139
301 197 16 16 1764619
300 196 18 18 2208416
307 203 4 4 202354
306 202 6 6 358095
305 201 8 8 547364
304 200 10 10 791051
303 199 12 12 1089090
302 198 14 14 1413624
301 197 16 16 1799161
300 196 18 18 2227982
307 203 4 4 203160
306 202 6 6 352710
305 201 8 8 543666
304 200 10 10 782387
303 199 12 12 1063420
302 198 14 14 1392058
301 197 16 16 1795004
300 196 18 18 2205746
307 203 4 4 210121
306 202 6 6 357728
305 201 8 8 549780
304 200 10 10 798263
303 199 12 12 1085128
302 198 14 14 1385630
301 197 16 16 1777607
300 196 18 18 2221235
307 203 4 4 197654
306 202 6 6 354486
305 201 8 8 561128
304 200 10 10 798164
303 199 12 12 1069477
302 198 14 14 1396446
301 197 16 16 1786712
300 196 18 18 2208415
307 203 4 4 195057
306 202 6 6 356485
305 201 8 8 544808
304 200 10 10 788386
303 199 12 12 1072553
302 198 14 14 1416812
301 197 16 16 1796097
300 196 18 18 2236380
307 203 4 4 208123
306 202 6 6 369372
305 201 8 8 551596
304 200 10 10 788212
303 199 12 12 1067250
302 198 14 14 1399504
301 197 16 16 1782214
300 196 18 18 2217283
307 203 4 4 192944
306 202 6 6 343096
305 201 8 8 547078
304 200 10 10 773099
303 199 12 12 1049462
302 198 14 14 1390905
301 197 16 16 1778359
300 196 18 18 2213140
307 203 4 4 195917
306 202 6 6 354422
305 201 8 8 545289
304 200 10 10 771217
303 199 12 12 1058148
302 198 14 14 1382465
301 197 16 16 1764919
300 196 18 18 2214816
307 203 4 4 197537
306 202 6 6 351389
305 201 8 8 537877
304 200 10 10 765616
303 199 12 12 1041002
302 198 14 14 1359794
301 197 16 16 1730698
300 196 18 18 2165555
307 203 4 4 197451
306 202 6 6 347612
305 201 8 8 522195
304 200 10 10 766874
303 199 12 12 1049028
302 198 14 14 1371536
301 197 16 16 1735679
300 196 18 18 2162092
307 203 4 4 205766
306 202 6 6 354602
305 201 8 8 527822
304 200 10 10 766149
303 199 12 12 1052218
302 198 14 14 1382866
301 197 16 16 1743874
300 196 18 18 2169374
307 203 4 4 208507
306 202 6 6 354309
305 201 8 8 536248
304 200 10 10 774296
303 199 12 12 1047881
302 198 14 14 1367262
301 197 16 16 1736763
300 196 18 18 2162970
307 203 4 4 207992
306 202 6 6 356103
305 201 8 8 561388
304 200 10 10 795372
303 199 12 12 1064226
302 198 14 14 1385269
301 197 16 16 1751067
300 196 18 18 2162862
307 203 4 4 203131
306 202 6 6 361825
305 201 8 8 553201
304 200 10 10 791121
303 199 12 12 1073437
302 198 14 14 1406575
301 197 16 16 1766137
300 196 18 18 2202746
307 203 4 4 193019
306 202 6 6 349486
305 201 8 8 533021
304 200 10 10 764501
303 199 12 12 1049866
302 198 14 14 1372726
301 197 16 16 1736442
300 196 18 18 2142253
307 203 4 4 209340
306 202 6 6 369382
305 201 8 8 569063
304 200 10 10 803902
303 199 12 12 1076391
302 198 14 14 1411199
301 197 16 16 1800780
300 196 18 18 2208844
307 203 4 4 200878
306 202 6 6 365575
305 201 8 8 557016
304 200 10 10 791783
303 199 12 12 1062882
302 198 14 14 1393820
301 197 16 16 1769901
300 196 18 18 2182908
307 203 4 4 201085
306 202 6 6 358204
305 201 8 8 527384
304 200 10 10 759516
303 199 12 12 1044601
302 198 14 14 1370749
301 197 16 16 1757901
300 196 18 18 2193959
307 203 4 4 193147
306 202 6 6 341669
305 201 8 8 515511
304 200 10 10 753934
303 199 12 12 1020850
302 198 14 14 1341469
301 197 16 16 1716791
300 196 18 18 2166006
307 203 4 4 199135
306 202 6 6 344344
305 201 8 8 527649
304 200 10 10 762965
303 199 12 12 1036833
302 198 14 14 1360826
301 197 16 16 1728752
300 196 18 18 2154256
307 203 4 4 199503
306 202 6 6 341201
305 201 8 8 530044
304 200 10 10 763976
303 199 12 12 1042991
302 198 14 14 1363364
301 197 16 16 1743804
300 196 18 18 2159928
307 203 4 4 184644
306 202 6 6 331958
305 201 8 8 512594
304 200 10 10 744538
303 199 12 12 994691
302 198 14 14 1322249
301 197 16 16 1700114
300 196 18 18 2112055
307 203 4 4 184347
306 202 6 6 352169
305 201 8 8 551675
304 200 10 10 784226
303 199 12 12 1045287
302 198 14 14 1381316
301 197 16 16 1750616
300 196 18 18 2171832
307 203 4 4 186579
306 202 6 6 350870
305 201 8 8 550844
304 200 10 10 778860
303 199 12 12 1042473
302 198 14 14 1367572
301 197 16 16 1726772
300 196 18 18 2150400
307 203 4 4 183715
306 202 6 6 339645
305 201 8 8 541611
304 200 10 10 761444
303 199 12 12 1024613
302 198 14 14 1340979
301 197 16 16 1730139
300 196 18 18 2148712
307 203 4 4 194483
306 202 6 6 345577
305 201 8 8 534589
304 200 10 10 748817
303 199 12 12 1018079
302 198 14 14 1345443
301 197 16 16 1727345
300 196 18 18 2147884
307 203 4 4 183457
306 202 6 6 340094
305 201 8 8 507829
304 200 10 10 739205
303 199 12 12 1010459
302 198 14 14 1337815
301 197 16 16 1724676
300 196 18 18 2146584
307 203 4 4 192088
306 202 6 6 343314
305 201 8 8 529483
304 200 10 10 769892
303 199 12 12 1042409
302 198 14 14 1373521
301 197 16 16 1754690
300 196 18 18 2179058
307 203 4 4 203213
306 202 6 6 364083
305 201 8 8 542901
304 200 10 10 764234
303 199 12 12 1037158
302 198 14 14 1361347
301 197 16 16 1729576
300 196 18 18 2155642
307 203 4 4 183066
306 202 6 6 330652
305 201 8 8 524865
304 200 10 10 758193
303 199 12 12 1036041
302 198 14 14 1350016
301 197 16 16 1734875
300 196 18 18 2183178
307 203 4 4 188651
306 202 6 6 336206
305 201 8 8 518720
304 200 10 10 736144
303 199 12 12 1010616
302 198 14 14 1325368
301 197 16 16 1690365
300 196 18 18 2126802
307 203 4 4 189883
306 202 6 6 336899
305 201 8 8 519043
304 200 10 10 743094
303 199 12 12 1027396
302 198 14 14 1354281
301 197 16 16 1707818
300 196 18 18 2119018
307 203 4 4 210661
306 202 6 6 368037
305 201 8 8 557244
304 200 10 10 791148
303 199 12 12 1069594
302 198 14 14 1386716
301 197 16 16 1746638
300 196 18 18 2162197
307 203 4 4 193312
306 202 6 6 346463
305 201 8 8 532339
304 200 10 10 756593
303 199 12 12 1035816
302 198 14 14 1354135
301 197 16 16 1732063
300 196 18 18 2145930
307 203 4 4 194521
306 202 6 6 337148
305 201 8 8 518651
304 200 10 10 747406
303 199 12 12 1027787
302 198 14 14 1337776
301 197 16 16 1687035
300 196 18 18 2116079
307 203 4 4 186825
306 202 6 6 340369
305 201 8 8 518543
304 200 10 10 739867
303 199 12 12 1016178
302 198 14 14 1333202
301 197 16 16 1700016
300 196 18 18 2119992
307 203 4 4 202812
306 202 6 6 358904
305 201 8 8 556499
304 200 10 10 779128
303 199 12 12 1052189
302 198 14 14 1364667
301 197 16 16 1720359
300 196 18 18 2136695
307 203 4 4 201775
306 202 6 6 358404
305 201 8 8 550383
304 200 10 10 771451
303 199 12 12 1038369
302 198 14 14 1356093
301 197 16 16 1722218
300 196 18 18 2135361
307 203 4 4 195301
306 202 6 6 344275
305 201 8 8 535430
304 200 10 10 753556
303 199 12 12 1025045
302 198 14 14 1353227
301 197 16 16 1743265
300 196 18 18 2161817
307 203 4 4 194364
306 202 6 6 342484
305 201 8 8 538034
304 200 10 10 756231
303 199 12 12 1022013
302 198 14 14 1343589
301 197 16 16 1709796
300 196 18 18 2136726
307 203 4 4 187712
306 202 6 6 341338
305 201 8 8 541391
304 200 10 10 767063
303 199 12 12 1038004
302 198 14 14 1359794
301 197 16 16 1713776
300 196 18 18 2129258
307 203 4 4 184179
306 202 6 6 328922
305 201 8 8 517674
304 200 10 10 734010
303 199 12 12 1004259
302 198 14 14 1325628
301 197 16 16 1687906
300 196 18 18 2111126
307 203 4 4 199679
306 202 6 6 351153
305 201 8 8 540457
304 200 10 10 760642
303 199 12 12 1033523
302 198 14 14 1368921
301 197 16 16 1745528
300 196 18 18 2165064
307 203 4 4 191043
306 202 6 6 344618
305 201 8 8 513131
304 200 10 10 744960
303 199 12 12 1016089
302 198 14 14 1329300
301 197 16 16 1685000
300 196 18 18 2094967
307 203 4 4 199161
306 202 6 6 353829
305 201 8 8 544898
304 200 10 10 773154
303 199 12 12 1038620
302 198 14 14 1347786
301 197 16 16 1725650
300 196 18 18 2164912
307 203 4 4 208198
306 202 6 6 361009
305 201 8 8 544398
304 200 10 10 779272
303 199 12 12 1047382
302 198 14 14 1370220
301 197 16 16 1738777
300 196 18 18 2169193
307 203 4 4 210006
306 202 6 6 366164
305 201 8 8 561412
304 200 10 10 795158
303 199 12 12 1068509
302 198 14 14 1385755
301 197 16 16 1749844
300 196 18 18 2153085
307 203 4 4 197906
306 202 6 6 349972
305 201 8 8 533349
304 200 10 10 751573
303 199 12 12 1020045
302 198 14 14 1340018
301 197 16 16 1702702
300 196 18 18 2114860
307 203 4 4 200788
306 202 6 6 352217
305 201 8 8 554240
304 200 10 10 788004
303 199 12 12 1056095
302 198 14 14 1359869
301 197 16 16 1733147
300 196 18 18 2148794
307 203 4 4 197036
306 202 6 6 357551
305 201 8 8 540036
304 200 10 10 765747
303 199 12 12 1040007
302 198 14 14 1354014
301 197 16 16 1721131
300 196 18 18 2141393
307 203 4 4 195398
306 202 6 6 344050
305 201 8 8 535759
304 200 10 10 762107
303 199 12 12 1044531
302 198 14 14 1362618
301 197 16 16 1736729
300 196 18 18 2170500
307 203 4 4 204691
306 202 6 6 365548
305 201 8 8 544842
304 200 10 10 768604
303 199 12 12 1045002
302 198 14 14 1357299
301 197 16 16 1732544
300 196 18 18 2146240
307 203 4 4 181863
306 202 6 6 329727
305 201 8 8 512733
304 200 10 10 738220
303 199 12 12 1010112
302 198 14 14 1324866
301 197 16 16 1694269
300 196 18 18 2102367
307 203 4 4 198750
306 202 6 6 351558
305 201 8 8 529986
304 200 10 10 765073
303 199 12 12 1039794
302 198 14 14 1363575
301 197 16 16 1740593
300 196 18 18 2170654
307 203 4 4 200396
306 202 6 6 348178
305 201 8 8 537286
304 200 10 10 764280
303 199 12 12 1047852
302 198 14 14 1384718
301 197 16 16 1741773
300 196 18 18 2159093
307 203 4 4 193594
306 202 6 6 351475
305 201 8 8 534917
304 200 10 10 751883
303 199 12 12 1037161
302 198 14 14 1347365
301 197 16 16 1711293
300 196 18 18 2141326
307 203 4 4 202580
306 202 6 6 348019
305 201 8 8 531795
304 200 10 10 748124
303 199 12 12 1014954
302 198 14 14 1316506
301 197 16 16 1676331
300 196 18 18 2090000
307 203 4 4 206973
306 202 6 6 370749
305 201 8 8 546162
304 200 10 10 768897
303 199 12 12 1031697
302 198 14 14 1357171
301 197 16 16 1715012
300 196 18 18 2134710
307 203 4 4 194739
306 202 6 6 349285
305 201 8 8 537933
304 200 10 10 764139
303 199 12 12 1035053
302 198 14 14 1369273
301 197 16 16 1745408
300 196 18 18 2160081
307 203 4 4 215491
306 202 6 6 372884
305 201 8 8 555803
304 200 10 10 767084
303 199 12 12 1059871
302 198 14 14 1378404
301 197 16 16 1739966
300 196 18 18 2148706
307 203 4 4 197938
306 202 6 6 355860
305 201 8 8 550787
304 200 10 10 775649
303 199 12 12 1026143
302 198 14 14 1346353
301 197 16 16 1701682
300 196 18 18 2142156
307 203 4 4 193972
306 202 6 6 344314
305 201 8 8 533059
304 200 10 10 763685
303 199 12 12 1031116
302 198 14 14 1362847
301 197 16 16 1717050
300 196 18 18 2134086
307 203 4 4 195067
306 202 6 6 345921
305 201 8 8 530745
304 200 10 10 756149
303 199 12 12 1033236
302 198 14 14 1355760
301 197 16 16 1724122
300 196 18 18 2123505
307 203 4 4 193370
306 202 6 6 339381
305 201 8 8 532572
304 200 10 10 760417
303 199 12 12 1017077
302 198 14 14 1319615
301 197 16 16 1670062
300 196 18 18 2108884
307 203 4 4 199932
306 202 6 6 345726
305 201 8 8 525233
304 200 10 10 735380
303 199 12 12 1004279
302 198 14 14 1319190
301 197 16 16 1693398
300 196 18 18 2094499
307 203 4 4 205031
306 202 6 6 361232
305 201 8 8 549455
304 200 10 10 775370
303 199 12 12 1056167
302 198 14 14 1362260
301 197 16 16 1713652
300 196 18 18 2139429
307 203 4 4 200449
306 202 6 6 351050
305 201 8 8 536898
304 200 10 10 759020
303 199 12 12 1040121
302 198 14 14 1376406
301 197 16 16 1755088
300 196 18 18 2180344
307 203 4 4 214271
306 202 6 6 366312
305 201 8 8 548575
304 200 10 10 778379
303 199 12 12 1030843
302 198 14 14 1354954
301 197 16 16 1716508
300 196 18 18 2126593
307 203 4 4 185118
306 202 6 6 334606
305 201 8 8 531266
304 200 10 10 764895
303 199 12 12 1035506
302 198 14 14 1360280
301 197 16 16 1717028
300 196 18 18 2117228
307 203 4 4 191925
306 202 6 6 355407
305 201 8 8 532771
304 200 10 10 766750
303 199 12 12 1030821
302 198 14 14 1342418
301 197 16 16 1709971
300 196 18 18 2117089
307 203 4 4 205432
306 202 6 6 357630
305 201 8 8 550239
304 200 10 10 765200
303 199 12 12 1044329
302 198 14 14 1370209
301 197 16 16 1731060
300 196 18 18 2143099
307 203 4 4 194332
306 202 6 6 337222
305 201 8 8 517168
304 200 10 10 742207
303 199 12 12 1010210
302 198 14 14 1340996
301 197 16 16 1719344
300 196 18 18 2129600
307 203 4 4 184819
306 202 6 6 327199
305 201 8 8 503646
304 200 10 10 738939
303 199 12 12 1016366
302 198 14 14 1318354
301 197 16 16 1684912
300 196 18 18 2097987
307 203 4 4 197904
306 202 6 6 348702
305 201 8 8 524196
304 200 10 10 751024
303 199 12 12 1024160
302 198 14 14 1343593
301 197 16 16 1720865
300 196 18 18 2146130
307 203 4 4 196319
306 202 6 6 347445
305 201 8 8 532281
304 200 10 10 757280
303 199 12 12 1034646
302 198 14 14 1366836
301 197 16 16 1719321
300 196 18 18 2138750
307 203 4 4 191670
306 202 6 6 341066
305 201 8 8 526626
304 200 10 10 751694
303 199 12 12 1028882
302 198 14 14 1352730
301 197 16 16 1703103
300 196 18 18 2112810
307 203 4 4 176918
306 202 6 6 332142
305 201 8 8 518631
304 200 10 10 741302
303 199 12 12 1003559
302 198 14 14 1319499
301 197 16 16 1685860
300 196 18 18 2123587
307 203 4 4 185293
306 202 6 6 344285
305 201 8 8 529110
304 200 10 10 749461
303 199 12 12 1002323
302 198 14 14 1293560
301 197 16 16 1654099
300 196 18 18 2058168
307 203 4 4 188894
306 202 6 6 345830
305 201 8 8 524517
304 200 10 10 765127
303 199 12 12 1046397
302 198 14 14 1362950
301 197 16 16 1741319
300 196 18 18 2151615
307 203 4 4 208664
306 202 6 6 360493
305 201 8 8 541942
304 200 10 10 778513
303 199 12 12 1060016
302 198 14 14 1381742
301 197 16 16 1759028
300 196 18 18 2173387
307 203 4 4 182502
306 202 6 6 332544
305 201 8 8 519240
304 200 10 10 753499
303 199 12 12 1012982
302 198 14 14 1338889
301 197 16 16 1699114
300 196 18 18 2141303
307 203 4 4 184440
306 202 6 6 341045
305 201 8 8 535119
304 200 10 10 763321
303 199 12 12 1044160
302 198 14 14 1374414
301 197 16 16 1727326
300 196 18 18 2131861
307 203 4 4 203795
306 202 6 6 344787
305 201 8 8 523327
304 200 10 10 748598
303 199 12 12 1030574
302 198 14 14 1348499
301 197 16 16 1713287
300 196 18 18 2127294
307 203 4 4 200119
306 202 6 6 351210
305 201 8 8 540323
304 200 10 10 767115
303 199 12 12 1040231
302 198 14 14 1353355
301 197 16 16 1719005
300 196 18 18 2137847
307 203 4 4 190252
306 202 6 6 341723
305 201 8 8 519410
304 200 10 10 737476
303 199 12 12 1010126
302 198 14 14 1323360
301 197 16 16 1698339
300 196 18 18 2119874
307 203 4 4 193752
306 202 6 6 338207
305 201 8 8 525937
304 200 10 10 757067
303 199 12 12 1045092
302 198 14 14 1355948
301 197 16 16 1728433
300 196 18 18 2146733
307 203 4 4 175282
306 202 6 6 324754
305 201 8 8 518713
304 200 10 10 737791
303 199 12 12 1000481
302 198 14 14 1316250
301 197 16 16 1703767
300 196 18 18 2124672
307 203 4 4 187149
306 202 6 6 329316
305 201 8 8 523284
304 200 10 10 755932
303 199 12 12 1020389
302 198 14 14 1332663
301 197 16 16 1694741
300 196 18 18 2120918
307 203 4 4 191963
306 202 6 6 345475
305 201 8 8 524371
304 200 10 10 742030
303 199 12 12 1009035
302 198 14 14 1311007
301 197 16 16 1681846
300 196 18 18 2095370
307 203 4 4 186668
306 202 6 6 335395
305 201 8 8 518484
304 200 10 10 747453
303 199 12 12 1007510
302 198 14 14 1327630
301 197 16 16 1683601
300 196 18 18 2111026
307 203 4 4 200122
306 202 6 6 347989
305 201 8 8 531496
304 200 10 10 764413
303 199 12 12 1018541
302 198 14 14 1330991
301 197 16 16 1689335
300 196 18 18 2097780
307 203 4 4 186345
306 202 6 6 326853
305 201 8 8 503607
304 200 10 10 734252
303 199 12 12 994319
302 198 14 14 1307743
301 197 16 16 1665633
300 196 18 18 2072740
307 203 4 4 192393
306 202 6 6 344610
305 201 8 8 518752
304 200 10 10 756946
303 199 12 12 1019994
302 198 14 14 1340856
301 197 16 16 1703390
300 196 18 18 2113982
307 203 4 4 198600
306 202 6 6 349450
305 201 8 8 534573
304 200 10 10 766895
303 199 12 12 1038586
302 198 14 14 1335213
301 197 16 16 1675766
300 196 18 18 2080340
307 203 4 4 206917
306 202 6 6 351408
305 201 8 8 528884
304 200 10 10 761100
303 199 12 12 1026746
302 198 14 14 1345085
301 197 16 16 1720916
300 196 18 18 2135328
307 203 4 4 198404
306 202 6 6 356461
305 201 8 8 541115
304 200 10 10 766835
303 199 12 12 1039202
302 198 14 14 1364900
301 197 16 16 1734089
300 196 18 18 2138612
307 203 4 4 210631
306 202 6 6 363841
305 201 8 8 553174
304 200 10 10 775455
303 199 12 12 1034936
302 198 14 14 1353958
301 197 16 16 1708304
300 196 18 18 2104523
307 203 4 4 205048
306 202 6 6 342527
305 201 8 8 518274
304 200 10 10 750064
303 199 12 12 1017496
302 198 14 14 1330643
301 197 16 16 1694335
300 196 18 18 2104611
307 203 4 4 193440
306 202 6 6 345290
305 201 8 8 526531
304 200 10 10 755998
303 199 12 12 1020280
302 198 14 14 1335539
301 197 16 16 1680253
300 196 18 18 2091133
307 203 4 4 199902
306 202 6 6 341252
305 201 8 8 526829
304 200 10 10 749916
303 199 12 12 1015597
302 198 14 14 1321156
301 197 16 16 1675386
300 196 18 18 2085421
307 203 4 4 193603
306 202 6 6 345565
305 201 8 8 532447
304 200 10 10 758536
303 199 12 12 1029984
302 198 14 14 1357938
301 197 16 16 1729293
300 196 18 18 2124217
307 203 4 4 199827
306 202 6 6 351988
305 201 8 8 533251
304 200 10 10 749204
303 199 12 12 998426
302 198 14 14 1304744
301 197 16 16 1664646
300 196 18 18 2078011
307 203 4 4 190184
306 202 6 6 344630
305 201 8 8 520142
304 200 10 10 748039
303 199 12 12 1008434
302 198 14 14 1309897
301 197 16 16 1666847
300 196 18 18 2070391
307 203 4 4 184979
306 202 6 6 329711
305 201 8 8 510557
304 200 10 10 740041
303 199 12 12 995267
302 198 14 14 1318135
301 197 16 16 1680082
300 196 18 18 2087838
307 203 4 4 185986
306 202 6 6 342442
305 201 8 8 541734
304 200 10 10 763374
303 199 12 12 1024164
302 198 14 14 1332968
301 197 16 16 1691031
300 196 18 18 2115420
307 203 4 4 194986
306 202 6 6 345563
305 201 8 8 521837
304 200 10 10 734645
303 199 12 12 1012408
302 198 14 14 1333120
301 197 16 16 1706683
300 196 18 18 2135458
307 203 4 4 200472
306 202 6 6 349091
305 201 8 8 531215
304 200 10 10 769337
303 199 12 12 1025884
302 198 14 14 1332286
301 197 16 16 1692055
300 196 18 18 2114393
307 203 4 4 197736
306 202 6 6 344789
305 201 8 8 518339
304 200 10 10 740262
303 199 12 12 1004664
302 198 14 14 1325365
301 197 16 16 1667742
300 196 18 18 2080705
307 203 4 4 199255
306 202 6 6 346359
305 201 8 8 534147
304 200 10 10 754136
303 199 12 12 1038117
302 198 14 14 1362490
301 197 16 16 1726992
300 196 18 18 2160465
307 203 4 4 194062
306 202 6 6 344734
305 201 8 8 534685
304 200 10 10 761826
303 199 12 12 1016923
302 198 14 14 1328204
301 197 16 16 1675701
300 196 18 18 2072728
307 203 4 4 190856
306 202 6 6 339663
305 201 8 8 510353
304 200 10 10 733913
303 199 12 12 1006313
302 198 14 14 1306699
301 197 16 16 1666842
300 196 18 18 2073834
307 203 4 4 196991
306 202 6 6 354110
305 201 8 8 533445
304 200 10 10 753190
303 199 12 12 1018560
302 198 14 14 1329814
301 197 16 16 1681176
300 196 18 18 2086926
307 203 4 4 197277
306 202 6 6 357237
305 201 8 8 547834
304 200 10 10 779388
303 199 12 12 1047917
302 198 14 14 1359233
301 197 16 16 1726731
300 196 18 18 2138521
307 203 4 4 197682
306 202 6 6 351025
305 201 8 8 523343
304 200 10 10 750811
303 199 12 12 1010018
302 198 14 14 1335620
301 197 16 16 1691252
300 196 18 18 2122824
307 203 4 4 187772
306 202 6 6 338888
305 201 8 8 515458
304 200 10 10 723515
303 199 12 12 992433
302 198 14 14 1302158
301 197 16 16 1659192
300 196 18 18 2084166
307 203 4 4 195483
306 202 6 6 341654
305 201 8 8 510432
304 200 10 10 724942
303 199 12 12 982225
302 198 14 14 1299276
301 197 16 16 1655742
300 196 18 18 2060876
307 203 4 4 176651
306 202 6 6 317930
305 201 8 8 498077
304 200 10 10 706823
303 199 12 12 970196
302 198 14 14 1296336
301 197 16 16 1645390
300 196 18 18 2054202
307 203 4 4 203604
306 202 6 6 348766
305 201 8 8 523976
304 200 10 10 756048
303 199 12 12 1021203
302 198 14 14 1349973
301 197 16 16 1714845
300 196 18 18 2140281
307 203 4 4 184056
306 202 6 6 331759
305 201 8 8 507787
304 200 10 10 727586
303 199 12 12 1002671
302 198 14 14 1320295
301 197 16 16 1685383
300 196 18 18 2102224
307 203 4 4 190557
306 202 6 6 341825
305 201 8 8 525752
304 200 10 10 758455
303 199 12 12 1021283
302 198 14 14 1343923
301 197 16 16 1699045
300 196 18 18 2117089
307 203 4 4 192769
306 202 6 6 335658
305 201 8 8 502854
304 200 10 10 726509
303 199 12 12 1001920
302 198 14 14 1315575
301 197 16 16 1691919
300 196 18 18 2097823
307 203 4 4 200642
306 202 6 6 344848
305 201 8 8 529814
304 200 10 10 753360
303 199 12 12 1011234
302 198 14 14 1332402
301 197 16 16 1684081
300 196 18 18 2088703
307 203 4 4 201900
306 202 6 6 350718
305 201 8 8 527469
304 200 10 10 754810
303 199 12 12 1021907
302 198 14 14 1338145
301 197 16 16 1696896
300 196 18 18 2114283
307 203 4 4 189754
306 202 6 6 337637
305 201 8 8 520811
304 200 10 10 739750
303 199 12 12 1008238
302 198 14 14 1325915
301 197 16 16 1699629
300 196 18 18 2107668
307 203 4 4 196106
306 202 6 6 350372
305 201 8 8 529726
304 200 10 10 750707
303 199 12 12 1009672
302 198 14 14 1319023
301 197 16 16 1690129
300 196 18 18 2082887
307 203 4 4 203581
306 202 6 6 351268
305 201 8 8 528096
304 200 10 10 740248
303 199 12 12 1000780
302 198 14 14 1332041
301 197 16 16 1706481
300 196 18 18 2131595
307 203 4 4 194930
306 202 6 6 335925
305 201 8 8 501633
304 200 10 10 725846
303 199 12 12 972575
302 198 14 14 1285677
301 197 16 16 1644530
300 196 18 18 2053970
307 203 4 4 183225
306 202 6 6 336446
305 201 8 8 511469
304 200 10 10 734529
303 199 12 12 1012783
302 198 14 14 1333409
301 197 16 16 1686056
300 196 18 18 2112516
307 203 4 4 186484
306 202 6 6 334634
305 201 8 8 515078
304 200 10 10 752678
303 199 12 12 1020878
302 198 14 14 1325873
301 197 16 16 1693682
300 196 18 18 2095195
307 203 4 4 199732
306 202 6 6 353848
305 201 8 8 527145
304 200 10 10 749865
303 199 12 12 1026533
302 198 14 14 1350594
301 197 16 16 1712142
300 196 18 18 2111105
307 203 4 4 187187
306 202 6 6 343020
305 201 8 8 522792
304 200 10 10 749685
303 199 12 12 1020665
302 198 14 14 1338335
301 197 16 16 1702902
300 196 18 18 2114273
307 203 4 4 197264
306 202 6 6 343949
305 201 8 8 524657
304 200 10 10 752300
303 199 12 12 1021027
302 198 14 14 1320164
301 197 16 16 1677490
300 196 18 18 2077471
307 203 4 4 202573
306 202 6 6 359710
305 201 8 8 546784
304 200 10 10 766167
303 199 12 12 1024913
302 198 14 14 1342466
301 197 16 16 1693658
300 196 18 18 2073523
307 203 4 4 194574
306 202 6 6 341236
305 201 8 8 520202
304 200 10 10 739365
303 199 12 12 1010076
302 198 14 14 1308507
301 197 16 16 1672304
300 196 18 18 2070782
307 203 4 4 194016
306 202 6 6 349094
305 201 8 8 531574
304 200 10 10 757132
303 199 12 12 1023150
302 198 14 14 1334839
301 197 16 16 1688743
300 196 18 18 2093257
307 203 4 4 185374
306 202 6 6 334895
305 201 8 8 520731
304 200 10 10 748567
303 199 12 12 1011294
302 198 14 14 1333403
301 197 16 16 1703830
300 196 18 18 2132606
307 203 4 4 205867
306 202 6 6 357804
305 201 8 8 544941
304 200 10 10 776373
303 199 12 12 1045387
302 198 14 14 1359848
301 197 16 16 1722704
300 196 18 18 2139240
307 203 4 4 192931
306 202 6 6 337861
305 201 8 8 519814
304 200 10 10 749540
303 199 12 12 1022525
302 198 14 14 1316234
301 197 16 16 1674242
300 196 18 18 2089606
307 203 4 4 178726
306 202 6 6 323938
305 201 8 8 502150
304 200 10 10 723935
303 199 12 12 979147
302 198 14 14 1285094
301 197 16 16 1650667
300 196 18 18 2050375
307 203 4 4 196771
306 202 6 6 352881
305 201 8 8 524547
304 200 10 10 741506
303 199 12 12 1015352
302 198 14 14 1321460
301 197 16 16 1687732
300 196 18 18 2098637
307 203 4 4 199838
306 202 6 6 346092
305 201 8 8 539677
304 200 10 10 758210
303 199 12 12 1032380
302 198 14 14 1332236
301 197 16 16 1684236
300 196 18 18 2115241
307 203 4 4 194853
306 202 6 6 347224
305 201 8 8 532155
304 200 10 10 760274
303 199 12 12 1023144
302 198 14 14 1318110
301 197 16 16 1667394
300 196 18 18 2083953
307 203 4 4 188148
306 202 6 6 337836
305 201 8 8 520509
304 200 10 10 736860
303 199 12 12 1018391
302 198 14 14 1336782
301 197 16 16 1713930
300 196 18 18 2117233
307 203 4 4 191420
306 202 6 6 325116
305 201 8 8 512870
304 200 10 10 736914
303 199 12 12 990165
302 198 14 14 1299476
301 197 16 16 1659881
300 196 18 18 2071467
307 203 4 4 206943
306 202 6 6 356042
305 201 8 8 532323
304 200 10 10 765617
303 199 12 12 1027067
302 198 14 14 1353883
301 197 16 16 1722889
300 196 18 18 2148699
307 203 4 4 192931
306 202 6 6 346652
305 201 8 8 538146
304 200 10 10 753383
303 199 12 12 1012032
302 198 14 14 1322590
301 197 16 16 1672111
300 196 18 18 2079780
307 203 4 4 200279
306 202 6 6 351955
305 201 8 8 547604
304 200 10 10 766761
303 199 12 12 1024001
302 198 14 14 1343597
301 197 16 16 1729056
300 196 18 18 2143439
307 203 4 4 201942
306 202 6 6 356723
305 201 8 8 549990
304 200 10 10 777060
303 199 12 12 1039608
302 198 14 14 1347003
301 197 16 16 1706024
300 196 18 18 2118188
307 203 4 4 189341
306 202 6 6 338842
305 201 8 8 520633
304 200 10 10 752622
303 199 12 12 1015471
302 198 14 14 1322529
301 197 16 16 1685494
300 196 18 18 2104415
307 203 4 4 194311
306 202 6 6 337139
305 201 8 8 519880
304 200 10 10 744044
303 199 12 12 1022048
302 198 14 14 1333265
301 197 16 16 1692550
300 196 18 18 2093597
307 203 4 4 195990
306 202 6 6 350179
305 201 8 8 539457
304 200 10 10 758844
303 199 12 12 1022166
302 198 14 14 1332224
301 197 16 16 1698042
300 196 18 18 2107231
307 203 4 4 190840
306 202 6 6 336152
305 201 8 8 510397
304 200 10 10 738759
303 199 12 12 999769
302 198 14 14 1316389
301 197 16 16 1685345
300 196 18 18 2107003
307 203 4 4 186112
306 202 6 6 342538
305 201 8 8 530144
304 200 10 10 768654
303 199 12 12 1040953
302 198 14 14 1347095
301 197 16 16 1706343
300 196 18 18 2091964
307 203 4 4 187702
306 202 6 6 335379
305 201 8 8 520056
304 200 10 10 724829
303 199 12 12 985387
302 198 14 14 1314872
301 197 16 16 1661468
300 196 18 18 2085139
307 203 4 4 195035
306 202 6 6 345647
305 201 8 8 523086
304 200 10 10 747481
303 199 12 12 1004447
302 198 14 14 1303006
301 197 16 16 1659356
300 196 18 18 2053827
307 203 4 4 192824
306 202 6 6 340105
305 201 8 8 509898
304 200 10 10 723738
303 199 12 12 980509
302 198 14 14 1291349
301 197 16 16 1638010
300 196 18 18 2058006
307 203 4 4 188781
306 202 6 6 338867
305 201 8 8 511936
304 200 10 10 732427
303 199 12 12 1000638
302 198 14 14 1317906
301 197 16 16 1663579
300 196 18 18 2076157
307 203 4 4 196944
306 202 6 6 346389
305 201 8 8 517406
304 200 10 10 726840
303 199 12 12 1000646
302 198 14 14 1303462
301 197 16 16 1660905
300 196 18 18 2073555
307 203 4 4 200307
306 202 6 6 347894
305 201 8 8 515931
304 200 10 10 721044
303 199 12 12 1003829
302 198 14 14 1337896
301 197 16 16 1699077
300 196 18 18 2118175
307 203 4 4 189919
306 202 6 6 343986
305 201 8 8 539527
304 200 10 10 757460
303 199 12 12 1016986
302 198 14 14 1331736
301 197 16 16 1696274
300 196 18 18 2096621
307 203 4 4 177359
306 202 6 6 329699
305 201 8 8 514613
304 200 10 10 743931
303 199 12 12 1001389
302 198 14 14 1321401
301 197 16 16 1695946
300 196 18 18 2116664
307 203 4 4 195247
306 202 6 6 345791
305 201 8 8 519663
304 200 10 10 732598
303 199 12 12 997639
302 198 14 14 1313987
301 197 16 16 1666172
300 196 18 18 2070541
307 203 4 4 190359
306 202 6 6 318768
305 201 8 8 502982
304 200 10 10 716684
303 199 12 12 977650
302 198 14 14 1277548
301 197 16 16 1664602
300 196 18 18 2105166
307 203 4 4 187095
306 202 6 6 333723
305 201 8 8 526036
304 200 10 10 742522
303 199 12 12 1001822
302 198 14 14 1317405
301 197 16 16 1680030
300 196 18 18 2083994
307 203 4 4 200795
306 202 6 6 342411
305 201 8 8 527407
304 200 10 10 740908
303 199 12 12 1007582
302 198 14 14 1329121
301 197 16 16 1673086
300 196 18 18 2090440
307 203 4 4 202988
306 202 6 6 350581
305 201 8 8 530396
304 200 10 10 754707
303 199 12 12 1007186
302 198 14 14 1314642
301 197 16 16 1669377
300 196 18 18 2090687
307 203 4 4 203425
306 202 6 6 342231
305 201 8 8 519407
304 200 10 10 743539
303 199 12 12 1007667
302 198 14 14 1322673
301 197 16 16 1677088
300 196 18 18 2097728
307 203 4 4 192649
306 202 6 6 344042
305 201 8 8 523294
304 200 10 10 740648
303 199 12 12 997734
302 198 14 14 1323250
301 197 16 16 1691397
300 196 18 18 2091168
307 203 4 4 196735
306 202 6 6 353823
305 201 8 8 549860
304 200 10 10 767128
303 199 12 12 1034944
302 198 14 14 1351377
301 197 16 16 1701694
300 196 18 18 2117086
307 203 4 4 192135
306 202 6 6 343167
305 201 8 8 526521
304 200 10 10 743817
303 199 12 12 996589
302 198 14 14 1296994
301 197 16 16 1653320
300 196 18 18 2049486
307 203 4 4 197064
306 202 6 6 342686
305 201 8 8 522469
304 200 10 10 749080
303 199 12 12 1024658
302 198 14 14 1333780
301 197 16 16 1699514
300 196 18 18 2107422
307 203 4 4 203141
306 202 6 6 347463
305 201 8 8 524148
304 200 10 10 745181
303 199 12 12 1015594
302 198 14 14 1322124
301 197 16 16 1667658
300 196 18 18 2070506
307 203 4 4 210358
306 202 6 6 363862
305 201 8 8 553377
304 200 10 10 778193
303 199 12 12 1046001
302 198 14 14 1357374
301 197 16 16 1698605
300 196 18 18 2107380
307 203 4 4 200292
306 202 6 6 340582
305 201 8 8 526379
304 200 10 10 755998
303 199 12 12 1019686
302 198 14 14 1322297
301 197 16 16 1698297
300 196 18 18 2097331
307 203 4 4 197423
306 202 6 6 340678
305 201 8 8 514033
304 200 10 10 741441
303 199 12 12 1019161
302 198 14 14 1336865
301 197 16 16 1685990
300 196 18 18 2089762
307 203 4 4 193580
306 202 6 6 340384
305 201 8 8 527280
304 200 10 10 754888
303 199 12 12 1005119
302 198 14 14 1305393
301 197 16 16 1658819
300 196 18 18 2063357
307 203 4 4 185269
306 202 6 6 341960
305 201 8 8 517546
304 200 10 10 741298
303 199 12 12 999852
302 198 14 14 1301032
301 197 16 16 1644514
300 196 18 18 2042205
307 203 4 4 181351
306 202 6 6 326220
305 201 8 8 517846
304 200 10 10 738690
303 199 12 12 1008868
302 198 14 14 1338147
301 197 16 16 1699811
300 196 18 18 2110593
307 203 4 4 204170
306 202 6 6 365514
305 201 8 8 542632
304 200 10 10 767756
303 199 12 12 1039294
302 198 14 14 1352606
301 197 16 16 1729432
300 196 18 18 2123608
307 203 4 4 188293
306 202 6 6 336435
305 201 8 8 515098
304 200 10 10 755638
303 199 12 12 1022334
302 198 14 14 1333542
301 197 16 16 1694749
300 196 18 18 2122715
307 203 4 4 189370
306 202 6 6 338170
305 201 8 8 521954
304 200 10 10 732356
303 199 12 12 1009490
302 198 14 14 1338110
301 197 16 16 1686767
300 196 18 18 2106758
307 203 4 4 195258
306 202 6 6 344084
305 201 8 8 525212
304 200 10 10 738099
303 199 12 12 1008606
302 198 14 14 1298110
301 197 16 16 1672290
300 196 18 18 2088842
307 203 4 4 197096
306 202 6 6 358702
305 201 8 8 531801
304 200 10 10 760990
303 199 12 12 1018128
302 198 14 14 1338434
301 197 16 16 1692487
300 196 18 18 2098722
307 203 4 4 191501
306 202 6 6 337607
305 201 8 8 520807
304 200 10 10 746866
303 199 12 12 1018182
302 198 14 14 1331844
301 197 16 16 1699135
300 196 18 18 2103485
307 203 4 4 195487
306 202 6 6 340701
305 201 8 8 517054
304 200 10 10 746246
303 199 12 12 1015696
302 198 14 14 1320858
301 197 16 16 1667600
300 196 18 18 2074873
307 203 4 4 208349
306 202 6 6 352448
305 201 8 8 530645
304 200 10 10 765213
303 199 12 12 1043381
302 198 14 14 1368877
301 197 16 16 1727772
300 196 18 18 2125250
307 203 4 4 205519
306 202 6 6 350154
305 201 8 8 531824
304 200 10 10 756525
303 199 12 12 1029626
302 198 14 14 1340589
301 197 16 16 1694879
300 196 18 18 2120909
307 203 4 4 198950
306 202 6 6 351146
305 201 8 8 529956
304 200 10 10 750595
303 199 12 12 1013894
302 198 14 14 1343294
301 197 16 16 1709303
300 196 18 18 2108693
307 203 4 4 193973
306 202 6 6 337024
305 201 8 8 511963
304 200 10 10 740789
303 199 12 12 998024
302 198 14 14 1306783
301 197 16 16 1673116
300 196 18 18 2091080
307 203 4 4 204685
306 202 6 6 350295
305 201 8 8 524036
304 200 10 10 750682
303 199 12 12 1015738
302 198 14 14 1329097
301 197 16 16 1676817
300 196 18 18 2090098
307 203 4 4 202140
306 202 6 6 352257
305 201 8 8 545886
304 200 10 10 763518
303 199 12 12 1030472
302 198 14 14 1338534
301 197 16 16 1706793
300 196 18 18 2098782
307 203 4 4 201727
306 202 6 6 350443
305 201 8 8 523592
304 200 10 10 742503
303 199 12 12 1016476
302 198 14 14 1315996
301 197 16 16 1667331
300 196 18 18 2083894
307 203 4 4 191585
306 202 6 6 343281
305 201 8 8 530028
304 200 10 10 753604
303 199 12 12 1028378
302 198 14 14 1341739
301 197 16 16 1707771
300 196 18 18 2114870
307 203 4 4 190352
306 202 6 6 340403
305 201 8 8 542998
304 200 10 10 762532
303 199 12 12 1021278
302 198 14 14 1340338
301 197 16 16 1701293
300 196 18 18 2118064
307 203 4 4 185882
306 202 6 6 328445
305 201 8 8 506153
304 200 10 10 735201
303 199 12 12 999058
302 198 14 14 1300490
301 197 16 16 1655838
300 196 18 18 2040404
307 203 4 4 189319
306 202 6 6 345407
305 201 8 8 524580
304 200 10 10 741810
303 199 12 12 1012369
302 198 14 14 1323204
301 197 16 16 1673839
300 196 18 18 2084642
307 203 4 4 182250
306 202 6 6 336540
305 201 8 8 517857
304 200 10 10 732293
303 199 12 12 985833
302 198 14 14 1283893
301 197 16 16 1634992
300 196 18 18 2063301
307 203 4 4 191383
306 202 6 6 341400
305 201 8 8 524867
304 200 10 10 742887
303 199 12 12 1010837
302 198 14 14 1319588
301 197 16 16 1670760
300 196 18 18 2071551
307 203 4 4 193007
306 202 6 6 343363
305 201 8 8 517061
304 200 10 10 730876
303 199 12 12 999967
302 198 14 14 1314060
301 197 16 16 1683839
300 196 18 18 2101893
307 203 4 4 204652
306 202 6 6 357652
305 201 8 8 526651
304 200 10 10 735347
303 199 12 12 1007932
302 198 14 14 1338894
301 197 16 16 1700473
300 196 18 18 2110116
307 203 4 4 193819
306 202 6 6 341097
305 201 8 8 521356
304 200 10 10 739689
303 199 12 12 1005259
302 198 14 14 1312435
301 197 16 16 1674578
300 196 18 18 2092796
307 203 4 4 188723
306 202 6 6 336917
305 201 8 8 524924
304 200 10 10 755455
303 199 12 12 1015904
302 198 14 14 1318584
301 197 16 16 1681591
300 196 18 18 2098871
307 203 4 4 194370
306 202 6 6 339601
305 201 8 8 522371
304 200 10 10 755421
303 199 12 12 1021572
302 198 14 14 1333063
301 197 16 16 1716274
300 196 18 18 2130961
307 203 4 4 200001
306 202 6 6 343076
305 201 8 8 526860
304 200 10 10 752052
303 199 12 12 1010781
302 198 14 14 1308635
301 197 16 16 1681841
300 196 18 18 2099950
307 203 4 4 180509
306 202 6 6 335402
305 201 8 8 518958
304 200 10 10 730109
303 199 12 12 993874
302 198 14 14 1305583
301 197 16 16 1652040
300 196 18 18 2066057
307 203 4 4 205875
306 202 6 6 352731
305 201 8 8 545835
304 200 10 10 755533
303 199 12 12 1008680
302 198 14 14 1319774
301 197 16 16 1675975
300 196 18 18 2087170
307 203 4 4 199660
306 202 6 6 356430
305 201 8 8 540767
304 200 10 10 759217
303 199 12 12 1035031
302 198 14 14 1353615
301 197 16 16 1732074
300 196 18 18 2129298
307 203 4 4 197338
306 202 6 6 336915
305 201 8 8 522144
304 200 10 10 734435
303 199 12 12 1008008
302 198 14 14 1333877
301 197 16 16 1714991
300 196 18 18 2130128
307 203 4 4 192062
306 202 6 6 347814
305 201 8 8 532372
304 200 10 10 752259
303 199 12 12 1010848
302 198 14 14 1322928
301 197 16 16 1668712
300 196 18 18 2089475
307 203 4 4 191005
306 202 6 6 344299
305 201 8 8 526300
304 200 10 10 745252
303 199 12 12 1016431
302 198 14 14 1331930
301 197 16 16 1701161
300 196 18 18 2120607
307 203 4 4 194531
306 202 6 6 334759
305 201 8 8 515090
304 200 10 10 729085
303 199 12 12 1002276
302 198 14 14 1306153
301 197 16 16 1668150
300 196 18 18 2078770
307 203 4 4 179235
306 202 6 6 332230
305 201 8 8 514381
304 200 10 10 727888
303 199 12 12 995467
302 198 14 14 1302802
301 197 16 16 1664338
300 196 18 18 2054216
307 203 4 4 198986
306 202 6 6 334147
305 201 8 8 509292
304 200 10 10 727358
303 199 12 12 1005001
302 198 14 14 1315189
301 197 16 16 1684890
300 196 18 18 2104269
307 203 4 4 179590
306 202 6 6 333799
305 201 8 8 528262
304 200 10 10 744891
303 199 12 12 1018363
302 198 14 14 1344678
301 197 16 16 1710172
300 196 18 18 2120707
307 203 4 4 194077
306 202 6 6 337153
305 201 8 8 503489
304 200 10 10 730279
303 199 12 12 999920
302 198 14 14 1309638
301 197 16 16 1659243
300 196 18 18 2084220
307 203 4 4 196488
306 202 6 6 335057
305 201 8 8 507094
304 200 10 10 723307
303 199 12 12 978790
302 198 14 14 1295283
301 197 16 16 1651949
300 196 18 18 2059775
307 203 4 4 179676
306 202 6 6 328724
305 201 8 8 506639
304 200 10 10 728391
303 199 12 12 987914
302 198 14 14 1292663
301 197 16 16 1636117
300 196 18 18 2043143
307 203 4 4 198657
306 202 6 6 347969
305 201 8 8 532688
304 200 10 10 750165
303 199 12 12 1018050
302 198 14 14 1336719
301 197 16 16 1711495
300 196 18 18 2142873
307 203 4 4 206760
306 202 6 6 358610
305 201 8 8 538206
304 200 10 10 764682
303 199 12 12 1051484
302 198 14 14 1345767
301 197 16 16 1707505
300 196 18 18 2104894
307 203 4 4 205354
306 202 6 6 351020
305 201 8 8 531110
304 200 10 10 743289
303 199 12 12 1007784
302 198 14 14 1315573
301 197 16 16 1675327
300 196 18 18 2080105
307 203 4 4 198954
306 202 6 6 352925
305 201 8 8 528939
304 200 10 10 760471
303 199 12 12 1019539
302 198 14 14 1326848
301 197 16 16 1675990
300 196 18 18 2063921
307 203 4 4 187744
306 202 6 6 337826
305 201 8 8 529131
304 200 10 10 744876
303 199 12 12 1008025
302 198 14 14 1322870
301 197 16 16 1668327
300 196 18 18 2076620
307 203 4 4 195128
306 202 6 6 343742
305 201 8 8 515054
304 200 10 10 727125
303 199 12 12 984155
302 198 14 14 1295033
301 197 16 16 1646065
300 196 18 18 2043850
307 203 4 4 181373
306 202 6 6 323820
305 201 8 8 504457
304 200 10 10 732578
303 199 12 12 994480
302 198 14 14 1299605
301 197 16 16 1655638
300 196 18 18 2059745
307 203 4 4 197195
306 202 6 6 344048
305 201 8 8 518523
304 200 10 10 745575
303 199 12 12 1013370
302 198 14 14 1329068
301 197 16 16 1694322
300 196 18 18 2099949
307 203 4 4 191683
306 202 6 6 351902
305 201 8 8 539527
304 200 10 10 773769
303 199 12 12 1042597
302 198 14 14 1350328
301 197 16 16 1698467
300 196 18 18 2109876
307 203 4 4 194028
306 202 6 6 336558
305 201 8 8 516011
304 200 10 10 723463
303 199 12 12 986302
302 198 14 14 1290049
301 197 16 16 1646959
300 196 18 18 2058032
307 203 4 4 195544
306 202 6 6 352041
305 201 8 8 536771
304 200 10 10 763275
303 199 12 12 1039602
302 198 14 14 1364334
301 197 16 16 1711741
300 196 18 18 2145817
307 203 4 4 205838
306 202 6 6 361180
305 201 8 8 542007
304 200 10 10 759628
303 199 12 12 1036935
302 198 14 14 1338751
301 197 16 16 1696511
300 196 18 18 2117242
307 203 4 4 195387
306 202 6 6 338956
305 201 8 8 511239
304 200 10 10 738961
303 199 12 12 1004760
302 198 14 14 1297513
301 197 16 16 1658972
300 196 18 18 2046952
307 203 4 4 197951
306 202 6 6 347251
305 201 8 8 531587
304 200 10 10 738575
303 199 12 12 1020411
302 198 14 14 1340625
301 197 16 16 1705595
300 196 18 18 2112997
307 203 4 4 184786
306 202 6 6 330702
305 201 8 8 507204
304 200 10 10 716487
303 199 12 12 981189
302 198 14 14 1297536
301 197 16 16 1641467
300 196 18 18 2047788
307 203 4 4 195286
306 202 6 6 346178
305 201 8 8 537753
304 200 10 10 770765
303 199 12 12 1027076
302 198 14 14 1343511
301 197 16 16 1693540
300 196 18 18 2112525
307 203 4 4 194040
306 202 6 6 340590
305 201 8 8 517911
304 200 10 10 735099
303 199 12 12 988892
302 198 14 14 1289645
301 197 16 16 1646432
300 196 18 18 2047435
307 203 4 4 185500
306 202 6 6 339109
305 201 8 8 508295
304 200 10 10 736789
303 199 12 12 1012898
302 198 14 14 1330253
301 197 16 16 1688250
300 196 18 18 2098759
307 203 4 4 194677
306 202 6 6 342997
305 201 8 8 519637
304 200 10 10 748155
303 199 12 12 1022059
302 198 14 14 1349879
301 197 16 16 1698906
300 196 18 18 2086530
307 203 4 4 192928
306 202 6 6 339533
305 201 8 8 534887
304 200 10 10 752743
303 199 12 12 1012075
302 198 14 14 1330688
301 197 16 16 1700282
300 196 18 18 2117436
307 203 4 4 188064
306 202 6 6 337957
305 201 8 8 520633
304 200 10 10 724458
303 199 12 12 989720
302 198 14 14 1302447
301 197 16 16 1643964
300 196 18 18 2063847
307 203 4 4 195961
306 202 6 6 355060
305 201 8 8 523443
304 200 10 10 748158
303 199 12 12 1026924
302 198 14 14 1329515
301 197 16 16 1677879
300 196 18 18 2079426
307 203 4 4 184634
306 202 6 6 338028
305 201 8 8 519967
304 200 10 10 740757
303 199 12 12 1022447
302 198 14 14 1348626
301 197 16 16 1715994
300 196 18 18 2124797
307 203 4 4 194669
306 202 6 6 344829
305 201 8 8 526841
304 200 10 10 749772
303 199 12 12 1023396
302 198 14 14 1338782
301 197 16 16 1695755
300 196 18 18 2101734
307 203 4 4 193963
306 202 6 6 341971
305 201 8 8 527408
304 200 10 10 740647
303 199 12 12 983815
302 198 14 14 1286032
301 197 16 16 1641016
300 196 18 18 2047127
307 203 4 4 191033
306 202 6 6 345802
305 201 8 8 525947
304 200 10 10 733612
303 199 12 12 998784
302 198 14 14 1307048
301 197 16 16 1687217
300 196 18 18 2102149
307 203 4 4 185353
306 202 6 6 342190
305 201 8 8 516391
304 200 10 10 751076
303 199 12 12 1013214
302 198 14 14 1330951
301 197 16 16 1697787
300 196 18 18 2095293
307 203 4 4 193067
306 202 6 6 352474
305 201 8 8 531956
304 200 10 10 758454
303 199 12 12 1031733
302 198 14 14 1347204
301 197 16 16 1700745
300 196 18 18 2123444
307 203 4 4 205685
306 202 6 6 363820
305 201 8 8 541161
304 200 10 10 764592
303 199 12 12 1045802
302 198 14 14 1363268
301 197 16 16 1731761
300 196 18 18 2144706
307 203 4 4 182859
306 202 6 6 343313
305 201 8 8 521023
304 200 10 10 747826
303 199 12 12 1027970
302 198 14 14 1343995
301 197 16 16 1717491
300 196 18 18 2138820
307 203 4 4 197103
306 202 6 6 348500
305 201 8 8 529027
304 200 10 10 748738
303 199 12 12 1009465
302 198 14 14 1328101
301 197 16 16 1681105
300 196 18 18 2077619
307 203 4 4 190118
306 202 6 6 345527
305 201 8 8 517678
304 200 10 10 752338
303 199 12 12 1018670
302 198 14 14 1325662
301 197 16 16 1682275
300 196 18 18 2087592
307 203 4 4 198858
306 202 6 6 348704
305 201 8 8 521451
304 200 10 10 743176
303 199 12 12 1021836
302 198 14 14 1325792
301 197 16 16 1691841
300 196 18 18 2106891
307 203 4 4 195638
306 202 6 6 344084
305 201 8 8 535301
304 200 10 10 753878
303 199 12 12 1017676
302 198 14 14 1321116
301 197 16 16 1673795
300 196 18 18 2088281
307 203 4 4 193555
306 202 6 6 340526
305 201 8 8 513274
304 200 10 10 719420
303 199 12 12 978501
302 198 14 14 1290730
301 197 16 16 1649497
300 196 18 18 2052627
307 203 4 4 202163
306 202 6 6 352958
305 201 8 8 534773
304 200 10 10 768105
303 199 12 12 1047810
302 198 14 14 1365047
301 197 16 16 1715053
300 196 18 18 2139809
307 203 4 4 194824
306 202 6 6 342522
305 201 8 8 520860
304 200 10 10 738224
303 199 12 12 1012912
302 198 14 14 1338016
301 197 16 16 1698088
300 196 18 18 2101752
307 203 4 4 192771
306 202 6 6 338056
305 201 8 8 514112
304 200 10 10 738956
303 199 12 12 1010728
302 198 14 14 1307633
301 197 16 16 1668011
300 196 18 18 2083368
307 203 4 4 189472
306 202 6 6 348724
305 201 8 8 520411
304 200 10 10 735880
303 199 12 12 1004531
302 198 14 14 1310051
301 197 16 16 1673923
300 196 18 18 2098583
307 203 4 4 201560
306 202 6 6 349128
305 201 8 8 521764
304 200 10 10 746937
303 199 12 12 1000551
302 198 14 14 1324234
301 197 16 16 1692615
300 196 18 18 2113766
307 203 4 4 195540
306 202 6 6 347586
305 201 8 8 529538
304 200 10 10 738183
303 199 12 12 1003756
302 198 14 14 1329627
301 197 16 16 1686256
300 196 18 18 2092903
307 203 4 4 192487
306 202 6 6 334538
305 201 8 8 513275
304 200 10 10 731087
303 199 12 12 990763
302 198 14 14 1305752
301 197 16 16 1676830
300 196 18 18 2091847
307 203 4 4 180049
306 202 6 6 324979
305 201 8 8 498393
304 200 10 10 723526
303 199 12 12 985273
302 198 14 14 1292475
301 197 16 16 1653849
300 196 18 18 2059466
307 203 4 4 203591
306 202 6 6 348146
305 201 8 8 539744
304 200 10 10 758240
303 199 12 12 1019990
302 198 14 14 1324316
301 197 16 16 1678507
300 196 18 18 2080942
307 203 4 4 190311
306 202 6 6 346478
305 201 8 8 528070
304 200 10 10 743044
303 199 12 12 1002892
302 198 14 14 1313659
301 197 16 16 1671183
300 196 18 18 2088396
