58 287 4 4 2723
57 286 6 6 5346
56 285 8 8 8616
55 284 10 10 12773
54 283 12 12 18072
53 282 14 14 24899
52 281 16 16 33587
51 280 18 18 41504
58 287 4 4 1757
57 286 6 6 4324
56 285 8 8 7808
55 284 10 10 11962
54 283 12 12 18147
53 282 14 14 23588
52 281 16 16 30087
51 280 18 18 39374
58 287 4 4 2129
57 286 6 6 4775
56 285 8 8 8191
55 284 10 10 12744
54 283 12 12 18831
53 282 14 14 25741
52 281 16 16 33130
51 280 18 18 40513
58 287 4 4 2139
57 286 6 6 4651
56 285 8 8 8206
55 284 10 10 12078
54 283 12 12 17751
53 282 14 14 24657
52 281 16 16 31563
51 280 18 18 41066
58 287 4 4 2474
57 286 6 6 4848
56 285 8 8 7607
55 284 10 10 11919
54 283 12 12 17433
53 282 14 14 23195
52 281 16 16 30929
51 280 18 18 40171
58 287 4 4 2266
57 286 6 6 4264
56 285 8 8 7503
55 284 10 10 12309
54 283 12 12 18284
53 282 14 14 24834
52 281 16 16 33069
51 280 18 18 41876
58 287 4 4 1737
57 286 6 6 3782
56 285 8 8 7024
55 284 10 10 11493
54 283 12 12 17419
53 282 14 14 24190
52 281 16 16 31703
51 280 18 18 40660
58 287 4 4 2237
57 286 6 6 4447
56 285 8 8 8669
55 284 10 10 12325
54 283 12 12 17268
53 282 14 14 23283
52 281 16 16 30891
51 280 18 18 38868
58 287 4 4 2023
57 286 6 6 4361
56 285 8 8 8769
55 284 10 10 13907
54 283 12 12 19080
53 282 14 14 26471
52 281 16 16 35094
51 280 18 18 43863
58 287 4 4 1877
57 286 6 6 4476
56 285 8 8 7722
55 284 10 10 11738
54 283 12 12 15981
53 282 14 14 22115
52 281 16 16 29554
51 280 18 18 37258
58 287 4 4 1720
57 286 6 6 3828
56 285 8 8 7345
55 284 10 10 11282
54 283 12 12 17030
53 282 14 14 23361
52 281 16 16 30945
51 280 18 18 40240
58 287 4 4 1625
57 286 6 6 4406
56 285 8 8 8087
55 284 10 10 12781
54 283 12 12 18286
53 282 14 14 24351
52 281 16 16 31710
51 280 18 18 41182
58 287 4 4 2247
57 286 6 6 4742
56 285 8 8 8400
55 284 10 10 12509
54 283 12 12 17339
53 282 14 14 22795
52 281 16 16 29071
51 280 18 18 36786
58 287 4 4 1495
57 286 6 6 3829
56 285 8 8 6879
55 284 10 10 10919
54 283 12 12 16001
53 282 14 14 22055
52 281 16 16 30388
51 280 18 18 38484
58 287 4 4 1740
57 286 6 6 3859
56 285 8 8 6332
55 284 10 10 10038
54 283 12 12 15281
53 282 14 14 21028
52 281 16 16 27624
51 280 18 18 35048
58 287 4 4 1621
57 286 6 6 4082
56 285 8 8 8192
55 284 10 10 12938
54 283 12 12 18558
53 282 14 14 24465
52 281 16 16 31961
51 280 18 18 41252
58 287 4 4 1822
57 286 6 6 4506
56 285 8 8 7873
55 284 10 10 12306
54 283 12 12 17911
53 282 14 14 24686
52 281 16 16 32273
51 280 18 18 40162
58 287 4 4 2086
57 286 6 6 4826
56 285 8 8 7655
55 284 10 10 11892
54 283 12 12 17754
53 282 14 14 23860
52 281 16 16 32074
51 280 18 18 39792
58 287 4 4 2032
57 286 6 6 4225
56 285 8 8 8213
55 284 10 10 13134
54 283 12 12 18419
53 282 14 14 25295
52 281 16 16 33297
51 280 18 18 41095
58 287 4 4 1792
57 286 6 6 3899
56 285 8 8 7174
55 284 10 10 11446
54 283 12 12 17117
53 282 14 14 23089
52 281 16 16 30458
51 280 18 18 38470
58 287 4 4 2163
57 286 6 6 4615
56 285 8 8 7528
55 284 10 10 11206
54 283 12 12 16138
53 282 14 14 21882
52 281 16 16 29232
51 280 18 18 36627
58 287 4 4 1833
57 286 6 6 4537
56 285 8 8 8925
55 284 10 10 13462
54 283 12 12 19444
53 282 14 14 25436
52 281 16 16 32431
51 280 18 18 42150
58 287 4 4 1849
57 286 6 6 4133
56 285 8 8 7141
55 284 10 10 12314
54 283 12 12 17568
53 282 14 14 23663
52 281 16 16 30867
51 280 18 18 39085
58 287 4 4 2247
57 286 6 6 4972
56 285 8 8 9949
55 284 10 10 14582
54 283 12 12 21947
53 282 14 14 31563
52 281 16 16 40727
51 280 18 18 50899
58 287 4 4 2041
57 286 6 6 4402
56 285 8 8 7947
55 284 10 10 13045
54 283 12 12 18813
53 282 14 14 25571
52 281 16 16 32856
51 280 18 18 41488
58 287 4 4 59591
57 286 6 6 109898
56 285 8 8 159481
55 284 10 10 219274
54 283 12 12 300602
53 282 14 14 389304
52 281 16 16 489114
51 280 18 18 609960
58 287 4 4 75522
57 286 6 6 128280
56 285 8 8 178654
55 284 10 10 240484
54 283 12 12 310111
53 282 14 14 388573
52 281 16 16 477932
51 280 18 18 589294
58 287 4 4 81389
57 286 6 6 131322
56 285 8 8 187877
55 284 10 10 257233
54 283 12 12 329708
53 282 14 14 414817
52 281 16 16 504194
51 280 18 18 618917
58 287 4 4 78576
57 286 6 6 126688
56 285 8 8 186081
55 284 10 10 248667
54 283 12 12 314268
53 282 14 14 402761
52 281 16 16 494249
51 280 18 18 593136
58 287 4 4 77823
57 286 6 6 117582
56 285 8 8 167758
55 284 10 10 230437
54 283 12 12 298918
53 282 14 14 375277
52 281 16 16 475425
51 280 18 18 578906
58 287 4 4 84013
57 286 6 6 131769
56 285 8 8 185265
55 284 10 10 244139
54 283 12 12 308570
53 282 14 14 393795
52 281 16 16 482830
51 280 18 18 590752
58 287 4 4 76759
57 286 6 6 126775
56 285 8 8 180086
55 284 10 10 235851
54 283 12 12 305986
53 282 14 14 390334
52 281 16 16 485331
51 280 18 18 592482
58 287 4 4 77587
57 286 6 6 123913
56 285 8 8 172714
55 284 10 10 232167
54 283 12 12 304759
53 282 14 14 382786
52 281 16 16 467640
51 280 18 18 569413
58 287 4 4 77156
57 286 6 6 124981
56 285 8 8 175677
55 284 10 10 237190
54 283 12 12 309039
53 282 14 14 392685
52 281 16 16 487234
51 280 18 18 599756
58 287 4 4 84593
57 286 6 6 132519
56 285 8 8 182308
55 284 10 10 252623
54 283 12 12 317928
53 282 14 14 396516
52 281 16 16 485367
51 280 18 18 585175
58 287 4 4 75807
57 286 6 6 129756
56 285 8 8 183521
55 284 10 10 243776
54 283 12 12 311367
53 282 14 14 393664
52 281 16 16 491610
51 280 18 18 598851
58 287 4 4 89528
57 286 6 6 144159
56 285 8 8 197638
55 284 10 10 266600
54 283 12 12 339170
53 282 14 14 420733
52 281 16 16 507790
51 280 18 18 611775
58 287 4 4 79517
57 286 6 6 132059
56 285 8 8 188851
55 284 10 10 247297
54 283 12 12 314169
53 282 14 14 402405
52 281 16 16 495132
51 280 18 18 605021
58 287 4 4 76050
57 286 6 6 126849
56 285 8 8 180715
55 284 10 10 237903
54 283 12 12 305329
53 282 14 14 387199
52 281 16 16 480644
51 280 18 18 584278
58 287 4 4 83540
57 286 6 6 129681
56 285 8 8 176717
55 284 10 10 233509
54 283 12 12 293427
53 282 14 14 374018
52 281 16 16 470752
51 280 18 18 574589
58 287 4 4 75881
57 286 6 6 122422
56 285 8 8 172406
55 284 10 10 237669
54 283 12 12 303807
53 282 14 14 371652
52 281 16 16 461613
51 280 18 18 555575
58 287 4 4 80054
57 286 6 6 129073
56 285 8 8 174243
55 284 10 10 242231
54 283 12 12 312268
53 282 14 14 392581
52 281 16 16 493125
51 280 18 18 597419
58 287 4 4 86802
57 286 6 6 136743
56 285 8 8 187305
55 284 10 10 247207
54 283 12 12 318248
53 282 14 14 404988
52 281 16 16 495768
51 280 18 18 599235
58 287 4 4 75615
57 286 6 6 129990
56 285 8 8 185678
55 284 10 10 248534
54 283 12 12 318391
53 282 14 14 405599
52 281 16 16 499759
51 280 18 18 598271
58 287 4 4 75833
57 286 6 6 124938
56 285 8 8 179469
55 284 10 10 239164
54 283 12 12 308437
53 282 14 14 393722
52 281 16 16 483809
51 280 18 18 587111
58 287 4 4 77907
57 286 6 6 130523
56 285 8 8 183770
55 284 10 10 242461
54 283 12 12 310505
53 282 14 14 387852
52 281 16 16 479083
51 280 18 18 580315
58 287 4 4 77382
57 286 6 6 127375
56 285 8 8 178223
55 284 10 10 238166
54 283 12 12 304437
53 282 14 14 390310
52 281 16 16 484274
51 280 18 18 588675
58 287 4 4 80198
57 286 6 6 138568
56 285 8 8 192537
55 284 10 10 255365
54 283 12 12 328744
53 282 14 14 408084
52 281 16 16 499744
51 280 18 18 609444
58 287 4 4 85268
57 286 6 6 129245
56 285 8 8 181808
55 284 10 10 239548
54 283 12 12 304643
53 282 14 14 390088
52 281 16 16 476482
51 280 18 18 578908
58 287 4 4 99739
57 286 6 6 146264
56 285 8 8 193774
55 284 10 10 251748
54 283 12 12 311695
53 282 14 14 386666
52 281 16 16 474143
51 280 18 18 588433
58 287 4 4 94766
57 286 6 6 145990
56 285 8 8 194225
55 284 10 10 259729
54 283 12 12 323843
53 282 14 14 405578
52 281 16 16 490730
51 280 18 18 586248
58 287 4 4 94777
57 286 6 6 141844
56 285 8 8 189798
55 284 10 10 251464
54 283 12 12 311250
53 282 14 14 394869
52 281 16 16 485110
51 280 18 18 586069
58 287 4 4 71115
57 286 6 6 116233
56 285 8 8 169702
55 284 10 10 233167
54 283 12 12 305972
53 282 14 14 386192
52 281 16 16 477546
51 280 18 18 582056
58 287 4 4 72477
57 286 6 6 121837
56 285 8 8 172915
55 284 10 10 232271
54 283 12 12 304056
53 282 14 14 383584
52 281 16 16 476522
51 280 18 18 589756
58 287 4 4 70085
57 286 6 6 120889
56 285 8 8 177026
55 284 10 10 247428
54 283 12 12 318914
53 282 14 14 401317
52 281 16 16 491104
51 280 18 18 595284
58 287 4 4 68338
57 286 6 6 116975
56 285 8 8 163303
55 284 10 10 224931
54 283 12 12 294403
53 282 14 14 373657
52 281 16 16 468451
51 280 18 18 578255
58 287 4 4 71996
57 286 6 6 119500
56 285 8 8 170605
55 284 10 10 234201
54 283 12 12 307973
53 282 14 14 386225
52 281 16 16 476998
51 280 18 18 579999
58 287 4 4 81438
57 286 6 6 129291
56 285 8 8 181392
55 284 10 10 242230
54 283 12 12 313041
53 282 14 14 387612
52 281 16 16 479822
51 280 18 18 587070
58 287 4 4 88515
57 286 6 6 133039
56 285 8 8 180886
55 284 10 10 241523
54 283 12 12 306954
53 282 14 14 379654
52 281 16 16 465101
51 280 18 18 564190
58 287 4 4 91686
57 286 6 6 139859
56 285 8 8 196308
55 284 10 10 255158
54 283 12 12 322519
53 282 14 14 401693
52 281 16 16 496495
51 280 18 18 604410
58 287 4 4 88354
57 286 6 6 133256
56 285 8 8 188792
55 284 10 10 247368
54 283 12 12 311727
53 282 14 14 390429
52 281 16 16 483159
51 280 18 18 589523
58 287 4 4 90347
57 286 6 6 142873
56 285 8 8 195765
55 284 10 10 258118
54 283 12 12 327529
53 282 14 14 409747
52 281 16 16 497776
51 280 18 18 599418
58 287 4 4 83823
57 286 6 6 137067
56 285 8 8 190076
55 284 10 10 252105
54 283 12 12 316657
53 282 14 14 393331
52 281 16 16 480734
51 280 18 18 577689
58 287 4 4 84418
57 286 6 6 130885
56 285 8 8 180475
55 284 10 10 233476
54 283 12 12 296354
53 282 14 14 373073
52 281 16 16 459296
51 280 18 18 555882
58 287 4 4 80479
57 286 6 6 131694
56 285 8 8 179837
55 284 10 10 235902
54 283 12 12 298910
53 282 14 14 383552
52 281 16 16 477550
51 280 18 18 575813
58 287 4 4 97094
57 286 6 6 145406
56 285 8 8 194241
55 284 10 10 249640
54 283 12 12 318975
53 282 14 14 400374
52 281 16 16 493241
51 280 18 18 602002
58 287 4 4 82076
57 286 6 6 122683
56 285 8 8 167820
55 284 10 10 230885
54 283 12 12 300523
53 282 14 14 373293
52 281 16 16 464681
51 280 18 18 564400
58 287 4 4 89220
57 286 6 6 140234
56 285 8 8 186586
55 284 10 10 245040
54 283 12 12 312440
53 282 14 14 382457
52 281 16 16 470209
51 280 18 18 564872
58 287 4 4 81816
57 286 6 6 131706
56 285 8 8 179392
55 284 10 10 241233
54 283 12 12 310580
53 282 14 14 399340
52 281 16 16 480270
51 280 18 18 576934
58 287 4 4 86111
57 286 6 6 130741
56 285 8 8 183358
55 284 10 10 233419
54 283 12 12 289856
53 282 14 14 363987
52 281 16 16 454301
51 280 18 18 549636
58 287 4 4 85250
57 286 6 6 128943
56 285 8 8 187088
55 284 10 10 243063
54 283 12 12 307942
53 282 14 14 387182
52 281 16 16 475052
51 280 18 18 588859
58 287 4 4 84876
57 286 6 6 129101
56 285 8 8 174621
55 284 10 10 226739
54 283 12 12 284325
53 282 14 14 356545
52 281 16 16 442756
51 280 18 18 548358
58 287 4 4 90453
57 286 6 6 138034
56 285 8 8 189662
55 284 10 10 245415
54 283 12 12 313334
53 282 14 14 384957
52 281 16 16 474591
51 280 18 18 581086
58 287 4 4 82176
57 286 6 6 132017
56 285 8 8 179002
55 284 10 10 240111
54 283 12 12 303424
53 282 14 14 375542
52 281 16 16 465369
51 280 18 18 566253
58 287 4 4 92241
57 286 6 6 145139
56 285 8 8 192330
55 284 10 10 253449
54 283 12 12 313629
53 282 14 14 397761
52 281 16 16 489135
51 280 18 18 596147
58 287 4 4 76415
57 286 6 6 121245
56 285 8 8 167657
55 284 10 10 225344
54 283 12 12 293619
53 282 14 14 373843
52 281 16 16 459298
51 280 18 18 563826
58 287 4 4 88545
57 286 6 6 135811
56 285 8 8 189983
55 284 10 10 237557
54 283 12 12 309491
53 282 14 14 387273
52 281 16 16 468481
51 280 18 18 569931
58 287 4 4 78451
57 286 6 6 124470
56 285 8 8 174976
55 284 10 10 233897
54 283 12 12 299752
53 282 14 14 371277
52 281 16 16 460963
51 280 18 18 556674
58 287 4 4 84188
57 286 6 6 128019
56 285 8 8 175327
55 284 10 10 234245
54 283 12 12 310273
53 282 14 14 396192
52 281 16 16 494804
51 280 18 18 606909
58 287 4 4 82245
57 286 6 6 130710
56 285 8 8 181580
55 284 10 10 242068
54 283 12 12 304634
53 282 14 14 378010
52 281 16 16 465350
51 280 18 18 571953
58 287 4 4 80557
57 286 6 6 132005
56 285 8 8 179467
55 284 10 10 236762
54 283 12 12 292148
53 282 14 14 365019
52 281 16 16 445240
51 280 18 18 543426
58 287 4 4 97054
57 286 6 6 140358
56 285 8 8 189914
55 284 10 10 245619
54 283 12 12 313772
53 282 14 14 385016
52 281 16 16 470523
51 280 18 18 571355
58 287 4 4 87512
57 286 6 6 133184
56 285 8 8 190371
55 284 10 10 246081
54 283 12 12 312891
53 282 14 14 390805
52 281 16 16 477829
51 280 18 18 578664
58 287 4 4 80047
57 286 6 6 131714
56 285 8 8 181272
55 284 10 10 238259
54 283 12 12 304894
53 282 14 14 378386
52 281 16 16 470505
51 280 18 18 581625
58 287 4 4 81207
57 286 6 6 127941
56 285 8 8 172787
55 284 10 10 231243
54 283 12 12 293164
53 282 14 14 366661
52 281 16 16 455995
51 280 18 18 560123
58 287 4 4 85898
57 286 6 6 133867
56 285 8 8 181473
55 284 10 10 236765
54 283 12 12 302207
53 282 14 14 378625
52 281 16 16 466308
51 280 18 18 567502
58 287 4 4 78836
57 286 6 6 125966
56 285 8 8 174823
55 284 10 10 230278
54 283 12 12 308662
53 282 14 14 389672
52 281 16 16 478003
51 280 18 18 583902
58 287 4 4 88495
57 286 6 6 137285
56 285 8 8 185734
55 284 10 10 249681
54 283 12 12 318912
53 282 14 14 398692
52 281 16 16 487107
51 280 18 18 585607
58 287 4 4 93873
57 286 6 6 139656
56 285 8 8 193077
55 284 10 10 249735
54 283 12 12 316877
53 282 14 14 393622
52 281 16 16 490605
51 280 18 18 587727
58 287 4 4 87668
57 286 6 6 135511
56 285 8 8 182895
55 284 10 10 240054
54 283 12 12 304567
53 282 14 14 384823
52 281 16 16 463320
51 280 18 18 566063
58 287 4 4 90914
57 286 6 6 136483
56 285 8 8 181993
55 284 10 10 236319
54 283 12 12 305565
53 282 14 14 385378
52 281 16 16 478294
51 280 18 18 574430
58 287 4 4 83190
57 286 6 6 126136
56 285 8 8 169487
55 284 10 10 231258
54 283 12 12 299516
53 282 14 14 374834
52 281 16 16 459696
51 280 18 18 557047
58 287 4 4 91074
57 286 6 6 138127
56 285 8 8 187255
55 284 10 10 253698
54 283 12 12 324989
53 282 14 14 396766
52 281 16 16 485748
51 280 18 18 603837
58 287 4 4 87670
57 286 6 6 142439
56 285 8 8 197747
55 284 10 10 252914
54 283 12 12 323181
53 282 14 14 397690
52 281 16 16 491633
51 280 18 18 589956
58 287 4 4 90626
57 286 6 6 135672
56 285 8 8 186167
55 284 10 10 243182
54 283 12 12 311148
53 282 14 14 391099
52 281 16 16 486464
51 280 18 18 590784
58 287 4 4 82684
57 286 6 6 129611
56 285 8 8 181833
55 284 10 10 235642
54 283 12 12 303081
53 282 14 14 376529
52 281 16 16 459885
51 280 18 18 558016
58 287 4 4 75354
57 286 6 6 127869
56 285 8 8 174372
55 284 10 10 232356
54 283 12 12 300862
53 282 14 14 375490
52 281 16 16 464241
51 280 18 18 567556
58 287 4 4 83805
57 286 6 6 135571
56 285 8 8 182475
55 284 10 10 242771
54 283 12 12 308337
53 282 14 14 380634
52 281 16 16 462842
51 280 18 18 570448
58 287 4 4 83027
57 286 6 6 130386
56 285 8 8 180813
55 284 10 10 238124
54 283 12 12 299870
53 282 14 14 372711
52 281 16 16 457644
51 280 18 18 555382
58 287 4 4 87299
57 286 6 6 133848
56 285 8 8 187514
55 284 10 10 251718
54 283 12 12 315512
53 282 14 14 387488
52 281 16 16 490198
51 280 18 18 580963
58 287 4 4 86467
57 286 6 6 131722
56 285 8 8 179787
55 284 10 10 240209
54 283 12 12 302516
53 282 14 14 381649
52 281 16 16 473593
51 280 18 18 576616
58 287 4 4 84454
57 286 6 6 133641
56 285 8 8 180211
55 284 10 10 237820
54 283 12 12 298384
53 282 14 14 381513
52 281 16 16 471097
51 280 18 18 571820
58 287 4 4 85096
57 286 6 6 130662
56 285 8 8 182510
55 284 10 10 235110
54 283 12 12 302709
53 282 14 14 380728
52 281 16 16 470973
51 280 18 18 563026
58 287 4 4 86870
57 286 6 6 132314
56 285 8 8 179305
55 284 10 10 233572
54 283 12 12 299114
53 282 14 14 375146
52 281 16 16 460665
51 280 18 18 561118
58 287 4 4 93466
57 286 6 6 141700
56 285 8 8 188655
55 284 10 10 243017
54 283 12 12 305383
53 282 14 14 385087
52 281 16 16 470075
51 280 18 18 572784
58 287 4 4 89604
57 286 6 6 141770
56 285 8 8 187353
55 284 10 10 247616
54 283 12 12 315546
53 282 14 14 396756
52 281 16 16 487673
51 280 18 18 587650
58 287 4 4 80861
57 286 6 6 129240
56 285 8 8 176360
55 284 10 10 235189
54 283 12 12 300440
53 282 14 14 377295
52 281 16 16 472141
51 280 18 18 572237
58 287 4 4 87211
57 286 6 6 135595
56 285 8 8 188173
55 284 10 10 243232
54 283 12 12 311361
53 282 14 14 390846
52 281 16 16 482731
51 280 18 18 579932
58 287 4 4 82749
57 286 6 6 135223
56 285 8 8 183498
55 284 10 10 238536
54 283 12 12 302666
53 282 14 14 391090
52 281 16 16 484809
51 280 18 18 583719
58 287 4 4 76492
57 286 6 6 124658
56 285 8 8 173168
55 284 10 10 229786
54 283 12 12 305747
53 282 14 14 385622
52 281 16 16 469881
51 280 18 18 573622
58 287 4 4 94468
57 286 6 6 139831
56 285 8 8 187367
55 284 10 10 247681
54 283 12 12 311760
53 282 14 14 389411
52 281 16 16 489198
51 280 18 18 582603
58 287 4 4 84002
57 286 6 6 130284
56 285 8 8 183931
55 284 10 10 238752
54 283 12 12 306721
53 282 14 14 380961
52 281 16 16 462303
51 280 18 18 556629
58 287 4 4 75768
57 286 6 6 119335
56 285 8 8 168576
55 284 10 10 220891
54 283 12 12 288124
53 282 14 14 368789
52 281 16 16 455260
51 280 18 18 564450
58 287 4 4 85731
57 286 6 6 130784
56 285 8 8 174601
55 284 10 10 233467
54 283 12 12 306901
53 282 14 14 380875
52 281 16 16 473157
51 280 18 18 580695
58 287 4 4 88485
57 286 6 6 138979
56 285 8 8 186833
55 284 10 10 241884
54 283 12 12 305911
53 282 14 14 388697
52 281 16 16 473071
51 280 18 18 580428
58 287 4 4 93272
57 286 6 6 141371
56 285 8 8 195775
55 284 10 10 251592
54 283 12 12 316210
53 282 14 14 394421
52 281 16 16 480980
51 280 18 18 576671
58 287 4 4 78361
57 286 6 6 125694
56 285 8 8 172249
55 284 10 10 227867
54 283 12 12 293417
53 282 14 14 370704
52 281 16 16 449502
51 280 18 18 554799
58 287 4 4 79475
57 286 6 6 124373
56 285 8 8 172101
55 284 10 10 227724
54 283 12 12 298013
53 282 14 14 376271
52 281 16 16 457050
51 280 18 18 561170
58 287 4 4 87060
57 286 6 6 132152
56 285 8 8 176993
55 284 10 10 230227
54 283 12 12 296179
53 282 14 14 370042
52 281 16 16 459289
51 280 18 18 552375
58 287 4 4 90360
57 286 6 6 141146
56 285 8 8 190415
55 284 10 10 243827
54 283 12 12 305434
53 282 14 14 385587
52 281 16 16 469854
51 280 18 18 573207
58 287 4 4 87801
57 286 6 6 132329
56 285 8 8 181012
55 284 10 10 232035
54 283 12 12 296992
53 282 14 14 373120
52 281 16 16 460092
51 280 18 18 558253
58 287 4 4 86363
57 286 6 6 130029
56 285 8 8 173491
55 284 10 10 232437
54 283 12 12 302203
53 282 14 14 378595
52 281 16 16 459317
51 280 18 18 568964
58 287 4 4 87227
57 286 6 6 137308
56 285 8 8 184200
55 284 10 10 239273
54 283 12 12 306869
53 282 14 14 389265
52 281 16 16 476161
51 280 18 18 577694
58 287 4 4 82839
57 286 6 6 131696
56 285 8 8 175795
55 284 10 10 231985
54 283 12 12 292936
53 282 14 14 364313
52 281 16 16 445537
51 280 18 18 546758
58 287 4 4 81363
57 286 6 6 125789
56 285 8 8 172868
55 284 10 10 231928
54 283 12 12 301156
53 282 14 14 377851
52 281 16 16 471453
51 280 18 18 568053
58 287 4 4 81473
57 286 6 6 123509
56 285 8 8 171348
55 284 10 10 231359
54 283 12 12 297382
53 282 14 14 369699
52 281 16 16 453549
51 280 18 18 553391
58 287 4 4 87469
57 286 6 6 134187
56 285 8 8 185418
55 284 10 10 239967
54 283 12 12 303378
53 282 14 14 373720
52 281 16 16 468833
51 280 18 18 582303
58 287 4 4 89488
57 286 6 6 134823
56 285 8 8 186495
55 284 10 10 231065
54 283 12 12 290505
53 282 14 14 372555
52 281 16 16 468301
51 280 18 18 575691
58 287 4 4 89160
57 286 6 6 131191
56 285 8 8 183621
55 284 10 10 237151
54 283 12 12 306089
53 282 14 14 373949
52 281 16 16 460676
51 280 18 18 558233
58 287 4 4 93742
57 286 6 6 142977
56 285 8 8 190705
55 284 10 10 246147
54 283 12 12 310514
53 282 14 14 382598
52 281 16 16 468516
51 280 18 18 572505
58 287 4 4 83195
57 286 6 6 123350
56 285 8 8 175098
55 284 10 10 232425
54 283 12 12 297961
53 282 14 14 371528
52 281 16 16 455869
51 280 18 18 564314
58 287 4 4 86153
57 286 6 6 131142
56 285 8 8 181100
55 284 10 10 233130
54 283 12 12 302217
53 282 14 14 376166
52 281 16 16 466597
51 280 18 18 557956
58 287 4 4 85011
57 286 6 6 128584
56 285 8 8 179767
55 284 10 10 235811
54 283 12 12 296827
53 282 14 14 372626
52 281 16 16 459576
51 280 18 18 562216
58 287 4 4 79195
57 286 6 6 127495
56 285 8 8 179636
55 284 10 10 237429
54 283 12 12 303983
53 282 14 14 375219
52 281 16 16 468715
51 280 18 18 562330
58 287 4 4 87123
57 286 6 6 137096
56 285 8 8 184319
55 284 10 10 244763
54 283 12 12 301027
53 282 14 14 373396
52 281 16 16 470125
51 280 18 18 578404
58 287 4 4 90249
57 286 6 6 139547
56 285 8 8 188257
55 284 10 10 245389
54 283 12 12 311648
53 282 14 14 385040
52 281 16 16 475791
51 280 18 18 579574
58 287 4 4 83664
57 286 6 6 125686
56 285 8 8 174802
55 284 10 10 226094
54 283 12 12 290773
53 282 14 14 363302
52 281 16 16 443584
51 280 18 18 546774
58 287 4 4 86392
57 286 6 6 130540
56 285 8 8 185294
55 284 10 10 242320
54 283 12 12 299160
53 282 14 14 365512
52 281 16 16 459531
51 280 18 18 558430
58 287 4 4 84833
57 286 6 6 127487
56 285 8 8 169319
55 284 10 10 229323
54 283 12 12 301302
53 282 14 14 374884
52 281 16 16 456969
51 280 18 18 559349
58 287 4 4 88744
57 286 6 6 132179
56 285 8 8 181330
55 284 10 10 234909
54 283 12 12 298239
53 282 14 14 368576
52 281 16 16 463389
51 280 18 18 566724
58 287 4 4 84562
57 286 6 6 137303
56 285 8 8 179234
55 284 10 10 233682
54 283 12 12 303759
53 282 14 14 384318
52 281 16 16 472630
51 280 18 18 583567
58 287 4 4 83109
57 286 6 6 132465
56 285 8 8 178052
55 284 10 10 235756
54 283 12 12 302080
53 282 14 14 388938
52 281 16 16 480806
51 280 18 18 581265
58 287 4 4 74161
57 286 6 6 120376
56 285 8 8 165511
55 284 10 10 222029
54 283 12 12 293056
53 282 14 14 365796
52 281 16 16 456446
51 280 18 18 565415
58 287 4 4 81485
57 286 6 6 131385
56 285 8 8 179276
55 284 10 10 229079
54 283 12 12 296386
53 282 14 14 374472
52 281 16 16 462743
51 280 18 18 564785
58 287 4 4 88535
57 286 6 6 135186
56 285 8 8 189347
55 284 10 10 244186
54 283 12 12 306227
53 282 14 14 372846
52 281 16 16 462379
51 280 18 18 560303
58 287 4 4 89990
57 286 6 6 135419
56 285 8 8 185338
55 284 10 10 243335
54 283 12 12 311957
53 282 14 14 387815
52 281 16 16 483460
51 280 18 18 587255
58 287 4 4 91165
57 286 6 6 139223
56 285 8 8 190833
55 284 10 10 250475
54 283 12 12 316021
53 282 14 14 396098
52 281 16 16 484922
51 280 18 18 584261
58 287 4 4 87346
57 286 6 6 132408
56 285 8 8 181917
55 284 10 10 241171
54 283 12 12 307914
53 282 14 14 377916
52 281 16 16 464799
51 280 18 18 562495
58 287 4 4 86846
57 286 6 6 132602
56 285 8 8 181703
55 284 10 10 237117
54 283 12 12 301052
53 282 14 14 371724
52 281 16 16 460251
51 280 18 18 576093
58 287 4 4 87448
57 286 6 6 143253
56 285 8 8 193009
55 284 10 10 248164
54 283 12 12 317956
53 282 14 14 394307
52 281 16 16 490715
51 280 18 18 592411
58 287 4 4 78581
57 286 6 6 121917
56 285 8 8 170619
55 284 10 10 231508
54 283 12 12 297328
53 282 14 14 370387
52 281 16 16 457127
51 280 18 18 566694
58 287 4 4 91123
57 286 6 6 137641
56 285 8 8 190457
55 284 10 10 247104
54 283 12 12 318272
53 282 14 14 395164
52 281 16 16 478497
51 280 18 18 574704
58 287 4 4 84323
57 286 6 6 128893
56 285 8 8 173227
55 284 10 10 227482
54 283 12 12 297268
53 282 14 14 378710
52 281 16 16 468045
51 280 18 18 566447
58 287 4 4 87031
57 286 6 6 135740
56 285 8 8 175427
55 284 10 10 231944
54 283 12 12 300366
53 282 14 14 377673
52 281 16 16 462053
51 280 18 18 568790
58 287 4 4 78595
57 286 6 6 121049
56 285 8 8 167928
55 284 10 10 223637
54 283 12 12 285363
53 282 14 14 356493
52 281 16 16 449417
51 280 18 18 555155
58 287 4 4 97101
57 286 6 6 146551
56 285 8 8 188074
55 284 10 10 245704
54 283 12 12 313028
53 282 14 14 379692
52 281 16 16 465871
51 280 18 18 563121
58 287 4 4 91338
57 286 6 6 140328
56 285 8 8 197435
55 284 10 10 258516
54 283 12 12 320679
53 282 14 14 388965
52 281 16 16 481185
51 280 18 18 575667
58 287 4 4 80666
57 286 6 6 121730
56 285 8 8 172747
55 284 10 10 230989
54 283 12 12 292508
53 282 14 14 378515
52 281 16 16 460298
51 280 18 18 561227
58 287 4 4 87751
57 286 6 6 133184
56 285 8 8 181956
55 284 10 10 235121
54 283 12 12 297078
53 282 14 14 371009
52 281 16 16 458625
51 280 18 18 556389
58 287 4 4 89618
57 286 6 6 134937
56 285 8 8 180032
55 284 10 10 236850
54 283 12 12 301338
53 282 14 14 379912
52 281 16 16 466644
51 280 18 18 567416
58 287 4 4 91362
57 286 6 6 142186
56 285 8 8 184818
55 284 10 10 241456
54 283 12 12 306219
53 282 14 14 381652
52 281 16 16 472727
51 280 18 18 579629
58 287 4 4 85686
57 286 6 6 136700
56 285 8 8 189802
55 284 10 10 248172
54 283 12 12 314606
53 282 14 14 399838
52 281 16 16 488495
51 280 18 18 589444
58 287 4 4 87143
57 286 6 6 133955
56 285 8 8 192556
55 284 10 10 251912
54 283 12 12 321612
53 282 14 14 391112
52 281 16 16 467722
51 280 18 18 571108
58 287 4 4 85956
57 286 6 6 126426
56 285 8 8 178095
55 284 10 10 233096
54 283 12 12 302596
53 282 14 14 381007
52 281 16 16 473810
51 280 18 18 581819
58 287 4 4 76696
57 286 6 6 124591
56 285 8 8 176787
55 284 10 10 230497
54 283 12 12 292894
53 282 14 14 367578
52 281 16 16 460469
51 280 18 18 555880
58 287 4 4 86797
57 286 6 6 131444
56 285 8 8 186336
55 284 10 10 241625
54 283 12 12 304120
53 282 14 14 386327
52 281 16 16 469218
51 280 18 18 564979
58 287 4 4 86271
57 286 6 6 132187
56 285 8 8 182046
55 284 10 10 236664
54 283 12 12 303455
53 282 14 14 377337
52 281 16 16 461199
51 280 18 18 565945
58 287 4 4 81740
57 286 6 6 124351
56 285 8 8 169988
55 284 10 10 236236
54 283 12 12 308159
53 282 14 14 385032
52 281 16 16 469662
51 280 18 18 567842
58 287 4 4 88314
57 286 6 6 132660
56 285 8 8 180274
55 284 10 10 238991
54 283 12 12 305525
53 282 14 14 380538
52 281 16 16 462210
51 280 18 18 567648
58 287 4 4 94309
57 286 6 6 139286
56 285 8 8 187412
55 284 10 10 239181
54 283 12 12 302943
53 282 14 14 376491
52 281 16 16 459113
51 280 18 18 568217
58 287 4 4 87273
57 286 6 6 135292
56 285 8 8 186494
55 284 10 10 248307
54 283 12 12 315428
53 282 14 14 390559
52 281 16 16 479844
51 280 18 18 587834
58 287 4 4 80670
57 286 6 6 125669
56 285 8 8 175379
55 284 10 10 229067
54 283 12 12 297751
53 282 14 14 378249
52 281 16 16 464997
51 280 18 18 558239
58 287 4 4 86188
57 286 6 6 133853
56 285 8 8 186187
55 284 10 10 243731
54 283 12 12 310967
53 282 14 14 389495
52 281 16 16 482964
51 280 18 18 582644
58 287 4 4 88204
57 286 6 6 132375
56 285 8 8 183755
55 284 10 10 237265
54 283 12 12 304278
53 282 14 14 386625
52 281 16 16 476174
51 280 18 18 576544
58 287 4 4 83315
57 286 6 6 126916
56 285 8 8 178881
55 284 10 10 242134
54 283 12 12 307051
53 282 14 14 380714
52 281 16 16 463246
51 280 18 18 564207
58 287 4 4 93259
57 286 6 6 141021
56 285 8 8 194014
55 284 10 10 249493
54 283 12 12 318634
53 282 14 14 399113
52 281 16 16 486836
51 280 18 18 578253
58 287 4 4 79596
57 286 6 6 127559
56 285 8 8 182217
55 284 10 10 250857
54 283 12 12 319239
53 282 14 14 400827
52 281 16 16 487374
51 280 18 18 586834
58 287 4 4 90829
57 286 6 6 134606
56 285 8 8 185064
55 284 10 10 248828
54 283 12 12 316785
53 282 14 14 392278
52 281 16 16 473422
51 280 18 18 574737
58 287 4 4 86387
57 286 6 6 125959
56 285 8 8 176638
55 284 10 10 234968
54 283 12 12 301116
53 282 14 14 372717
52 281 16 16 461803
51 280 18 18 553200
58 287 4 4 86174
57 286 6 6 127723
56 285 8 8 168319
55 284 10 10 226690
54 283 12 12 294401
53 282 14 14 364430
52 281 16 16 453581
51 280 18 18 556652
58 287 4 4 79410
57 286 6 6 122752
56 285 8 8 176120
55 284 10 10 234639
54 283 12 12 299382
53 282 14 14 371995
52 281 16 16 461093
51 280 18 18 560369
58 287 4 4 83680
57 286 6 6 125474
56 285 8 8 172579
55 284 10 10 234502
54 283 12 12 301104
53 282 14 14 373609
52 281 16 16 463799
51 280 18 18 555901
58 287 4 4 88875
57 286 6 6 137012
56 285 8 8 184671
55 284 10 10 238703
54 283 12 12 299828
53 282 14 14 370698
52 281 16 16 452926
51 280 18 18 554712
58 287 4 4 83947
57 286 6 6 129098
56 285 8 8 179544
55 284 10 10 237470
54 283 12 12 304765
53 282 14 14 383140
52 281 16 16 474999
51 280 18 18 588558
58 287 4 4 81476
57 286 6 6 125416
56 285 8 8 181507
55 284 10 10 243626
54 283 12 12 305878
53 282 14 14 385111
52 281 16 16 465324
51 280 18 18 552590
58 287 4 4 79549
57 286 6 6 116577
56 285 8 8 164809
55 284 10 10 227807
54 283 12 12 291027
53 282 14 14 369956
52 281 16 16 464384
51 280 18 18 564665
58 287 4 4 73845
57 286 6 6 120983
56 285 8 8 168349
55 284 10 10 218863
54 283 12 12 290707
53 282 14 14 367376
52 281 16 16 450416
51 280 18 18 548895
58 287 4 4 85274
57 286 6 6 134737
56 285 8 8 182990
55 284 10 10 246055
54 283 12 12 317503
53 282 14 14 389650
52 281 16 16 485677
51 280 18 18 586353
58 287 4 4 82940
57 286 6 6 134814
56 285 8 8 182589
55 284 10 10 243141
54 283 12 12 308585
53 282 14 14 390119
52 281 16 16 483093
51 280 18 18 586097
58 287 4 4 85458
57 286 6 6 132445
56 285 8 8 184382
55 284 10 10 240476
54 283 12 12 305172
53 282 14 14 385868
52 281 16 16 474051
51 280 18 18 569179
58 287 4 4 84293
57 286 6 6 135671
56 285 8 8 181892
55 284 10 10 233234
54 283 12 12 304354
53 282 14 14 382290
52 281 16 16 469319
51 280 18 18 568988
58 287 4 4 72915
57 286 6 6 115925
56 285 8 8 166667
55 284 10 10 225842
54 283 12 12 292781
53 282 14 14 372634
52 281 16 16 461981
51 280 18 18 557557
58 287 4 4 86186
57 286 6 6 127975
56 285 8 8 171871
55 284 10 10 225251
54 283 12 12 293806
53 282 14 14 368315
52 281 16 16 453315
51 280 18 18 545949
58 287 4 4 85843
57 286 6 6 135567
56 285 8 8 187803
55 284 10 10 252398
54 283 12 12 323062
53 282 14 14 395513
52 281 16 16 485387
51 280 18 18 595815
58 287 4 4 77612
57 286 6 6 120361
56 285 8 8 173281
55 284 10 10 228234
54 283 12 12 288893
53 282 14 14 362832
52 281 16 16 450090
51 280 18 18 552210
58 287 4 4 83179
57 286 6 6 129050
56 285 8 8 172758
55 284 10 10 230770
54 283 12 12 303270
53 282 14 14 376568
52 281 16 16 460710
51 280 18 18 566042
58 287 4 4 84387
57 286 6 6 127297
56 285 8 8 175803
55 284 10 10 230260
54 283 12 12 295955
53 282 14 14 375463
52 281 16 16 469866
51 280 18 18 563646
58 287 4 4 93319
57 286 6 6 137914
56 285 8 8 188283
55 284 10 10 237758
54 283 12 12 305129
53 282 14 14 382567
52 281 16 16 466228
51 280 18 18 571239
58 287 4 4 82776
57 286 6 6 125240
56 285 8 8 173357
55 284 10 10 229573
54 283 12 12 304727
53 282 14 14 383568
52 281 16 16 479154
51 280 18 18 570923
58 287 4 4 80885
57 286 6 6 126914
56 285 8 8 175435
55 284 10 10 234473
54 283 12 12 295707
53 282 14 14 369446
52 281 16 16 452304
51 280 18 18 556295
58 287 4 4 81721
57 286 6 6 127523
56 285 8 8 175685
55 284 10 10 232206
54 283 12 12 295410
53 282 14 14 374434
52 281 16 16 455510
51 280 18 18 556545
58 287 4 4 88071
57 286 6 6 131308
56 285 8 8 185720
55 284 10 10 237804
54 283 12 12 302525
53 282 14 14 373699
52 281 16 16 469999
51 280 18 18 567951
58 287 4 4 88920
57 286 6 6 131407
56 285 8 8 174557
55 284 10 10 229602
54 283 12 12 298402
53 282 14 14 376408
52 281 16 16 459257
51 280 18 18 555528
58 287 4 4 85945
57 286 6 6 128162
56 285 8 8 177865
55 284 10 10 235529
54 283 12 12 298353
53 282 14 14 372618
52 281 16 16 460149
51 280 18 18 558132
58 287 4 4 84208
57 286 6 6 131317
56 285 8 8 180583
55 284 10 10 238541
54 283 12 12 300645
53 282 14 14 374637
52 281 16 16 458909
51 280 18 18 565568
58 287 4 4 90097
57 286 6 6 136184
56 285 8 8 185895
55 284 10 10 243373
54 283 12 12 308508
53 282 14 14 387507
52 281 16 16 471707
51 280 18 18 574958
58 287 4 4 88413
57 286 6 6 132512
56 285 8 8 184597
55 284 10 10 244878
54 283 12 12 309377
53 282 14 14 386669
52 281 16 16 469052
51 280 18 18 563726
58 287 4 4 87326
57 286 6 6 128550
56 285 8 8 177645
55 284 10 10 230024
54 283 12 12 295157
53 282 14 14 376580
52 281 16 16 457636
51 280 18 18 557992
58 287 4 4 89630
57 286 6 6 132812
56 285 8 8 175185
55 284 10 10 232273
54 283 12 12 298078
53 282 14 14 375622
52 281 16 16 469808
51 280 18 18 567518
58 287 4 4 87668
57 286 6 6 129087
56 285 8 8 183738
55 284 10 10 240025
54 283 12 12 315009
53 282 14 14 392200
52 281 16 16 478956
51 280 18 18 581721
58 287 4 4 84072
57 286 6 6 129644
56 285 8 8 181981
55 284 10 10 237035
54 283 12 12 302066
53 282 14 14 377848
52 281 16 16 467542
51 280 18 18 567278
58 287 4 4 81537
57 286 6 6 130676
56 285 8 8 181095
55 284 10 10 238199
54 283 12 12 303726
53 282 14 14 372828
52 281 16 16 458773
51 280 18 18 560659
58 287 4 4 84687
57 286 6 6 135959
56 285 8 8 187240
55 284 10 10 241967
54 283 12 12 305920
53 282 14 14 384785
52 281 16 16 487637
51 280 18 18 586177
58 287 4 4 88682
57 286 6 6 136402
56 285 8 8 185079
55 284 10 10 239410
54 283 12 12 303635
53 282 14 14 380408
52 281 16 16 468073
51 280 18 18 565236
58 287 4 4 81535
57 286 6 6 135042
56 285 8 8 180121
55 284 10 10 243833
54 283 12 12 315797
53 282 14 14 398481
52 281 16 16 487688
51 280 18 18 593920
58 287 4 4 81406
57 286 6 6 127715
56 285 8 8 170196
55 284 10 10 223716
54 283 12 12 295149
53 282 14 14 377210
52 281 16 16 469296
51 280 18 18 571842
58 287 4 4 80546
57 286 6 6 128630
56 285 8 8 181945
55 284 10 10 238489
54 283 12 12 304738
53 282 14 14 381064
52 281 16 16 470373
51 280 18 18 571512
58 287 4 4 83453
57 286 6 6 130323
56 285 8 8 180820
55 284 10 10 235284
54 283 12 12 301230
53 282 14 14 384740
52 281 16 16 468823
51 280 18 18 570512
58 287 4 4 80709
57 286 6 6 128166
56 285 8 8 178844
55 284 10 10 234067
54 283 12 12 303600
53 282 14 14 379030
52 281 16 16 470155
51 280 18 18 578621
58 287 4 4 93117
57 286 6 6 141169
56 285 8 8 189281
55 284 10 10 249791
54 283 12 12 320176
53 282 14 14 396848
52 281 16 16 486747
51 280 18 18 592163
58 287 4 4 82809
57 286 6 6 123363
56 285 8 8 173434
55 284 10 10 235175
54 283 12 12 306079
53 282 14 14 385737
52 281 16 16 474196
51 280 18 18 579087
58 287 4 4 80282
57 286 6 6 128843
56 285 8 8 178846
55 284 10 10 235254
54 283 12 12 293734
53 282 14 14 365372
52 281 16 16 449348
51 280 18 18 550493
58 287 4 4 93794
57 286 6 6 137849
56 285 8 8 187186
55 284 10 10 240434
54 283 12 12 308347
53 282 14 14 381019
52 281 16 16 471314
51 280 18 18 575021
58 287 4 4 84507
57 286 6 6 126320
56 285 8 8 182892
55 284 10 10 243881
54 283 12 12 311462
53 282 14 14 392478
52 281 16 16 481145
51 280 18 18 580132
58 287 4 4 92448
57 286 6 6 141161
56 285 8 8 190558
55 284 10 10 243033
54 283 12 12 312956
53 282 14 14 393159
52 281 16 16 478690
51 280 18 18 587212
58 287 4 4 91456
57 286 6 6 139745
56 285 8 8 183863
55 284 10 10 235883
54 283 12 12 296420
53 282 14 14 373051
52 281 16 16 463773
51 280 18 18 562876
58 287 4 4 82791
57 286 6 6 127819
56 285 8 8 167651
55 284 10 10 230446
54 283 12 12 296884
53 282 14 14 374783
52 281 16 16 461623
51 280 18 18 559319
58 287 4 4 77307
57 286 6 6 120088
56 285 8 8 167953
55 284 10 10 224905
54 283 12 12 292613
53 282 14 14 380897
52 281 16 16 468956
51 280 18 18 569016
58 287 4 4 81602
57 286 6 6 125736
56 285 8 8 175390
55 284 10 10 236073
54 283 12 12 297037
53 282 14 14 376984
52 281 16 16 464455
51 280 18 18 562210
58 287 4 4 82394
57 286 6 6 132704
56 285 8 8 179413
55 284 10 10 230081
54 283 12 12 287391
53 282 14 14 365773
52 281 16 16 452304
51 280 18 18 555996
58 287 4 4 81870
57 286 6 6 123845
56 285 8 8 169201
55 284 10 10 233016
54 283 12 12 299783
53 282 14 14 380508
52 281 16 16 460372
51 280 18 18 569332
58 287 4 4 85345
57 286 6 6 134420
56 285 8 8 180351
55 284 10 10 237124
54 283 12 12 300535
53 282 14 14 381039
52 281 16 16 475413
51 280 18 18 585690
58 287 4 4 94623
57 286 6 6 142422
56 285 8 8 191570
55 284 10 10 245443
54 283 12 12 312389
53 282 14 14 389403
52 281 16 16 474957
51 280 18 18 574702
58 287 4 4 95368
57 286 6 6 145407
56 285 8 8 194928
55 284 10 10 244941
54 283 12 12 315063
53 282 14 14 381720
52 281 16 16 467977
51 280 18 18 574585
58 287 4 4 76097
57 286 6 6 118932
56 285 8 8 170049
55 284 10 10 225852
54 283 12 12 293999
53 282 14 14 377308
52 281 16 16 463262
51 280 18 18 563743
58 287 4 4 81830
57 286 6 6 125032
56 285 8 8 176956
55 284 10 10 233772
54 283 12 12 302569
53 282 14 14 377315
52 281 16 16 471680
51 280 18 18 575202
58 287 4 4 79380
57 286 6 6 124644
56 285 8 8 169939
55 284 10 10 216548
54 283 12 12 283162
53 282 14 14 363075
52 281 16 16 454961
51 280 18 18 558224
58 287 4 4 76364
57 286 6 6 121412
56 285 8 8 173470
55 284 10 10 233974
54 283 12 12 302709
53 282 14 14 381054
52 281 16 16 472754
51 280 18 18 572316
58 287 4 4 81908
57 286 6 6 126378
56 285 8 8 175796
55 284 10 10 240546
54 283 12 12 299660
53 282 14 14 373589
52 281 16 16 459647
51 280 18 18 561613
58 287 4 4 87275
57 286 6 6 135591
56 285 8 8 182962
55 284 10 10 240189
54 283 12 12 317395
53 282 14 14 394413
52 281 16 16 479662
51 280 18 18 582129
58 287 4 4 84923
57 286 6 6 128427
56 285 8 8 179738
55 284 10 10 243657
54 283 12 12 311688
53 282 14 14 392086
52 281 16 16 486599
51 280 18 18 586717
58 287 4 4 87537
57 286 6 6 133485
56 285 8 8 181522
55 284 10 10 238713
54 283 12 12 299833
53 282 14 14 381065
52 281 16 16 474650
51 280 18 18 583611
58 287 4 4 92285
57 286 6 6 143184
56 285 8 8 200293
55 284 10 10 258463
54 283 12 12 324243
53 282 14 14 398225
52 281 16 16 483111
51 280 18 18 588132
58 287 4 4 82434
57 286 6 6 127874
56 285 8 8 182957
55 284 10 10 244244
54 283 12 12 308458
53 282 14 14 392480
52 281 16 16 483679
51 280 18 18 587827
58 287 4 4 77786
57 286 6 6 130484
56 285 8 8 171733
55 284 10 10 240158
54 283 12 12 310982
53 282 14 14 392373
52 281 16 16 486216
51 280 18 18 591956
58 287 4 4 93930
57 286 6 6 144282
56 285 8 8 210796
55 284 10 10 280631
54 283 12 12 368480
53 282 14 14 453602
52 281 16 16 556021
51 280 18 18 660232
58 287 4 4 84095
57 286 6 6 134082
56 285 8 8 186575
55 284 10 10 241572
54 283 12 12 313897
53 282 14 14 383744
52 281 16 16 473726
51 280 18 18 573148
58 287 4 4 79732
57 286 6 6 126357
56 285 8 8 174320
55 284 10 10 239821
54 283 12 12 302727
53 282 14 14 384549
52 281 16 16 477605
51 280 18 18 578904
58 287 4 4 83586
57 286 6 6 127705
56 285 8 8 178592
55 284 10 10 234972
54 283 12 12 297368
53 282 14 14 367414
52 281 16 16 453747
51 280 18 18 564536
58 287 4 4 82326
57 286 6 6 129212
56 285 8 8 172902
55 284 10 10 225609
54 283 12 12 295363
53 282 14 14 372939
52 281 16 16 456603
51 280 18 18 562109
58 287 4 4 80795
57 286 6 6 129331
56 285 8 8 177195
55 284 10 10 236045
54 283 12 12 305634
53 282 14 14 380131
52 281 16 16 473150
51 280 18 18 576164
58 287 4 4 83017
57 286 6 6 128464
56 285 8 8 179452
55 284 10 10 240285
54 283 12 12 304502
53 282 14 14 380255
52 281 16 16 470887
51 280 18 18 572427
58 287 4 4 82721
57 286 6 6 126474
56 285 8 8 179273
55 284 10 10 237537
54 283 12 12 300205
53 282 14 14 369821
52 281 16 16 456535
51 280 18 18 552861
58 287 4 4 82086
57 286 6 6 126531
56 285 8 8 172211
55 284 10 10 223216
54 283 12 12 283967
53 282 14 14 352929
52 281 16 16 442094
51 280 18 18 543980
58 287 4 4 84623
57 286 6 6 125968
56 285 8 8 171712
55 284 10 10 221683
54 283 12 12 281195
53 282 14 14 351979
52 281 16 16 434164
51 280 18 18 528813
58 287 4 4 85688
57 286 6 6 132209
56 285 8 8 180309
55 284 10 10 237166
54 283 12 12 303588
53 282 14 14 383572
52 281 16 16 463446
51 280 18 18 558717
58 287 4 4 76749
57 286 6 6 119533
56 285 8 8 165068
55 284 10 10 222813
54 283 12 12 296470
53 282 14 14 375538
52 281 16 16 459612
51 280 18 18 555747
58 287 4 4 89518
57 286 6 6 127885
56 285 8 8 176175
55 284 10 10 231084
54 283 12 12 298478
53 282 14 14 374780
52 281 16 16 460845
51 280 18 18 561681
58 287 4 4 81980
57 286 6 6 126299
56 285 8 8 177281
55 284 10 10 234136
54 283 12 12 302052
53 282 14 14 382294
52 281 16 16 465180
51 280 18 18 560512
58 287 4 4 85424
57 286 6 6 126262
56 285 8 8 174368
55 284 10 10 233745
54 283 12 12 302635
53 282 14 14 381210
52 281 16 16 468550
51 280 18 18 578016
58 287 4 4 89359
57 286 6 6 133509
56 285 8 8 179940
55 284 10 10 234883
54 283 12 12 309874
53 282 14 14 381521
52 281 16 16 469389
51 280 18 18 562836
58 287 4 4 84211
57 286 6 6 130203
56 285 8 8 173218
55 284 10 10 228308
54 283 12 12 297537
53 282 14 14 381585
52 281 16 16 474482
51 280 18 18 582941
58 287 4 4 82601
57 286 6 6 124550
56 285 8 8 177599
55 284 10 10 243720
54 283 12 12 308872
53 282 14 14 387835
52 281 16 16 475273
51 280 18 18 584494
58 287 4 4 77137
57 286 6 6 128315
56 285 8 8 175367
55 284 10 10 238225
54 283 12 12 300708
53 282 14 14 378066
52 281 16 16 460525
51 280 18 18 557658
58 287 4 4 86166
57 286 6 6 129118
56 285 8 8 183322
55 284 10 10 239931
54 283 12 12 309066
53 282 14 14 383015
52 281 16 16 473465
51 280 18 18 568015
58 287 4 4 83908
57 286 6 6 124347
56 285 8 8 173207
55 284 10 10 228218
54 283 12 12 298696
53 282 14 14 368023
52 281 16 16 451466
51 280 18 18 545814
58 287 4 4 81622
57 286 6 6 132816
56 285 8 8 182106
55 284 10 10 240324
54 283 12 12 309706
53 282 14 14 387877
52 281 16 16 475118
51 280 18 18 579674
58 287 4 4 79420
57 286 6 6 125999
56 285 8 8 167121
55 284 10 10 224254
54 283 12 12 296829
53 282 14 14 376236
52 281 16 16 456698
51 280 18 18 555578
58 287 4 4 89164
57 286 6 6 137795
56 285 8 8 185037
55 284 10 10 246847
54 283 12 12 312643
53 282 14 14 396513
52 281 16 16 484847
51 280 18 18 576748
58 287 4 4 82370
57 286 6 6 121680
56 285 8 8 167172
55 284 10 10 223585
54 283 12 12 286432
53 282 14 14 358856
52 281 16 16 447740
51 280 18 18 539200
58 287 4 4 82533
57 286 6 6 121807
56 285 8 8 171092
55 284 10 10 232516
54 283 12 12 297919
53 282 14 14 368897
52 281 16 16 452028
51 280 18 18 551705
58 287 4 4 77773
57 286 6 6 122814
56 285 8 8 171386
55 284 10 10 224228
54 283 12 12 286066
53 282 14 14 359661
52 281 16 16 451478
51 280 18 18 549012
58 287 4 4 77526
57 286 6 6 125029
56 285 8 8 170334
55 284 10 10 227644
54 283 12 12 291798
53 282 14 14 370224
52 281 16 16 452610
51 280 18 18 552815
58 287 4 4 83730
57 286 6 6 135936
56 285 8 8 181021
55 284 10 10 241472
54 283 12 12 298942
53 282 14 14 370682
52 281 16 16 452479
51 280 18 18 552106
58 287 4 4 77917
57 286 6 6 126508
56 285 8 8 175645
55 284 10 10 237630
54 283 12 12 303024
53 282 14 14 378191
52 281 16 16 464773
51 280 18 18 556246
58 287 4 4 78982
57 286 6 6 122929
56 285 8 8 168075
55 284 10 10 226655
54 283 12 12 294039
53 282 14 14 364288
52 281 16 16 455311
51 280 18 18 551553
58 287 4 4 81097
57 286 6 6 125834
56 285 8 8 173232
55 284 10 10 233030
54 283 12 12 302679
53 282 14 14 373163
52 281 16 16 466040
51 280 18 18 570020
58 287 4 4 84194
57 286 6 6 127285
56 285 8 8 177633
55 284 10 10 237760
54 283 12 12 309914
53 282 14 14 394964
52 281 16 16 478888
51 280 18 18 577477
58 287 4 4 69174
57 286 6 6 119587
56 285 8 8 174965
55 284 10 10 232719
54 283 12 12 300099
53 282 14 14 370985
52 281 16 16 457885
51 280 18 18 559387
58 287 4 4 83090
57 286 6 6 126907
56 285 8 8 179099
55 284 10 10 233466
54 283 12 12 307159
53 282 14 14 383544
52 281 16 16 472071
51 280 18 18 568295
58 287 4 4 79931
57 286 6 6 118445
56 285 8 8 161362
55 284 10 10 216161
54 283 12 12 287909
53 282 14 14 358292
52 281 16 16 444960
51 280 18 18 539407
58 287 4 4 79408
57 286 6 6 124200
56 285 8 8 167783
55 284 10 10 226918
54 283 12 12 295497
53 282 14 14 372151
52 281 16 16 454021
51 280 18 18 559622
58 287 4 4 76184
57 286 6 6 112907
56 285 8 8 156203
55 284 10 10 211381
54 283 12 12 273891
53 282 14 14 347098
52 281 16 16 433777
51 280 18 18 529551
58 287 4 4 79271
57 286 6 6 126956
56 285 8 8 169615
55 284 10 10 223903
54 283 12 12 290495
53 282 14 14 369267
52 281 16 16 463552
51 280 18 18 559415
58 287 4 4 84961
57 286 6 6 133904
56 285 8 8 184815
55 284 10 10 251995
54 283 12 12 318135
53 282 14 14 395802
52 281 16 16 475162
51 280 18 18 579225
58 287 4 4 80887
57 286 6 6 122526
56 285 8 8 165934
55 284 10 10 227256
54 283 12 12 292123
53 282 14 14 360617
52 281 16 16 450373
51 280 18 18 555221
58 287 4 4 81296
57 286 6 6 130838
56 285 8 8 182188
55 284 10 10 238476
54 283 12 12 304050
53 282 14 14 387416
52 281 16 16 477099
51 280 18 18 572926
58 287 4 4 81286
57 286 6 6 130136
56 285 8 8 177306
55 284 10 10 229428
54 283 12 12 299571
53 282 14 14 365291
52 281 16 16 450316
51 280 18 18 545428
