325 296 4 4 2578
324 295 6 6 5729
323 294 8 8 9482
322 293 10 10 13848
321 292 12 12 19134
320 291 14 14 25626
319 290 16 16 32745
318 289 18 18 41342
325 296 4 4 1698
324 295 6 6 3876
323 294 8 8 7256
322 293 10 10 11160
321 292 12 12 16874
320 291 14 14 22529
319 290 16 16 29165
318 289 18 18 38028
325 296 4 4 2136
324 295 6 6 4540
323 294 8 8 8126
322 293 10 10 13021
321 292 12 12 18247
320 291 14 14 24622
319 290 16 16 32027
318 289 18 18 40687
325 296 4 4 1594
324 295 6 6 3832
323 294 8 8 6757
322 293 10 10 10909
321 292 12 12 16725
320 291 14 14 22910
319 290 16 16 29823
318 289 18 18 37350
325 296 4 4 1799
324 295 6 6 4293
323 294 8 8 7843
322 293 10 10 11734
321 292 12 12 16609
320 291 14 14 23601
319 290 16 16 30658
318 289 18 18 38804
325 296 4 4 1647
324 295 6 6 4181
323 294 8 8 8112
322 293 10 10 12383
321 292 12 12 17994
320 291 14 14 24798
319 290 16 16 31749
318 289 18 18 39651
325 296 4 4 2149
324 295 6 6 4231
323 294 8 8 7540
322 293 10 10 12043
321 292 12 12 17571
320 291 14 14 24156
319 290 16 16 32530
318 289 18 18 39493
325 296 4 4 2034
324 295 6 6 4092
323 294 8 8 6963
322 293 10 10 11329
321 292 12 12 16401
320 291 14 14 22182
319 290 16 16 30898
318 289 18 18 39390
325 296 4 4 1655
324 295 6 6 4402
323 294 8 8 7426
322 293 10 10 12114
321 292 12 12 17890
320 291 14 14 23963
319 290 16 16 31905
318 289 18 18 39966
325 296 4 4 1603
324 295 6 6 3690
323 294 8 8 7404
322 293 10 10 11799
321 292 12 12 17103
320 291 14 14 23308
319 290 16 16 29629
318 289 18 18 37584
325 296 4 4 2199
324 295 6 6 4710
323 294 8 8 7923
322 293 10 10 12974
321 292 12 12 17906
320 291 14 14 24360
319 290 16 16 31284
318 289 18 18 39000
325 296 4 4 2143
324 295 6 6 4753
323 294 8 8 7735
322 293 10 10 12149
321 292 12 12 17578
320 291 14 14 23744
319 290 16 16 31673
318 289 18 18 41119
325 296 4 4 2041
324 295 6 6 4098
323 294 8 8 7530
322 293 10 10 12206
321 292 12 12 17128
320 291 14 14 23950
319 290 16 16 30128
318 289 18 18 39238
325 296 4 4 1692
324 295 6 6 3648
323 294 8 8 6494
322 293 10 10 10322
321 292 12 12 15112
320 291 14 14 21136
319 290 16 16 27088
318 289 18 18 34841
325 296 4 4 1510
324 295 6 6 3429
323 294 8 8 6318
322 293 10 10 11154
321 292 12 12 15248
320 291 14 14 20692
319 290 16 16 27153
318 289 18 18 34660
325 296 4 4 2015
324 295 6 6 4266
323 294 8 8 7795
322 293 10 10 12836
321 292 12 12 17610
320 291 14 14 24542
319 290 16 16 31166
318 289 18 18 38871
325 296 4 4 1926
324 295 6 6 4221
323 294 8 8 7426
322 293 10 10 12356
321 292 12 12 16864
320 291 14 14 23223
319 290 16 16 29661
318 289 18 18 37513
325 296 4 4 1763
324 295 6 6 4127
323 294 8 8 7310
322 293 10 10 11828
321 292 12 12 16554
320 291 14 14 23250
319 290 16 16 30714
318 289 18 18 38246
325 296 4 4 1634
324 295 6 6 3658
323 294 8 8 7137
322 293 10 10 11662
321 292 12 12 16919
320 291 14 14 23088
319 290 16 16 30526
318 289 18 18 38746
325 296 4 4 1731
324 295 6 6 4992
323 294 8 8 8381
322 293 10 10 12409
321 292 12 12 18782
320 291 14 14 24850
319 290 16 16 32118
318 289 18 18 39914
325 296 4 4 1841
324 295 6 6 3779
323 294 8 8 6751
322 293 10 10 11555
321 292 12 12 16812
320 291 14 14 22608
319 290 16 16 29797
318 289 18 18 37984
325 296 4 4 1846
324 295 6 6 3955
323 294 8 8 7871
322 293 10 10 12476
321 292 12 12 17292
320 291 14 14 23589
319 290 16 16 30135
318 289 18 18 38395
325 296 4 4 2018
324 295 6 6 4423
323 294 8 8 8456
322 293 10 10 13115
321 292 12 12 18288
320 291 14 14 24161
319 290 16 16 31761
318 289 18 18 39491
325 296 4 4 10413
324 295 6 6 22469
323 294 8 8 37436
322 293 10 10 57750
321 292 12 12 80393
320 291 14 14 109771
319 290 16 16 145554
318 289 18 18 188346
325 296 4 4 2555
324 295 6 6 5120
323 294 8 8 9066
322 293 10 10 13381
321 292 12 12 19145
320 291 14 14 25812
319 290 16 16 33722
318 289 18 18 41800
325 296 4 4 148436
324 295 6 6 299863
323 294 8 8 496391
322 293 10 10 748542
321 292 12 12 1054344
320 291 14 14 1408731
319 290 16 16 1801076
318 289 18 18 2260121
325 296 4 4 172903
324 295 6 6 318649
323 294 8 8 505409
322 293 10 10 754232
321 292 12 12 1045184
320 291 14 14 1398998
319 290 16 16 1801854
318 289 18 18 2245538
325 296 4 4 176372
324 295 6 6 323635
323 294 8 8 506279
322 293 10 10 743024
321 292 12 12 1025880
320 291 14 14 1377590
319 290 16 16 1766169
318 289 18 18 2204354
325 296 4 4 168802
324 295 6 6 320285
323 294 8 8 510420
322 293 10 10 749136
321 292 12 12 1044154
320 291 14 14 1390082
319 290 16 16 1782633
318 289 18 18 2243458
325 296 4 4 161516
324 295 6 6 305217
323 294 8 8 485851
322 293 10 10 719578
321 292 12 12 993806
320 291 14 14 1332222
319 290 16 16 1739309
318 289 18 18 2207813
325 296 4 4 172883
324 295 6 6 311467
323 294 8 8 495157
322 293 10 10 723553
321 292 12 12 1012784
320 291 14 14 1347459
319 290 16 16 1743907
318 289 18 18 2194171
325 296 4 4 173579
324 295 6 6 318534
323 294 8 8 516162
322 293 10 10 749670
321 292 12 12 1035265
320 291 14 14 1371519
319 290 16 16 1778553
318 289 18 18 2220169
325 296 4 4 176983
324 295 6 6 321394
323 294 8 8 503522
322 293 10 10 746330
321 292 12 12 1021617
320 291 14 14 1362152
319 290 16 16 1760873
318 289 18 18 2204646
325 296 4 4 172279
324 295 6 6 324164
323 294 8 8 510002
322 293 10 10 743587
321 292 12 12 1039749
320 291 14 14 1373281
319 290 16 16 1766236
318 289 18 18 2215039
325 296 4 4 167836
324 295 6 6 303175
323 294 8 8 497202
322 293 10 10 744018
321 292 12 12 1025062
320 291 14 14 1374023
319 290 16 16 1775999
318 289 18 18 2211026
325 296 4 4 159828
324 295 6 6 292106
323 294 8 8 481588
322 293 10 10 715708
321 292 12 12 991914
320 291 14 14 1336828
319 290 16 16 1738998
318 289 18 18 2167407
325 296 4 4 174291
324 295 6 6 314868
323 294 8 8 512451
322 293 10 10 744831
321 292 12 12 1018822
320 291 14 14 1341814
319 290 16 16 1724957
318 289 18 18 2157518
325 296 4 4 167087
324 295 6 6 301648
323 294 8 8 487749
322 293 10 10 724566
321 292 12 12 1010840
320 291 14 14 1335703
319 290 16 16 1732184
318 289 18 18 2199291
325 296 4 4 170796
324 295 6 6 311291
323 294 8 8 507200
322 293 10 10 726653
321 292 12 12 1012547
320 291 14 14 1348535
319 290 16 16 1728208
318 289 18 18 2182023
325 296 4 4 173473
324 295 6 6 304060
323 294 8 8 487475
322 293 10 10 734275
321 292 12 12 1004461
320 291 14 14 1351074
319 290 16 16 1712135
318 289 18 18 2135078
325 296 4 4 182728
324 295 6 6 322625
323 294 8 8 503168
322 293 10 10 733462
321 292 12 12 1011544
320 291 14 14 1339509
319 290 16 16 1727709
318 289 18 18 2158004
325 296 4 4 180833
324 295 6 6 327095
323 294 8 8 517512
322 293 10 10 769908
321 292 12 12 1061795
320 291 14 14 1392474
319 290 16 16 1798912
318 289 18 18 2246265
325 296 4 4 167796
324 295 6 6 309770
323 294 8 8 489615
322 293 10 10 719311
321 292 12 12 996655
320 291 14 14 1335037
319 290 16 16 1710995
318 289 18 18 2155483
325 296 4 4 170013
324 295 6 6 314748
323 294 8 8 499675
322 293 10 10 737250
321 292 12 12 1022847
320 291 14 14 1367363
319 290 16 16 1739974
318 289 18 18 2168849
325 296 4 4 170739
324 295 6 6 309645
323 294 8 8 499659
322 293 10 10 716719
321 292 12 12 1010485
320 291 14 14 1332371
319 290 16 16 1728587
318 289 18 18 2173767
325 296 4 4 170418
324 295 6 6 301880
323 294 8 8 478444
322 293 10 10 710971
321 292 12 12 1000729
320 291 14 14 1350329
319 290 16 16 1736479
318 289 18 18 2171386
325 296 4 4 156422
324 295 6 6 291247
323 294 8 8 472317
322 293 10 10 699702
321 292 12 12 987666
320 291 14 14 1329546
319 290 16 16 1695222
318 289 18 18 2132511
325 296 4 4 174896
324 295 6 6 331791
323 294 8 8 519195
322 293 10 10 761116
321 292 12 12 1055930
320 291 14 14 1399090
319 290 16 16 1775267
318 289 18 18 2206125
325 296 4 4 172228
324 295 6 6 311854
323 294 8 8 491197
322 293 10 10 728795
321 292 12 12 1008455
320 291 14 14 1332580
319 290 16 16 1705121
318 289 18 18 2122370
325 296 4 4 170668
324 295 6 6 311669
323 294 8 8 497543
322 293 10 10 725158
321 292 12 12 1010353
320 291 14 14 1345550
319 290 16 16 1738811
318 289 18 18 2178237
325 296 4 4 168509
324 295 6 6 317251
323 294 8 8 516538
322 293 10 10 755617
321 292 12 12 1036815
320 291 14 14 1378599
319 290 16 16 1777779
318 289 18 18 2226386
325 296 4 4 173331
324 295 6 6 318929
323 294 8 8 521916
322 293 10 10 744705
321 292 12 12 1029964
320 291 14 14 1358216
319 290 16 16 1747226
318 289 18 18 2195124
325 296 4 4 161641
324 295 6 6 296131
323 294 8 8 477254
322 293 10 10 706645
321 292 12 12 1009722
320 291 14 14 1343659
319 290 16 16 1734192
318 289 18 18 2175392
325 296 4 4 160201
324 295 6 6 291828
323 294 8 8 480640
322 293 10 10 715988
321 292 12 12 991610
320 291 14 14 1310387
319 290 16 16 1693393
318 289 18 18 2119445
325 296 4 4 160866
324 295 6 6 304787
323 294 8 8 490398
322 293 10 10 725825
321 292 12 12 1008200
320 291 14 14 1335008
319 290 16 16 1720015
318 289 18 18 2177315
325 296 4 4 154954
324 295 6 6 291663
323 294 8 8 487419
322 293 10 10 730224
321 292 12 12 1011898
320 291 14 14 1338838
319 290 16 16 1718332
318 289 18 18 2150011
325 296 4 4 151275
324 295 6 6 288780
323 294 8 8 471874
322 293 10 10 708942
321 292 12 12 990572
320 291 14 14 1319796
319 290 16 16 1716726
318 289 18 18 2164316
325 296 4 4 175419
324 295 6 6 308558
323 294 8 8 487807
322 293 10 10 718205
321 292 12 12 984986
320 291 14 14 1315862
319 290 16 16 1691119
318 289 18 18 2128408
325 296 4 4 162675
324 295 6 6 305258
323 294 8 8 501839
322 293 10 10 738616
321 292 12 12 1026660
320 291 14 14 1349585
319 290 16 16 1727962
318 289 18 18 2162086
325 296 4 4 158636
324 295 6 6 310275
323 294 8 8 500440
322 293 10 10 741651
321 292 12 12 1026744
320 291 14 14 1347474
319 290 16 16 1738211
318 289 18 18 2175968
325 296 4 4 175198
324 295 6 6 331771
323 294 8 8 509475
322 293 10 10 738713
321 292 12 12 1033178
320 291 14 14 1349631
319 290 16 16 1721832
318 289 18 18 2164305
325 296 4 4 169060
324 295 6 6 312142
323 294 8 8 491565
322 293 10 10 729508
321 292 12 12 1003275
320 291 14 14 1334674
319 290 16 16 1714513
318 289 18 18 2147250
325 296 4 4 177724
324 295 6 6 314311
323 294 8 8 495498
322 293 10 10 717549
321 292 12 12 1013007
320 291 14 14 1342611
319 290 16 16 1732879
318 289 18 18 2149419
325 296 4 4 176447
324 295 6 6 319210
323 294 8 8 510072
322 293 10 10 741576
321 292 12 12 1018796
320 291 14 14 1342115
319 290 16 16 1715869
318 289 18 18 2149541
325 296 4 4 164842
324 295 6 6 316064
323 294 8 8 494153
322 293 10 10 741142
321 292 12 12 1014355
320 291 14 14 1352501
319 290 16 16 1738095
318 289 18 18 2138821
325 296 4 4 180066
324 295 6 6 315842
323 294 8 8 505411
322 293 10 10 739921
321 292 12 12 1020237
320 291 14 14 1353791
319 290 16 16 1721172
318 289 18 18 2161592
325 296 4 4 168693
324 295 6 6 314333
323 294 8 8 495149
322 293 10 10 727038
321 292 12 12 1007278
320 291 14 14 1344386
319 290 16 16 1735223
318 289 18 18 2173301
325 296 4 4 156726
324 295 6 6 302052
323 294 8 8 492756
322 293 10 10 719111
321 292 12 12 1002669
320 291 14 14 1316212
319 290 16 16 1697451
318 289 18 18 2137578
325 296 4 4 171660
324 295 6 6 305529
323 294 8 8 477194
322 293 10 10 707389
321 292 12 12 984668
320 291 14 14 1322252
319 290 16 16 1691276
318 289 18 18 2123187
325 296 4 4 165215
324 295 6 6 309257
323 294 8 8 487973
322 293 10 10 712854
321 292 12 12 999799
320 291 14 14 1333825
319 290 16 16 1700607
318 289 18 18 2135041
325 296 4 4 179372
324 295 6 6 314327
323 294 8 8 494268
322 293 10 10 724931
321 292 12 12 999464
320 291 14 14 1325282
319 290 16 16 1711528
318 289 18 18 2136683
325 296 4 4 175607
324 295 6 6 322845
323 294 8 8 504182
322 293 10 10 744065
321 292 12 12 1019206
320 291 14 14 1336745
319 290 16 16 1719395
318 289 18 18 2151845
325 296 4 4 173806
324 295 6 6 307400
323 294 8 8 482254
322 293 10 10 693748
321 292 12 12 982386
320 291 14 14 1316373
319 290 16 16 1693012
318 289 18 18 2109231
325 296 4 4 170855
324 295 6 6 312079
323 294 8 8 501004
322 293 10 10 738192
321 292 12 12 1006036
320 291 14 14 1335512
319 290 16 16 1719083
318 289 18 18 2149602
325 296 4 4 176570
324 295 6 6 299839
323 294 8 8 476738
322 293 10 10 720563
321 292 12 12 989851
320 291 14 14 1319408
319 290 16 16 1693169
318 289 18 18 2122187
325 296 4 4 173807
324 295 6 6 323592
323 294 8 8 505903
322 293 10 10 747363
321 292 12 12 1012956
320 291 14 14 1339810
319 290 16 16 1716424
318 289 18 18 2150178
325 296 4 4 174829
324 295 6 6 317468
323 294 8 8 500820
322 293 10 10 722741
321 292 12 12 999189
320 291 14 14 1314904
319 290 16 16 1685801
318 289 18 18 2116640
325 296 4 4 172072
324 295 6 6 311432
323 294 8 8 505859
322 293 10 10 725343
321 292 12 12 990620
320 291 14 14 1322758
319 290 16 16 1703866
318 289 18 18 2128463
325 296 4 4 165526
324 295 6 6 307138
323 294 8 8 492327
322 293 10 10 718818
321 292 12 12 991856
320 291 14 14 1317164
319 290 16 16 1713009
318 289 18 18 2151801
325 296 4 4 168495
324 295 6 6 303004
323 294 8 8 479417
322 293 10 10 719871
321 292 12 12 999593
320 291 14 14 1330144
319 290 16 16 1711283
318 289 18 18 2148458
325 296 4 4 171161
324 295 6 6 309224
323 294 8 8 502566
322 293 10 10 724703
321 292 12 12 1016994
320 291 14 14 1328822
319 290 16 16 1714807
318 289 18 18 2148708
325 296 4 4 170334
324 295 6 6 313295
323 294 8 8 494558
322 293 10 10 729212
321 292 12 12 1016295
320 291 14 14 1340711
319 290 16 16 1718377
318 289 18 18 2145984
325 296 4 4 170816
324 295 6 6 317106
323 294 8 8 492199
322 293 10 10 738778
321 292 12 12 1024794
320 291 14 14 1345428
319 290 16 16 1741842
318 289 18 18 2158105
325 296 4 4 163353
324 295 6 6 309954
323 294 8 8 490306
322 293 10 10 714137
321 292 12 12 993639
320 291 14 14 1311667
319 290 16 16 1680333
318 289 18 18 2119983
325 296 4 4 172013
324 295 6 6 311239
323 294 8 8 492759
322 293 10 10 717491
321 292 12 12 1000638
320 291 14 14 1324536
319 290 16 16 1701931
318 289 18 18 2131527
325 296 4 4 177316
324 295 6 6 325340
323 294 8 8 525317
322 293 10 10 757522
321 292 12 12 1035393
320 291 14 14 1356028
319 290 16 16 1734021
318 289 18 18 2153625
325 296 4 4 178585
324 295 6 6 320811
323 294 8 8 517537
322 293 10 10 745354
321 292 12 12 1019085
320 291 14 14 1349452
319 290 16 16 1750668
318 289 18 18 2178435
325 296 4 4 174898
324 295 6 6 310506
323 294 8 8 493875
322 293 10 10 727608
321 292 12 12 1007973
320 291 14 14 1337509
319 290 16 16 1721789
318 289 18 18 2145788
325 296 4 4 156380
324 295 6 6 297035
323 294 8 8 486732
322 293 10 10 728229
321 292 12 12 1000141
320 291 14 14 1329253
319 290 16 16 1724079
318 289 18 18 2181138
325 296 4 4 163474
324 295 6 6 302118
323 294 8 8 491155
322 293 10 10 733403
321 292 12 12 1014028
320 291 14 14 1349028
319 290 16 16 1728028
318 289 18 18 2166782
325 296 4 4 168102
324 295 6 6 316393
323 294 8 8 501859
322 293 10 10 731887
321 292 12 12 1014130
320 291 14 14 1328797
319 290 16 16 1717492
318 289 18 18 2158487
325 296 4 4 177526
324 295 6 6 316295
323 294 8 8 507617
322 293 10 10 747283
321 292 12 12 1021233
320 291 14 14 1349201
319 290 16 16 1729616
318 289 18 18 2147801
325 296 4 4 190346
324 295 6 6 338936
323 294 8 8 516448
322 293 10 10 762488
321 292 12 12 1037737
320 291 14 14 1365531
319 290 16 16 1753987
318 289 18 18 2170048
325 296 4 4 166526
324 295 6 6 304065
323 294 8 8 496949
322 293 10 10 740442
321 292 12 12 1018315
320 291 14 14 1330455
319 290 16 16 1700225
318 289 18 18 2139250
325 296 4 4 164225
324 295 6 6 295921
323 294 8 8 486402
322 293 10 10 716071
321 292 12 12 998653
320 291 14 14 1320012
319 290 16 16 1710515
318 289 18 18 2143129
325 296 4 4 165955
324 295 6 6 314296
323 294 8 8 479298
322 293 10 10 710194
321 292 12 12 975922
320 291 14 14 1295525
319 290 16 16 1664263
318 289 18 18 2084949
325 296 4 4 160834
324 295 6 6 302975
323 294 8 8 477900
322 293 10 10 719310
321 292 12 12 998085
320 291 14 14 1337454
319 290 16 16 1706286
318 289 18 18 2130770
325 296 4 4 163506
324 295 6 6 312659
323 294 8 8 497869
322 293 10 10 738545
321 292 12 12 1016879
320 291 14 14 1351538
319 290 16 16 1721242
318 289 18 18 2141462
325 296 4 4 160402
324 295 6 6 296567
323 294 8 8 473849
322 293 10 10 699932
321 292 12 12 978491
320 291 14 14 1297237
319 290 16 16 1675982
318 289 18 18 2101822
325 296 4 4 170204
324 295 6 6 320611
323 294 8 8 509240
322 293 10 10 729205
321 292 12 12 1008924
320 291 14 14 1333312
319 290 16 16 1689502
318 289 18 18 2107042
325 296 4 4 173343
324 295 6 6 310243
323 294 8 8 497088
322 293 10 10 733178
321 292 12 12 1014997
320 291 14 14 1344221
319 290 16 16 1735439
318 289 18 18 2162902
325 296 4 4 172429
324 295 6 6 310532
323 294 8 8 500952
322 293 10 10 716092
321 292 12 12 992564
320 291 14 14 1326182
319 290 16 16 1704297
318 289 18 18 2121184
325 296 4 4 160303
324 295 6 6 288058
323 294 8 8 465489
322 293 10 10 699273
321 292 12 12 966134
320 291 14 14 1298261
319 290 16 16 1669464
318 289 18 18 2106663
325 296 4 4 171040
324 295 6 6 313033
323 294 8 8 498897
322 293 10 10 714612
321 292 12 12 970964
320 291 14 14 1276650
319 290 16 16 1636878
318 289 18 18 2060968
325 296 4 4 172305
324 295 6 6 310338
323 294 8 8 484407
322 293 10 10 721266
321 292 12 12 988624
320 291 14 14 1313863
319 290 16 16 1695645
318 289 18 18 2123735
325 296 4 4 163877
324 295 6 6 308364
323 294 8 8 484427
322 293 10 10 715197
321 292 12 12 991028
320 291 14 14 1320124
319 290 16 16 1676067
318 289 18 18 2107344
325 296 4 4 165016
324 295 6 6 303844
323 294 8 8 482938
322 293 10 10 700418
321 292 12 12 961239
320 291 14 14 1280206
319 290 16 16 1645802
318 289 18 18 2088533
325 296 4 4 170569
324 295 6 6 310572
323 294 8 8 496531
322 293 10 10 725679
321 292 12 12 1001294
320 291 14 14 1342557
319 290 16 16 1699501
318 289 18 18 2122966
325 296 4 4 153294
324 295 6 6 294174
323 294 8 8 471860
322 293 10 10 700233
321 292 12 12 989288
320 291 14 14 1316337
319 290 16 16 1698030
318 289 18 18 2137584
325 296 4 4 169426
324 295 6 6 297385
323 294 8 8 474195
322 293 10 10 708460
321 292 12 12 994773
320 291 14 14 1319437
319 290 16 16 1693451
318 289 18 18 2118507
325 296 4 4 163898
324 295 6 6 304041
323 294 8 8 492245
322 293 10 10 712151
321 292 12 12 983140
320 291 14 14 1301235
319 290 16 16 1668160
318 289 18 18 2097671
325 296 4 4 169638
324 295 6 6 309062
323 294 8 8 488535
322 293 10 10 710667
321 292 12 12 982114
320 291 14 14 1309786
319 290 16 16 1684046
318 289 18 18 2093554
325 296 4 4 168310
324 295 6 6 298890
323 294 8 8 479893
322 293 10 10 704883
321 292 12 12 964661
320 291 14 14 1268775
319 290 16 16 1661323
318 289 18 18 2102258
325 296 4 4 169177
324 295 6 6 310984
323 294 8 8 489152
322 293 10 10 715260
321 292 12 12 986464
320 291 14 14 1326171
319 290 16 16 1697502
318 289 18 18 2125736
325 296 4 4 170995
324 295 6 6 303803
323 294 8 8 492798
322 293 10 10 710873
321 292 12 12 978419
320 291 14 14 1303704
319 290 16 16 1669143
318 289 18 18 2080439
325 296 4 4 171421
324 295 6 6 304949
323 294 8 8 485819
322 293 10 10 724543
321 292 12 12 1023354
320 291 14 14 1350422
319 290 16 16 1718607
318 289 18 18 2164734
325 296 4 4 171982
324 295 6 6 310363
323 294 8 8 499429
322 293 10 10 724773
321 292 12 12 1000577
320 291 14 14 1304379
319 290 16 16 1666005
318 289 18 18 2085778
325 296 4 4 174322
324 295 6 6 309124
323 294 8 8 494023
322 293 10 10 720213
321 292 12 12 979421
320 291 14 14 1310812
319 290 16 16 1671798
318 289 18 18 2098491
325 296 4 4 171000
324 295 6 6 302630
323 294 8 8 477625
322 293 10 10 717473
321 292 12 12 986246
320 291 14 14 1321049
319 290 16 16 1697948
318 289 18 18 2121835
325 296 4 4 161359
324 295 6 6 304101
323 294 8 8 471204
322 293 10 10 700234
321 292 12 12 966671
320 291 14 14 1295475
319 290 16 16 1663136
318 289 18 18 2094191
325 296 4 4 165248
324 295 6 6 298194
323 294 8 8 479061
322 293 10 10 700848
321 292 12 12 978379
320 291 14 14 1289959
319 290 16 16 1676276
318 289 18 18 2094135
325 296 4 4 166145
324 295 6 6 294539
323 294 8 8 461916
322 293 10 10 684931
321 292 12 12 965753
320 291 14 14 1286528
319 290 16 16 1659271
318 289 18 18 2085253
325 296 4 4 160911
324 295 6 6 304067
323 294 8 8 485709
322 293 10 10 707577
321 292 12 12 976845
320 291 14 14 1288176
319 290 16 16 1657830
318 289 18 18 2060057
325 296 4 4 164583
324 295 6 6 297231
323 294 8 8 484340
322 293 10 10 705025
321 292 12 12 971153
320 291 14 14 1284615
319 290 16 16 1680224
318 289 18 18 2122255
325 296 4 4 177091
324 295 6 6 309789
323 294 8 8 478481
322 293 10 10 701984
321 292 12 12 956169
320 291 14 14 1271292
319 290 16 16 1634117
318 289 18 18 2046742
325 296 4 4 171776
324 295 6 6 299388
323 294 8 8 483685
322 293 10 10 715909
321 292 12 12 1004758
320 291 14 14 1329103
319 290 16 16 1696067
318 289 18 18 2133102
325 296 4 4 166727
324 295 6 6 311440
323 294 8 8 488113
322 293 10 10 708962
321 292 12 12 981230
320 291 14 14 1314219
319 290 16 16 1693874
318 289 18 18 2118300
325 296 4 4 172420
324 295 6 6 313258
323 294 8 8 497644
322 293 10 10 721247
321 292 12 12 997806
320 291 14 14 1335811
319 290 16 16 1713950
318 289 18 18 2119138
325 296 4 4 168429
324 295 6 6 311803
323 294 8 8 486727
322 293 10 10 721118
321 292 12 12 995435
320 291 14 14 1316220
319 290 16 16 1684814
318 289 18 18 2126037
325 296 4 4 166700
324 295 6 6 303778
323 294 8 8 481373
322 293 10 10 705443
321 292 12 12 982575
320 291 14 14 1311943
319 290 16 16 1684806
318 289 18 18 2116649
325 296 4 4 165528
324 295 6 6 311129
323 294 8 8 501568
322 293 10 10 734487
321 292 12 12 1006121
320 291 14 14 1335991
319 290 16 16 1723110
318 289 18 18 2145061
325 296 4 4 173990
324 295 6 6 305710
323 294 8 8 476149
322 293 10 10 697976
321 292 12 12 973472
320 291 14 14 1294998
319 290 16 16 1675754
318 289 18 18 2105486
325 296 4 4 156267
324 295 6 6 302388
323 294 8 8 483166
322 293 10 10 705819
321 292 12 12 979797
320 291 14 14 1305760
319 290 16 16 1697865
318 289 18 18 2101707
325 296 4 4 162572
324 295 6 6 300807
323 294 8 8 487887
322 293 10 10 717020
321 292 12 12 997490
320 291 14 14 1338917
319 290 16 16 1712583
318 289 18 18 2130146
325 296 4 4 165799
324 295 6 6 306266
323 294 8 8 486472
322 293 10 10 717681
321 292 12 12 987310
320 291 14 14 1312660
319 290 16 16 1670123
318 289 18 18 2095437
325 296 4 4 185181
324 295 6 6 323037
323 294 8 8 499982
322 293 10 10 721872
321 292 12 12 983240
320 291 14 14 1300124
319 290 16 16 1678652
318 289 18 18 2104419
325 296 4 4 179775
324 295 6 6 312482
323 294 8 8 489409
322 293 10 10 708805
321 292 12 12 970150
320 291 14 14 1302115
319 290 16 16 1671117
318 289 18 18 2104362
325 296 4 4 174471
324 295 6 6 312963
323 294 8 8 496395
322 293 10 10 726992
321 292 12 12 991724
320 291 14 14 1302580
319 290 16 16 1668851
318 289 18 18 2083973
325 296 4 4 172351
324 295 6 6 317079
323 294 8 8 496256
322 293 10 10 712532
321 292 12 12 992644
320 291 14 14 1321456
319 290 16 16 1707707
318 289 18 18 2143830
325 296 4 4 179387
324 295 6 6 319792
323 294 8 8 504146
322 293 10 10 738884
321 292 12 12 998900
320 291 14 14 1326796
319 290 16 16 1713102
318 289 18 18 2129899
325 296 4 4 175995
324 295 6 6 307424
323 294 8 8 479547
322 293 10 10 714172
321 292 12 12 1010892
320 291 14 14 1339494
319 290 16 16 1714262
318 289 18 18 2117908
325 296 4 4 172536
324 295 6 6 311681
323 294 8 8 496741
322 293 10 10 711539
321 292 12 12 979060
320 291 14 14 1313917
319 290 16 16 1691990
318 289 18 18 2113444
325 296 4 4 166136
324 295 6 6 299239
323 294 8 8 488160
322 293 10 10 704739
321 292 12 12 980598
320 291 14 14 1316722
319 290 16 16 1709124
318 289 18 18 2129126
325 296 4 4 162971
324 295 6 6 300383
323 294 8 8 481858
322 293 10 10 699913
321 292 12 12 971681
320 291 14 14 1289879
319 290 16 16 1646181
318 289 18 18 2073707
325 296 4 4 167488
324 295 6 6 313323
323 294 8 8 489607
322 293 10 10 718019
321 292 12 12 978667
320 291 14 14 1286831
319 290 16 16 1664079
318 289 18 18 2086257
325 296 4 4 171219
324 295 6 6 306935
323 294 8 8 490134
322 293 10 10 715017
321 292 12 12 1000494
320 291 14 14 1326694
319 290 16 16 1704676
318 289 18 18 2121448
325 296 4 4 168678
324 295 6 6 305178
323 294 8 8 467750
322 293 10 10 690666
321 292 12 12 969072
320 291 14 14 1289980
319 290 16 16 1662404
318 289 18 18 2056515
325 296 4 4 169292
324 295 6 6 316090
323 294 8 8 506263
322 293 10 10 733640
321 292 12 12 1005767
320 291 14 14 1342016
319 290 16 16 1704955
318 289 18 18 2122787
325 296 4 4 178643
324 295 6 6 321507
323 294 8 8 506839
322 293 10 10 736644
321 292 12 12 1014152
320 291 14 14 1337603
319 290 16 16 1710419
318 289 18 18 2124710
325 296 4 4 158661
324 295 6 6 298237
323 294 8 8 477264
322 293 10 10 710541
321 292 12 12 987727
320 291 14 14 1306640
319 290 16 16 1691076
318 289 18 18 2110007
325 296 4 4 170085
324 295 6 6 313422
323 294 8 8 481428
322 293 10 10 707822
321 292 12 12 973023
320 291 14 14 1309189
319 290 16 16 1667528
318 289 18 18 2099852
325 296 4 4 172622
324 295 6 6 311320
323 294 8 8 499245
322 293 10 10 724431
321 292 12 12 997920
320 291 14 14 1325120
319 290 16 16 1705110
318 289 18 18 2140867
325 296 4 4 182418
324 295 6 6 324407
323 294 8 8 501744
322 293 10 10 732113
321 292 12 12 996640
320 291 14 14 1317427
319 290 16 16 1695100
318 289 18 18 2116959
325 296 4 4 170326
324 295 6 6 318653
323 294 8 8 497788
322 293 10 10 730793
321 292 12 12 1007512
320 291 14 14 1319470
319 290 16 16 1679182
318 289 18 18 2087680
325 296 4 4 163507
324 295 6 6 299654
323 294 8 8 481169
322 293 10 10 700053
321 292 12 12 969099
320 291 14 14 1287267
319 290 16 16 1657268
318 289 18 18 2068689
325 296 4 4 170063
324 295 6 6 313357
323 294 8 8 480534
322 293 10 10 714069
321 292 12 12 989506
320 291 14 14 1312603
319 290 16 16 1689452
318 289 18 18 2112210
325 296 4 4 170322
324 295 6 6 298163
323 294 8 8 480298
322 293 10 10 705214
321 292 12 12 979083
320 291 14 14 1296608
319 290 16 16 1690082
318 289 18 18 2120561
325 296 4 4 171942
324 295 6 6 310123
323 294 8 8 485970
322 293 10 10 715889
321 292 12 12 996983
320 291 14 14 1321788
319 290 16 16 1690930
318 289 18 18 2127300
325 296 4 4 172294
324 295 6 6 308633
323 294 8 8 476663
322 293 10 10 691727
321 292 12 12 977656
320 291 14 14 1298295
319 290 16 16 1683414
318 289 18 18 2122740
325 296 4 4 169324
324 295 6 6 305378
323 294 8 8 477327
322 293 10 10 693568
321 292 12 12 972277
320 291 14 14 1293737
319 290 16 16 1633479
318 289 18 18 2078058
325 296 4 4 162583
324 295 6 6 298960
323 294 8 8 475074
322 293 10 10 705209
321 292 12 12 977214
320 291 14 14 1304032
319 290 16 16 1680239
318 289 18 18 2096380
325 296 4 4 169042
324 295 6 6 311676
323 294 8 8 500110
322 293 10 10 727953
321 292 12 12 1012589
320 291 14 14 1337848
319 290 16 16 1697619
318 289 18 18 2127113
325 296 4 4 175221
324 295 6 6 306262
323 294 8 8 494769
322 293 10 10 721636
321 292 12 12 982702
320 291 14 14 1315114
319 290 16 16 1682813
318 289 18 18 2105804
325 296 4 4 178748
324 295 6 6 314739
323 294 8 8 501118
322 293 10 10 727068
321 292 12 12 993551
320 291 14 14 1312723
319 290 16 16 1675665
318 289 18 18 2087452
325 296 4 4 154101
324 295 6 6 291397
323 294 8 8 476299
322 293 10 10 708432
321 292 12 12 978823
320 291 14 14 1295452
319 290 16 16 1674113
318 289 18 18 2122727
325 296 4 4 168660
324 295 6 6 304142
323 294 8 8 487678
322 293 10 10 699399
321 292 12 12 972849
320 291 14 14 1293598
319 290 16 16 1668098
318 289 18 18 2082743
325 296 4 4 173858
324 295 6 6 312686
323 294 8 8 485094
322 293 10 10 704222
321 292 12 12 976322
320 291 14 14 1281753
319 290 16 16 1650427
318 289 18 18 2070044
325 296 4 4 173619
324 295 6 6 309892
323 294 8 8 505190
322 293 10 10 723190
321 292 12 12 990532
320 291 14 14 1317508
319 290 16 16 1693784
318 289 18 18 2123716
325 296 4 4 169911
324 295 6 6 298958
323 294 8 8 493081
322 293 10 10 703108
321 292 12 12 969570
320 291 14 14 1285275
319 290 16 16 1662598
318 289 18 18 2074097
325 296 4 4 173730
324 295 6 6 305352
323 294 8 8 486511
322 293 10 10 709323
321 292 12 12 992638
320 291 14 14 1300175
319 290 16 16 1683635
318 289 18 18 2103812
325 296 4 4 164675
324 295 6 6 304296
323 294 8 8 487789
322 293 10 10 723068
321 292 12 12 1001544
320 291 14 14 1314997
319 290 16 16 1677599
318 289 18 18 2101541
325 296 4 4 173095
324 295 6 6 312396
323 294 8 8 488056
322 293 10 10 708790
321 292 12 12 981948
320 291 14 14 1331899
319 290 16 16 1705250
318 289 18 18 2126901
325 296 4 4 160452
324 295 6 6 291260
323 294 8 8 477553
322 293 10 10 694141
321 292 12 12 982962
320 291 14 14 1304404
319 290 16 16 1676256
318 289 18 18 2118129
325 296 4 4 159054
324 295 6 6 301563
323 294 8 8 482403
322 293 10 10 696541
321 292 12 12 976106
320 291 14 14 1277493
319 290 16 16 1628494
318 289 18 18 2056326
325 296 4 4 164865
324 295 6 6 301765
323 294 8 8 489802
322 293 10 10 711765
321 292 12 12 993290
320 291 14 14 1311839
319 290 16 16 1682183
318 289 18 18 2118711
325 296 4 4 172154
324 295 6 6 312101
323 294 8 8 503869
322 293 10 10 721325
321 292 12 12 999836
320 291 14 14 1323828
319 290 16 16 1667118
318 289 18 18 2099500
325 296 4 4 161439
324 295 6 6 303399
323 294 8 8 486163
322 293 10 10 701098
321 292 12 12 973148
320 291 14 14 1302337
319 290 16 16 1678088
318 289 18 18 2117917
325 296 4 4 166535
324 295 6 6 303072
323 294 8 8 469296
322 293 10 10 701340
321 292 12 12 983296
320 291 14 14 1301910
319 290 16 16 1687042
318 289 18 18 2110616
325 296 4 4 163525
324 295 6 6 304688
323 294 8 8 484514
322 293 10 10 704794
321 292 12 12 979949
320 291 14 14 1319494
319 290 16 16 1677807
318 289 18 18 2126037
325 296 4 4 171915
324 295 6 6 310581
323 294 8 8 470869
322 293 10 10 706985
321 292 12 12 977145
320 291 14 14 1292836
319 290 16 16 1658496
318 289 18 18 2063807
325 296 4 4 161224
324 295 6 6 294749
323 294 8 8 468033
322 293 10 10 686121
321 292 12 12 974040
320 291 14 14 1287194
319 290 16 16 1676461
318 289 18 18 2112822
325 296 4 4 167864
324 295 6 6 323319
323 294 8 8 494603
322 293 10 10 716358
321 292 12 12 994609
320 291 14 14 1315219
319 290 16 16 1686317
318 289 18 18 2090335
325 296 4 4 167125
324 295 6 6 312359
323 294 8 8 482636
322 293 10 10 697049
321 292 12 12 960084
320 291 14 14 1273182
319 290 16 16 1631133
318 289 18 18 2058129
325 296 4 4 156531
324 295 6 6 289730
323 294 8 8 464375
322 293 10 10 708016
321 292 12 12 975606
320 291 14 14 1299175
319 290 16 16 1694375
318 289 18 18 2112216
325 296 4 4 165963
324 295 6 6 300010
323 294 8 8 476857
322 293 10 10 696533
321 292 12 12 993647
320 291 14 14 1321397
319 290 16 16 1693844
318 289 18 18 2088367
325 296 4 4 169659
324 295 6 6 308778
323 294 8 8 493132
322 293 10 10 726440
321 292 12 12 1002113
320 291 14 14 1329810
319 290 16 16 1691360
318 289 18 18 2114705
325 296 4 4 174448
324 295 6 6 311961
323 294 8 8 482086
322 293 10 10 704976
321 292 12 12 968591
320 291 14 14 1289977
319 290 16 16 1656475
318 289 18 18 2093205
325 296 4 4 177581
324 295 6 6 317789
323 294 8 8 499733
322 293 10 10 715744
321 292 12 12 1001593
320 291 14 14 1309274
319 290 16 16 1684230
318 289 18 18 2109350
325 296 4 4 161644
324 295 6 6 296987
323 294 8 8 474685
322 293 10 10 694836
321 292 12 12 972686
320 291 14 14 1297353
319 290 16 16 1648851
318 289 18 18 2060442
325 296 4 4 167832
324 295 6 6 306386
323 294 8 8 478044
322 293 10 10 696607
321 292 12 12 966077
320 291 14 14 1295229
319 290 16 16 1671599
318 289 18 18 2092557
325 296 4 4 164742
324 295 6 6 292311
323 294 8 8 482730
322 293 10 10 715737
321 292 12 12 992385
320 291 14 14 1328361
319 290 16 16 1704876
318 289 18 18 2114084
325 296 4 4 173363
324 295 6 6 309292
323 294 8 8 487819
322 293 10 10 707702
321 292 12 12 970508
320 291 14 14 1295754
319 290 16 16 1671562
318 289 18 18 2088520
325 296 4 4 175624
324 295 6 6 316395
323 294 8 8 501885
322 293 10 10 725825
321 292 12 12 986390
320 291 14 14 1283905
319 290 16 16 1654179
318 289 18 18 2091818
325 296 4 4 167374
324 295 6 6 316877
323 294 8 8 476044
322 293 10 10 695715
321 292 12 12 979539
320 291 14 14 1304901
319 290 16 16 1686155
318 289 18 18 2103258
325 296 4 4 185074
324 295 6 6 325174
323 294 8 8 500396
322 293 10 10 738976
321 292 12 12 1012386
320 291 14 14 1323568
319 290 16 16 1705286
318 289 18 18 2128680
325 296 4 4 163253
324 295 6 6 306186
323 294 8 8 480568
322 293 10 10 696909
321 292 12 12 965926
320 291 14 14 1283511
319 290 16 16 1653038
318 289 18 18 2086782
325 296 4 4 169448
324 295 6 6 299038
323 294 8 8 468098
322 293 10 10 691579
321 292 12 12 974435
320 291 14 14 1289943
319 290 16 16 1660966
318 289 18 18 2072861
325 296 4 4 167413
324 295 6 6 316442
323 294 8 8 485528
322 293 10 10 710294
321 292 12 12 986452
320 291 14 14 1308854
319 290 16 16 1660506
318 289 18 18 2081899
325 296 4 4 174321
324 295 6 6 316026
323 294 8 8 500127
322 293 10 10 719455
321 292 12 12 985060
320 291 14 14 1314072
319 290 16 16 1691050
318 289 18 18 2108400
325 296 4 4 162004
324 295 6 6 294174
323 294 8 8 464637
322 293 10 10 703783
321 292 12 12 984032
320 291 14 14 1301644
319 290 16 16 1661718
318 289 18 18 2090114
325 296 4 4 170358
324 295 6 6 310515
323 294 8 8 484183
322 293 10 10 706840
321 292 12 12 974678
320 291 14 14 1282612
319 290 16 16 1648448
318 289 18 18 2054431
325 296 4 4 169280
324 295 6 6 313807
323 294 8 8 489336
322 293 10 10 726359
321 292 12 12 990876
320 291 14 14 1299785
319 290 16 16 1666054
318 289 18 18 2098434
325 296 4 4 171822
324 295 6 6 314889
323 294 8 8 496873
322 293 10 10 720344
321 292 12 12 992968
320 291 14 14 1315224
319 290 16 16 1702406
318 289 18 18 2114104
325 296 4 4 167579
324 295 6 6 306695
323 294 8 8 479501
322 293 10 10 692089
321 292 12 12 961770
320 291 14 14 1265816
319 290 16 16 1624985
318 289 18 18 2060959
325 296 4 4 156692
324 295 6 6 281602
323 294 8 8 469381
322 293 10 10 694039
321 292 12 12 962721
320 291 14 14 1278124
319 290 16 16 1660454
318 289 18 18 2076222
325 296 4 4 171429
324 295 6 6 298649
323 294 8 8 476566
322 293 10 10 705674
321 292 12 12 967209
320 291 14 14 1281127
319 290 16 16 1649944
318 289 18 18 2070905
325 296 4 4 171313
324 295 6 6 304899
323 294 8 8 482859
322 293 10 10 701858
321 292 12 12 983963
320 291 14 14 1303639
319 290 16 16 1670818
318 289 18 18 2109545
325 296 4 4 166573
324 295 6 6 314946
323 294 8 8 498623
322 293 10 10 725541
321 292 12 12 985819
320 291 14 14 1305136
319 290 16 16 1665332
318 289 18 18 2086337
325 296 4 4 165373
324 295 6 6 300313
323 294 8 8 480086
322 293 10 10 707712
321 292 12 12 968145
320 291 14 14 1313456
319 290 16 16 1683240
318 289 18 18 2101833
325 296 4 4 173685
324 295 6 6 319927
323 294 8 8 504434
322 293 10 10 727935
321 292 12 12 1014094
320 291 14 14 1331991
319 290 16 16 1701672
318 289 18 18 2129666
325 296 4 4 171691
324 295 6 6 314672
323 294 8 8 486078
322 293 10 10 709369
321 292 12 12 972409
320 291 14 14 1288074
319 290 16 16 1654365
318 289 18 18 2068558
325 296 4 4 163311
324 295 6 6 310346
323 294 8 8 484909
322 293 10 10 700981
321 292 12 12 959014
320 291 14 14 1260538
319 290 16 16 1629955
318 289 18 18 2047540
325 296 4 4 171109
324 295 6 6 301827
323 294 8 8 472769
322 293 10 10 693011
321 292 12 12 970203
320 291 14 14 1292801
319 290 16 16 1673730
318 289 18 18 2085457
325 296 4 4 162972
324 295 6 6 296162
323 294 8 8 485059
322 293 10 10 700027
321 292 12 12 970885
320 291 14 14 1290286
319 290 16 16 1650197
318 289 18 18 2076119
325 296 4 4 173609
324 295 6 6 318263
323 294 8 8 493677
322 293 10 10 720318
321 292 12 12 988290
320 291 14 14 1316169
319 290 16 16 1681919
318 289 18 18 2107869
325 296 4 4 166742
324 295 6 6 301271
323 294 8 8 476300
322 293 10 10 696933
321 292 12 12 962945
320 291 14 14 1292217
319 290 16 16 1654085
318 289 18 18 2088439
325 296 4 4 151803
324 295 6 6 287078
323 294 8 8 463975
322 293 10 10 697627
321 292 12 12 967172
320 291 14 14 1309205
319 290 16 16 1674810
318 289 18 18 2096738
325 296 4 4 170099
324 295 6 6 310498
323 294 8 8 487494
322 293 10 10 715153
321 292 12 12 970834
320 291 14 14 1295890
319 290 16 16 1674494
318 289 18 18 2097942
325 296 4 4 162738
324 295 6 6 297436
323 294 8 8 474948
322 293 10 10 717721
321 292 12 12 987053
320 291 14 14 1302591
319 290 16 16 1678843
318 289 18 18 2088175
325 296 4 4 162636
324 295 6 6 302017
323 294 8 8 481110
322 293 10 10 711766
321 292 12 12 991071
320 291 14 14 1310176
319 290 16 16 1686717
318 289 18 18 2114805
325 296 4 4 174931
324 295 6 6 307720
323 294 8 8 481881
322 293 10 10 699410
321 292 12 12 965472
320 291 14 14 1285349
319 290 16 16 1648943
318 289 18 18 2074093
325 296 4 4 161788
324 295 6 6 295866
323 294 8 8 467909
322 293 10 10 696402
321 292 12 12 965750
320 291 14 14 1265472
319 290 16 16 1641529
318 289 18 18 2075115
325 296 4 4 162977
324 295 6 6 309038
323 294 8 8 481339
322 293 10 10 697459
321 292 12 12 948618
320 291 14 14 1270403
319 290 16 16 1633402
318 289 18 18 2048708
325 296 4 4 167271
324 295 6 6 316274
323 294 8 8 488145
322 293 10 10 708171
321 292 12 12 983567
320 291 14 14 1301474
319 290 16 16 1683766
318 289 18 18 2085556
325 296 4 4 164919
324 295 6 6 299969
323 294 8 8 477218
322 293 10 10 710878
321 292 12 12 981213
320 291 14 14 1297281
319 290 16 16 1667288
318 289 18 18 2094253
325 296 4 4 169574
324 295 6 6 302606
323 294 8 8 483169
322 293 10 10 709907
321 292 12 12 985443
320 291 14 14 1308526
319 290 16 16 1675785
318 289 18 18 2101684
325 296 4 4 168417
324 295 6 6 307219
323 294 8 8 469826
322 293 10 10 684089
321 292 12 12 950406
320 291 14 14 1271655
319 290 16 16 1633009
318 289 18 18 2055522
325 296 4 4 161517
324 295 6 6 302777
323 294 8 8 475479
322 293 10 10 699847
321 292 12 12 977077
320 291 14 14 1299431
319 290 16 16 1666277
318 289 18 18 2102348
325 296 4 4 180095
324 295 6 6 325531
323 294 8 8 506587
322 293 10 10 728530
321 292 12 12 1010384
320 291 14 14 1334936
319 290 16 16 1718765
318 289 18 18 2152072
325 296 4 4 170669
324 295 6 6 294115
323 294 8 8 474042
322 293 10 10 694595
321 292 12 12 978173
320 291 14 14 1295737
319 290 16 16 1671238
318 289 18 18 2087950
325 296 4 4 164681
324 295 6 6 313808
323 294 8 8 498752
322 293 10 10 727524
321 292 12 12 1012734
320 291 14 14 1336593
319 290 16 16 1708289
318 289 18 18 2126566
325 296 4 4 176495
324 295 6 6 307697
323 294 8 8 487045
322 293 10 10 715643
321 292 12 12 993495
320 291 14 14 1314638
319 290 16 16 1676649
318 289 18 18 2105975
325 296 4 4 177389
324 295 6 6 312065
323 294 8 8 495335
322 293 10 10 717682
321 292 12 12 988330
320 291 14 14 1308392
319 290 16 16 1678769
318 289 18 18 2099309
325 296 4 4 169810
324 295 6 6 292994
323 294 8 8 468015
322 293 10 10 695868
321 292 12 12 965977
320 291 14 14 1294705
319 290 16 16 1674435
318 289 18 18 2091117
325 296 4 4 184160
324 295 6 6 319969
323 294 8 8 491414
322 293 10 10 721466
321 292 12 12 987084
320 291 14 14 1307544
319 290 16 16 1674171
318 289 18 18 2095367
325 296 4 4 155494
324 295 6 6 291752
323 294 8 8 473826
322 293 10 10 688388
321 292 12 12 961174
320 291 14 14 1280004
319 290 16 16 1649969
318 289 18 18 2056920
325 296 4 4 161134
324 295 6 6 306521
323 294 8 8 470397
322 293 10 10 691534
321 292 12 12 955588
320 291 14 14 1264967
319 290 16 16 1639985
318 289 18 18 2063196
325 296 4 4 178161
324 295 6 6 318495
323 294 8 8 509203
322 293 10 10 728038
321 292 12 12 1000099
320 291 14 14 1323752
319 290 16 16 1693872
318 289 18 18 2118923
325 296 4 4 158830
324 295 6 6 291938
323 294 8 8 482700
322 293 10 10 707489
321 292 12 12 972289
320 291 14 14 1291073
319 290 16 16 1648366
318 289 18 18 2058992
325 296 4 4 169667
324 295 6 6 305569
323 294 8 8 490448
322 293 10 10 706868
321 292 12 12 985301
320 291 14 14 1305991
319 290 16 16 1683502
318 289 18 18 2100457
325 296 4 4 176235
324 295 6 6 315503
323 294 8 8 490739
322 293 10 10 713799
321 292 12 12 985208
320 291 14 14 1309244
319 290 16 16 1679778
318 289 18 18 2090918
325 296 4 4 170555
324 295 6 6 293802
323 294 8 8 464337
322 293 10 10 705385
321 292 12 12 966034
320 291 14 14 1276210
319 290 16 16 1635582
318 289 18 18 2078434
325 296 4 4 174641
324 295 6 6 324859
323 294 8 8 493030
322 293 10 10 721596
321 292 12 12 1000423
320 291 14 14 1320176
319 290 16 16 1689342
318 289 18 18 2111672
325 296 4 4 178044
324 295 6 6 315953
323 294 8 8 495915
322 293 10 10 727784
321 292 12 12 995481
320 291 14 14 1309627
319 290 16 16 1699704
318 289 18 18 2123744
325 296 4 4 164695
324 295 6 6 314271
323 294 8 8 489530
322 293 10 10 729865
321 292 12 12 1017012
320 291 14 14 1350110
319 290 16 16 1731589
318 289 18 18 2148001
325 296 4 4 180220
324 295 6 6 336385
323 294 8 8 537093
322 293 10 10 776912
321 292 12 12 1062909
320 291 14 14 1403052
319 290 16 16 1767903
318 289 18 18 2175507
325 296 4 4 167103
324 295 6 6 309666
323 294 8 8 477115
322 293 10 10 698440
321 292 12 12 955693
320 291 14 14 1276755
319 290 16 16 1647889
318 289 18 18 2063976
325 296 4 4 174653
324 295 6 6 307501
323 294 8 8 476878
322 293 10 10 696255
321 292 12 12 967975
320 291 14 14 1295908
319 290 16 16 1664646
318 289 18 18 2093105
325 296 4 4 163222
324 295 6 6 303623
323 294 8 8 491891
322 293 10 10 735822
321 292 12 12 1010539
320 291 14 14 1343287
319 290 16 16 1727819
318 289 18 18 2143203
325 296 4 4 164156
324 295 6 6 294931
323 294 8 8 474982
322 293 10 10 710061
321 292 12 12 974986
320 291 14 14 1299450
319 290 16 16 1661249
318 289 18 18 2081055
325 296 4 4 174042
324 295 6 6 311523
323 294 8 8 498195
322 293 10 10 727088
321 292 12 12 1004518
320 291 14 14 1322211
319 290 16 16 1696695
318 289 18 18 2127981
325 296 4 4 167581
324 295 6 6 309078
323 294 8 8 486747
322 293 10 10 713640
321 292 12 12 981045
320 291 14 14 1307034
319 290 16 16 1676709
318 289 18 18 2088139
325 296 4 4 162556
324 295 6 6 293623
323 294 8 8 471666
322 293 10 10 688808
321 292 12 12 948989
320 291 14 14 1268637
319 290 16 16 1636806
318 289 18 18 2070892
325 296 4 4 160248
324 295 6 6 282956
323 294 8 8 456366
322 293 10 10 686286
321 292 12 12 957594
320 291 14 14 1283807
319 290 16 16 1652510
318 289 18 18 2074243
325 296 4 4 174568
324 295 6 6 301063
323 294 8 8 471355
322 293 10 10 697190
321 292 12 12 975605
320 291 14 14 1307772
319 290 16 16 1664036
318 289 18 18 2094723
325 296 4 4 166729
324 295 6 6 308079
323 294 8 8 485339
322 293 10 10 723669
321 292 12 12 997420
320 291 14 14 1321947
319 290 16 16 1690279
318 289 18 18 2112396
325 296 4 4 172936
324 295 6 6 307865
323 294 8 8 484058
322 293 10 10 716908
321 292 12 12 989208
320 291 14 14 1329012
319 290 16 16 1699339
318 289 18 18 2122070
325 296 4 4 166576
324 295 6 6 296698
323 294 8 8 477901
322 293 10 10 717596
321 292 12 12 981164
320 291 14 14 1293869
319 290 16 16 1653321
318 289 18 18 2064443
325 296 4 4 159480
324 295 6 6 298634
323 294 8 8 481189
322 293 10 10 705782
321 292 12 12 991387
320 291 14 14 1316388
319 290 16 16 1667690
318 289 18 18 2095941
325 296 4 4 156695
324 295 6 6 288143
323 294 8 8 473556
322 293 10 10 697337
321 292 12 12 971294
320 291 14 14 1289240
319 290 16 16 1655520
318 289 18 18 2078437
325 296 4 4 167592
324 295 6 6 306049
323 294 8 8 484598
322 293 10 10 705825
321 292 12 12 973924
320 291 14 14 1288689
319 290 16 16 1662428
318 289 18 18 2081964
325 296 4 4 179827
324 295 6 6 315150
323 294 8 8 495028
322 293 10 10 723509
321 292 12 12 990644
320 291 14 14 1321316
319 290 16 16 1684024
318 289 18 18 2125269
325 296 4 4 175711
324 295 6 6 311735
323 294 8 8 490866
322 293 10 10 707954
321 292 12 12 985679
320 291 14 14 1288654
319 290 16 16 1658506
318 289 18 18 2077152
325 296 4 4 162546
324 295 6 6 302721
323 294 8 8 489503
322 293 10 10 717308
321 292 12 12 995246
320 291 14 14 1319915
319 290 16 16 1695621
318 289 18 18 2100662
325 296 4 4 175564
324 295 6 6 311557
323 294 8 8 500559
322 293 10 10 711050
321 292 12 12 987814
320 291 14 14 1319398
319 290 16 16 1665314
318 289 18 18 2081004
325 296 4 4 163372
324 295 6 6 302092
323 294 8 8 479412
322 293 10 10 697040
321 292 12 12 975493
320 291 14 14 1288221
319 290 16 16 1637075
318 289 18 18 2063369
325 296 4 4 167651
324 295 6 6 303743
323 294 8 8 484321
322 293 10 10 704386
321 292 12 12 983882
320 291 14 14 1308752
319 290 16 16 1685040
318 289 18 18 2103226
325 296 4 4 168001
324 295 6 6 299292
323 294 8 8 481257
322 293 10 10 713314
321 292 12 12 998120
320 291 14 14 1321098
319 290 16 16 1681464
318 289 18 18 2102526
325 296 4 4 181993
324 295 6 6 317572
323 294 8 8 477084
322 293 10 10 699187
321 292 12 12 965358
320 291 14 14 1280195
319 290 16 16 1653848
318 289 18 18 2083111
325 296 4 4 161544
324 295 6 6 296261
323 294 8 8 465221
322 293 10 10 692916
321 292 12 12 946916
320 291 14 14 1270510
319 290 16 16 1627232
318 289 18 18 2059085
325 296 4 4 172177
324 295 6 6 302225
323 294 8 8 475627
322 293 10 10 706781
321 292 12 12 980010
320 291 14 14 1297797
319 290 16 16 1660057
318 289 18 18 2065322
325 296 4 4 183435
324 295 6 6 326704
323 294 8 8 488634
322 293 10 10 700836
321 292 12 12 978299
320 291 14 14 1289049
319 290 16 16 1659900
318 289 18 18 2093167
325 296 4 4 165526
324 295 6 6 302697
323 294 8 8 474075
322 293 10 10 696167
321 292 12 12 978970
320 291 14 14 1297814
319 290 16 16 1673718
318 289 18 18 2081532
325 296 4 4 177820
324 295 6 6 316660
323 294 8 8 498568
322 293 10 10 729759
321 292 12 12 996282
320 291 14 14 1309991
319 290 16 16 1679274
318 289 18 18 2099801
325 296 4 4 173542
324 295 6 6 323015
323 294 8 8 503172
322 293 10 10 738240
321 292 12 12 1009459
320 291 14 14 1314323
319 290 16 16 1688900
318 289 18 18 2114539
325 296 4 4 160021
324 295 6 6 287329
323 294 8 8 468009
322 293 10 10 682369
321 292 12 12 958875
320 291 14 14 1274961
319 290 16 16 1632910
318 289 18 18 2043946
325 296 4 4 172701
324 295 6 6 308013
323 294 8 8 490532
322 293 10 10 701669
321 292 12 12 965928
320 291 14 14 1294910
319 290 16 16 1651036
318 289 18 18 2086666
325 296 4 4 163250
324 295 6 6 292079
323 294 8 8 469669
322 293 10 10 695300
321 292 12 12 970812
320 291 14 14 1292117
319 290 16 16 1663873
318 289 18 18 2072276
325 296 4 4 157614
324 295 6 6 297754
323 294 8 8 475192
322 293 10 10 710868
321 292 12 12 986088
320 291 14 14 1312219
319 290 16 16 1702380
318 289 18 18 2100872
325 296 4 4 156612
324 295 6 6 294623
323 294 8 8 467975
322 293 10 10 687018
321 292 12 12 961798
320 291 14 14 1289130
319 290 16 16 1672749
318 289 18 18 2095320
325 296 4 4 160258
324 295 6 6 294566
323 294 8 8 472145
322 293 10 10 682541
321 292 12 12 950267
320 291 14 14 1254981
319 290 16 16 1624065
318 289 18 18 2058446
325 296 4 4 166055
324 295 6 6 292582
323 294 8 8 476814
322 293 10 10 702207
321 292 12 12 972506
320 291 14 14 1304145
319 290 16 16 1671961
318 289 18 18 2108018
325 296 4 4 160341
324 295 6 6 291200
323 294 8 8 473461
322 293 10 10 689343
321 292 12 12 949924
320 291 14 14 1279266
319 290 16 16 1654543
318 289 18 18 2089988
325 296 4 4 170647
324 295 6 6 302006
323 294 8 8 476336
322 293 10 10 695129
321 292 12 12 959508
320 291 14 14 1275829
319 290 16 16 1652444
318 289 18 18 2076272
325 296 4 4 158547
324 295 6 6 294584
323 294 8 8 467716
322 293 10 10 690482
321 292 12 12 954740
320 291 14 14 1273283
319 290 16 16 1637643
318 289 18 18 2058579
325 296 4 4 164295
324 295 6 6 311112
323 294 8 8 483519
322 293 10 10 711411
321 292 12 12 996834
320 291 14 14 1297526
319 290 16 16 1655988
318 289 18 18 2077858
325 296 4 4 164621
324 295 6 6 299141
323 294 8 8 473378
322 293 10 10 692911
321 292 12 12 963083
320 291 14 14 1281372
319 290 16 16 1660155
318 289 18 18 2086286
325 296 4 4 159692
324 295 6 6 301696
323 294 8 8 482845
322 293 10 10 716552
321 292 12 12 990046
320 291 14 14 1307907
319 290 16 16 1671412
318 289 18 18 2110885
