180 170 4 4 1944
179 169 6 6 4499
178 168 8 8 7914
177 167 10 10 11740
176 166 12 12 17031
175 165 14 14 23888
174 164 16 16 32638
173 163 18 18 40467
180 170 4 4 1594
179 169 6 6 4369
178 168 8 8 7522
177 167 10 10 11529
176 166 12 12 17394
175 165 14 14 23741
174 164 16 16 29795
173 163 18 18 37391
180 170 4 4 1636
179 169 6 6 3629
178 168 8 8 7137
177 167 10 10 11099
176 166 12 12 16656
175 165 14 14 22867
174 164 16 16 29491
173 163 18 18 38291
180 170 4 4 1906
179 169 6 6 3995
178 168 8 8 7367
177 167 10 10 11617
176 166 12 12 17779
175 165 14 14 24519
174 164 16 16 33212
173 163 18 18 41572
180 170 4 4 1802
179 169 6 6 4051
178 168 8 8 7682
177 167 10 10 11769
176 166 12 12 16878
175 165 14 14 24132
174 164 16 16 31115
173 163 18 18 39278
180 170 4 4 2231
179 169 6 6 4707
178 168 8 8 9043
177 167 10 10 13051
176 166 12 12 18821
175 165 14 14 24952
174 164 16 16 32254
173 163 18 18 41969
180 170 4 4 1658
179 169 6 6 4891
178 168 8 8 7934
177 167 10 10 12284
176 166 12 12 17488
175 165 14 14 23382
174 164 16 16 31427
173 163 18 18 40056
180 170 4 4 2041
179 169 6 6 4231
178 168 8 8 7405
177 167 10 10 12060
176 166 12 12 18403
175 165 14 14 25173
174 164 16 16 31902
173 163 18 18 40829
180 170 4 4 1620
179 169 6 6 3784
178 168 8 8 7708
177 167 10 10 12662
176 166 12 12 18091
175 165 14 14 24710
174 164 16 16 31103
173 163 18 18 38679
180 170 4 4 1713
179 169 6 6 4258
178 168 8 8 7878
177 167 10 10 11706
176 166 12 12 16596
175 165 14 14 22500
174 164 16 16 30379
173 163 18 18 38125
180 170 4 4 1550
179 169 6 6 4122
178 168 8 8 7349
177 167 10 10 11897
176 166 12 12 17266
175 165 14 14 24224
174 164 16 16 31601
173 163 18 18 38970
180 170 4 4 1787
179 169 6 6 3978
178 168 8 8 7346
177 167 10 10 11188
176 166 12 12 15845
175 165 14 14 21878
174 164 16 16 28582
173 163 18 18 35990
180 170 4 4 2798
179 169 6 6 4745
178 168 8 8 7975
177 167 10 10 11878
176 166 12 12 16396
175 165 14 14 22378
174 164 16 16 29049
173 163 18 18 37152
180 170 4 4 1490
179 169 6 6 4068
178 168 8 8 7300
177 167 10 10 11357
176 166 12 12 15808
175 165 14 14 21964
174 164 16 16 29877
173 163 18 18 37439
180 170 4 4 2030
179 169 6 6 4721
178 168 8 8 7967
177 167 10 10 11377
176 166 12 12 17317
175 165 14 14 22113
174 164 16 16 28147
173 163 18 18 35375
180 170 4 4 1750
179 169 6 6 4197
178 168 8 8 7520
177 167 10 10 12762
176 166 12 12 17493
175 165 14 14 23344
174 164 16 16 30903
173 163 18 18 39718
180 170 4 4 1520
179 169 6 6 4137
178 168 8 8 6909
177 167 10 10 10645
176 166 12 12 15424
175 165 14 14 21322
174 164 16 16 28188
173 163 18 18 36093
180 170 4 4 1619
179 169 6 6 3696
178 168 8 8 7344
177 167 10 10 12191
176 166 12 12 17253
175 165 14 14 23360
174 164 16 16 30321
173 163 18 18 38800
180 170 4 4 1615
179 169 6 6 3888
178 168 8 8 6814
177 167 10 10 11110
176 166 12 12 16254
175 165 14 14 22300
174 164 16 16 29169
173 163 18 18 37335
180 170 4 4 2072
179 169 6 6 4115
178 168 8 8 7080
177 167 10 10 11160
176 166 12 12 16275
175 165 14 14 21824
174 164 16 16 28175
173 163 18 18 35714
180 170 4 4 1627
179 169 6 6 3859
178 168 8 8 7288
177 167 10 10 11332
176 166 12 12 15977
175 165 14 14 21526
174 164 16 16 30036
173 163 18 18 37387
180 170 4 4 1606
179 169 6 6 3762
178 168 8 8 8414
177 167 10 10 13076
176 166 12 12 18428
175 165 14 14 24363
174 164 16 16 31978
173 163 18 18 41935
180 170 4 4 2067
179 169 6 6 4236
178 168 8 8 7909
177 167 10 10 11919
176 166 12 12 16634
175 165 14 14 22968
174 164 16 16 31320
173 163 18 18 40343
180 170 4 4 1813
179 169 6 6 4419
178 168 8 8 7784
177 167 10 10 12822
176 166 12 12 18474
175 165 14 14 25254
174 164 16 16 33225
173 163 18 18 41513
180 170 4 4 1595
179 169 6 6 4292
178 168 8 8 8417
177 167 10 10 13065
176 166 12 12 18580
175 165 14 14 24679
174 164 16 16 31412
173 163 18 18 38785
180 170 4 4 56455
179 169 6 6 95203
178 168 8 8 143259
177 167 10 10 204534
176 166 12 12 274556
175 165 14 14 363207
174 164 16 16 457250
173 163 18 18 566413
180 170 4 4 73354
179 169 6 6 109563
178 168 8 8 164013
177 167 10 10 223208
176 166 12 12 294165
175 165 14 14 380572
174 164 16 16 468620
173 163 18 18 583930
180 170 4 4 64274
179 169 6 6 107548
178 168 8 8 158961
177 167 10 10 219686
176 166 12 12 294032
175 165 14 14 383731
174 164 16 16 476442
173 163 18 18 579786
180 170 4 4 81788
179 169 6 6 133350
178 168 8 8 196360
177 167 10 10 266580
176 166 12 12 351800
175 165 14 14 443751
174 164 16 16 545264
173 163 18 18 658852
180 170 4 4 77034
179 169 6 6 120258
178 168 8 8 176127
177 167 10 10 243393
176 166 12 12 330220
175 165 14 14 429680
174 164 16 16 539482
173 163 18 18 651290
180 170 4 4 72908
179 169 6 6 117962
178 168 8 8 168610
177 167 10 10 234641
176 166 12 12 310427
175 165 14 14 404330
174 164 16 16 495290
173 163 18 18 601553
180 170 4 4 73743
179 169 6 6 123153
178 168 8 8 177236
177 167 10 10 233388
176 166 12 12 306745
175 165 14 14 390720
174 164 16 16 480307
173 163 18 18 586353
180 170 4 4 73860
179 169 6 6 116583
178 168 8 8 168386
177 167 10 10 230002
176 166 12 12 302980
175 165 14 14 379502
174 164 16 16 473595
173 163 18 18 584541
180 170 4 4 68932
179 169 6 6 112335
178 168 8 8 163257
177 167 10 10 224931
176 166 12 12 298769
175 165 14 14 378963
174 164 16 16 472189
173 163 18 18 581524
180 170 4 4 70655
179 169 6 6 112471
178 168 8 8 164321
177 167 10 10 220772
176 166 12 12 290925
175 165 14 14 364498
174 164 16 16 455803
173 163 18 18 567058
180 170 4 4 70584
179 169 6 6 111041
178 168 8 8 156229
177 167 10 10 217541
176 166 12 12 282955
175 165 14 14 371047
174 164 16 16 463914
173 163 18 18 566825
180 170 4 4 70634
179 169 6 6 114824
178 168 8 8 161707
177 167 10 10 218192
176 166 12 12 283473
175 165 14 14 365243
174 164 16 16 461743
173 163 18 18 563949
180 170 4 4 69921
179 169 6 6 113107
178 168 8 8 164016
177 167 10 10 221305
176 166 12 12 287497
175 165 14 14 368989
174 164 16 16 457263
173 163 18 18 558414
180 170 4 4 72253
179 169 6 6 110088
178 168 8 8 163286
177 167 10 10 215735
176 166 12 12 282218
175 165 14 14 366863
174 164 16 16 451153
173 163 18 18 553004
180 170 4 4 77011
179 169 6 6 121533
178 168 8 8 171493
177 167 10 10 223840
176 166 12 12 290085
175 165 14 14 378927
174 164 16 16 461871
173 163 18 18 562681
180 170 4 4 67086
179 169 6 6 108630
178 168 8 8 154530
177 167 10 10 214367
176 166 12 12 285922
175 165 14 14 367556
174 164 16 16 456856
173 163 18 18 558770
180 170 4 4 70123
179 169 6 6 110490
178 168 8 8 158299
177 167 10 10 224669
176 166 12 12 292787
175 165 14 14 376547
174 164 16 16 471141
173 163 18 18 566806
180 170 4 4 69014
179 169 6 6 111126
178 168 8 8 164888
177 167 10 10 221903
176 166 12 12 290701
175 165 14 14 367787
174 164 16 16 459052
173 163 18 18 558091
180 170 4 4 69971
179 169 6 6 107855
178 168 8 8 156457
177 167 10 10 211483
176 166 12 12 277877
175 165 14 14 354430
174 164 16 16 434547
173 163 18 18 536274
180 170 4 4 72709
179 169 6 6 114074
178 168 8 8 161985
177 167 10 10 220332
176 166 12 12 289587
175 165 14 14 357349
174 164 16 16 437275
173 163 18 18 538604
180 170 4 4 65291
179 169 6 6 109141
178 168 8 8 159469
177 167 10 10 216736
176 166 12 12 285028
175 165 14 14 362319
174 164 16 16 447002
173 163 18 18 555295
180 170 4 4 84829
179 169 6 6 122234
178 168 8 8 173916
177 167 10 10 231706
176 166 12 12 305478
175 165 14 14 385349
174 164 16 16 474602
173 163 18 18 569438
180 170 4 4 69509
179 169 6 6 109036
178 168 8 8 158267
177 167 10 10 220009
176 166 12 12 291221
175 165 14 14 367659
174 164 16 16 453921
173 163 18 18 551226
180 170 4 4 77113
179 169 6 6 114156
178 168 8 8 160689
177 167 10 10 212907
176 166 12 12 291375
175 165 14 14 371095
174 164 16 16 455637
173 163 18 18 555700
180 170 4 4 78957
179 169 6 6 121718
178 168 8 8 170644
177 167 10 10 229490
176 166 12 12 300273
175 165 14 14 370497
174 164 16 16 455550
173 163 18 18 553064
180 170 4 4 75925
179 169 6 6 113268
178 168 8 8 163756
177 167 10 10 223653
176 166 12 12 291253
175 165 14 14 370670
174 164 16 16 460642
173 163 18 18 553515
180 170 4 4 73838
179 169 6 6 112468
178 168 8 8 157732
177 167 10 10 217856
176 166 12 12 286057
175 165 14 14 379462
174 164 16 16 465436
173 163 18 18 561541
180 170 4 4 71552
179 169 6 6 112956
178 168 8 8 164405
177 167 10 10 225572
176 166 12 12 290007
175 165 14 14 366139
174 164 16 16 458200
173 163 18 18 552514
180 170 4 4 64794
179 169 6 6 105862
178 168 8 8 154951
177 167 10 10 211071
176 166 12 12 284781
175 165 14 14 370124
174 164 16 16 468749
173 163 18 18 577206
180 170 4 4 61116
179 169 6 6 106935
178 168 8 8 158252
177 167 10 10 219142
176 166 12 12 289935
175 165 14 14 372514
174 164 16 16 458428
173 163 18 18 560691
180 170 4 4 64095
179 169 6 6 101484
178 168 8 8 149745
177 167 10 10 206598
176 166 12 12 274840
175 165 14 14 351499
174 164 16 16 438613
173 163 18 18 545913
180 170 4 4 65968
179 169 6 6 109480
178 168 8 8 163209
177 167 10 10 217931
176 166 12 12 283681
175 165 14 14 370262
174 164 16 16 453954
173 163 18 18 562221
180 170 4 4 76408
179 169 6 6 119029
178 168 8 8 170142
177 167 10 10 224131
176 166 12 12 294324
175 165 14 14 377890
174 164 16 16 464172
173 163 18 18 562131
180 170 4 4 67499
179 169 6 6 103963
178 168 8 8 150606
177 167 10 10 205187
176 166 12 12 281590
175 165 14 14 366460
174 164 16 16 452610
173 163 18 18 559863
180 170 4 4 71634
179 169 6 6 105584
178 168 8 8 156532
177 167 10 10 222260
176 166 12 12 280725
175 165 14 14 359967
174 164 16 16 447914
173 163 18 18 549170
180 170 4 4 75038
179 169 6 6 113307
178 168 8 8 161959
177 167 10 10 216575
176 166 12 12 288787
175 165 14 14 374533
174 164 16 16 460492
173 163 18 18 563196
180 170 4 4 79448
179 169 6 6 117941
178 168 8 8 166963
177 167 10 10 222918
176 166 12 12 290207
175 165 14 14 368160
174 164 16 16 456598
173 163 18 18 561768
180 170 4 4 75628
179 169 6 6 118073
178 168 8 8 164047
177 167 10 10 218241
176 166 12 12 287498
175 165 14 14 355309
174 164 16 16 444161
173 163 18 18 541666
180 170 4 4 73398
179 169 6 6 114257
178 168 8 8 163419
177 167 10 10 227530
176 166 12 12 291261
175 165 14 14 364444
174 164 16 16 452009
173 163 18 18 553030
180 170 4 4 80750
179 169 6 6 121837
178 168 8 8 166560
177 167 10 10 218850
176 166 12 12 288953
175 165 14 14 371751
174 164 16 16 458977
173 163 18 18 557871
180 170 4 4 78215
179 169 6 6 114611
178 168 8 8 154956
177 167 10 10 208066
176 166 12 12 277753
175 165 14 14 356011
174 164 16 16 447931
173 163 18 18 547779
180 170 4 4 89082
179 169 6 6 133105
178 168 8 8 180731
177 167 10 10 235692
176 166 12 12 308190
175 165 14 14 394668
174 164 16 16 484467
173 163 18 18 579665
180 170 4 4 80870
179 169 6 6 122330
178 168 8 8 168754
177 167 10 10 224946
176 166 12 12 298475
175 165 14 14 377872
174 164 16 16 469132
173 163 18 18 561681
180 170 4 4 72137
179 169 6 6 116452
178 168 8 8 169422
177 167 10 10 223408
176 166 12 12 293411
175 165 14 14 375506
174 164 16 16 458998
173 163 18 18 554069
180 170 4 4 73633
179 169 6 6 109969
178 168 8 8 157119
177 167 10 10 210936
176 166 12 12 286780
175 165 14 14 367257
174 164 16 16 460195
173 163 18 18 556357
180 170 4 4 68761
179 169 6 6 107488
178 168 8 8 151640
177 167 10 10 215559
176 166 12 12 286310
175 165 14 14 367668
174 164 16 16 450756
173 163 18 18 548676
180 170 4 4 82441
179 169 6 6 122611
178 168 8 8 169129
177 167 10 10 225866
176 166 12 12 290053
175 165 14 14 363908
174 164 16 16 459258
173 163 18 18 560644
180 170 4 4 70400
179 169 6 6 113175
178 168 8 8 165661
177 167 10 10 226911
176 166 12 12 296295
175 165 14 14 369157
174 164 16 16 451260
173 163 18 18 548821
180 170 4 4 72962
179 169 6 6 111411
178 168 8 8 164301
177 167 10 10 223651
176 166 12 12 295707
175 165 14 14 368591
174 164 16 16 454455
173 163 18 18 554482
180 170 4 4 68817
179 169 6 6 103013
178 168 8 8 152877
177 167 10 10 214005
176 166 12 12 281593
175 165 14 14 358396
174 164 16 16 444574
173 163 18 18 532053
180 170 4 4 76899
179 169 6 6 117650
178 168 8 8 168638
177 167 10 10 220424
176 166 12 12 282983
175 165 14 14 353878
174 164 16 16 432872
173 163 18 18 531248
180 170 4 4 75331
179 169 6 6 115473
178 168 8 8 164342
177 167 10 10 217112
176 166 12 12 278123
175 165 14 14 356692
174 164 16 16 443321
173 163 18 18 528676
180 170 4 4 73520
179 169 6 6 117961
178 168 8 8 162318
177 167 10 10 216360
176 166 12 12 280199
175 165 14 14 357742
174 164 16 16 436284
173 163 18 18 534960
180 170 4 4 79382
179 169 6 6 116824
178 168 8 8 159496
177 167 10 10 217167
176 166 12 12 280949
175 165 14 14 360035
174 164 16 16 448826
173 163 18 18 543959
180 170 4 4 68807
179 169 6 6 107765
178 168 8 8 155201
177 167 10 10 207004
176 166 12 12 272550
175 165 14 14 350746
174 164 16 16 443624
173 163 18 18 539684
180 170 4 4 75715
179 169 6 6 119120
178 168 8 8 166880
177 167 10 10 227329
176 166 12 12 295209
175 165 14 14 370449
174 164 16 16 453342
173 163 18 18 549977
180 170 4 4 70612
179 169 6 6 110287
178 168 8 8 158432
177 167 10 10 226358
176 166 12 12 294675
175 165 14 14 371187
174 164 16 16 459276
173 163 18 18 551029
180 170 4 4 72585
179 169 6 6 113223
178 168 8 8 161475
177 167 10 10 214991
176 166 12 12 285345
175 165 14 14 359607
174 164 16 16 445638
173 163 18 18 538094
180 170 4 4 76072
179 169 6 6 119318
178 168 8 8 162958
177 167 10 10 218276
176 166 12 12 290414
175 165 14 14 368422
174 164 16 16 451189
173 163 18 18 558865
180 170 4 4 84787
179 169 6 6 128547
178 168 8 8 179458
177 167 10 10 238418
176 166 12 12 305446
175 165 14 14 381266
174 164 16 16 460324
173 163 18 18 555031
180 170 4 4 81068
179 169 6 6 117972
178 168 8 8 162989
177 167 10 10 223633
176 166 12 12 296308
175 165 14 14 364913
174 164 16 16 449223
173 163 18 18 554423
180 170 4 4 77573
179 169 6 6 120714
178 168 8 8 169151
177 167 10 10 222500
176 166 12 12 285419
175 165 14 14 353884
174 164 16 16 443671
173 163 18 18 539515
180 170 4 4 68975
179 169 6 6 103273
178 168 8 8 154401
177 167 10 10 210484
176 166 12 12 277944
175 165 14 14 358518
174 164 16 16 446788
173 163 18 18 540334
180 170 4 4 77205
179 169 6 6 117630
178 168 8 8 161147
177 167 10 10 216762
176 166 12 12 283380
175 165 14 14 362762
174 164 16 16 454234
173 163 18 18 543301
180 170 4 4 76832
179 169 6 6 110611
178 168 8 8 155306
177 167 10 10 213591
176 166 12 12 278391
175 165 14 14 354299
174 164 16 16 439428
173 163 18 18 542593
180 170 4 4 69217
179 169 6 6 111275
178 168 8 8 150345
177 167 10 10 208080
176 166 12 12 274874
175 165 14 14 344436
174 164 16 16 429495
173 163 18 18 530814
180 170 4 4 73056
179 169 6 6 112308
178 168 8 8 157061
177 167 10 10 214742
176 166 12 12 287966
175 165 14 14 364928
174 164 16 16 450555
173 163 18 18 547448
180 170 4 4 78246
179 169 6 6 119325
178 168 8 8 163125
177 167 10 10 219222
176 166 12 12 275684
175 165 14 14 356719
174 164 16 16 442269
173 163 18 18 543359
180 170 4 4 63943
179 169 6 6 100485
178 168 8 8 157009
177 167 10 10 204775
176 166 12 12 263999
175 165 14 14 339274
174 164 16 16 423509
173 163 18 18 521123
180 170 4 4 72391
179 169 6 6 111147
178 168 8 8 162697
177 167 10 10 214302
176 166 12 12 289993
175 165 14 14 370181
174 164 16 16 453640
173 163 18 18 546377
180 170 4 4 69656
179 169 6 6 110237
178 168 8 8 156847
177 167 10 10 213525
176 166 12 12 293209
175 165 14 14 371289
174 164 16 16 458473
173 163 18 18 554541
180 170 4 4 70166
179 169 6 6 110175
178 168 8 8 153220
177 167 10 10 203996
176 166 12 12 275990
175 165 14 14 347789
174 164 16 16 434467
173 163 18 18 531982
180 170 4 4 76533
179 169 6 6 114945
178 168 8 8 164071
177 167 10 10 221563
176 166 12 12 292486
175 165 14 14 371046
174 164 16 16 462894
173 163 18 18 558656
180 170 4 4 73440
179 169 6 6 116444
178 168 8 8 159646
177 167 10 10 216323
176 166 12 12 279331
175 165 14 14 359098
174 164 16 16 445911
173 163 18 18 543447
180 170 4 4 73394
179 169 6 6 114047
178 168 8 8 163302
177 167 10 10 220151
176 166 12 12 287719
175 165 14 14 356468
174 164 16 16 436185
173 163 18 18 534270
180 170 4 4 81391
179 169 6 6 122322
178 168 8 8 170120
177 167 10 10 227555
176 166 12 12 293922
175 165 14 14 373254
174 164 16 16 450036
173 163 18 18 551343
180 170 4 4 77813
179 169 6 6 114374
178 168 8 8 159841
177 167 10 10 212003
176 166 12 12 276752
175 165 14 14 354884
174 164 16 16 444339
173 163 18 18 540309
180 170 4 4 72789
179 169 6 6 120007
178 168 8 8 168781
177 167 10 10 229810
176 166 12 12 306091
175 165 14 14 380764
174 164 16 16 471622
173 163 18 18 570842
180 170 4 4 71233
179 169 6 6 107247
178 168 8 8 153021
177 167 10 10 214666
176 166 12 12 279839
175 165 14 14 352038
174 164 16 16 444359
173 163 18 18 547766
180 170 4 4 73203
179 169 6 6 114731
178 168 8 8 158904
177 167 10 10 212583
176 166 12 12 278860
175 165 14 14 354327
174 164 16 16 443243
173 163 18 18 541015
180 170 4 4 72888
179 169 6 6 115988
178 168 8 8 159871
177 167 10 10 219637
176 166 12 12 289977
175 165 14 14 366243
174 164 16 16 447185
173 163 18 18 548154
180 170 4 4 80541
179 169 6 6 120787
178 168 8 8 162426
177 167 10 10 220765
176 166 12 12 288494
175 165 14 14 372112
174 164 16 16 460409
173 163 18 18 566577
180 170 4 4 75193
179 169 6 6 114108
178 168 8 8 160338
177 167 10 10 217989
176 166 12 12 282508
175 165 14 14 363075
174 164 16 16 455789
173 163 18 18 556123
180 170 4 4 82570
179 169 6 6 120269
178 168 8 8 162697
177 167 10 10 222639
176 166 12 12 286359
175 165 14 14 363632
174 164 16 16 445835
173 163 18 18 542162
180 170 4 4 75721
179 169 6 6 114134
178 168 8 8 163953
177 167 10 10 222545
176 166 12 12 291834
175 165 14 14 364603
174 164 16 16 447622
173 163 18 18 543642
180 170 4 4 75538
179 169 6 6 112687
178 168 8 8 157539
177 167 10 10 222006
176 166 12 12 295721
175 165 14 14 366789
174 164 16 16 447295
173 163 18 18 545806
180 170 4 4 78436
179 169 6 6 121015
178 168 8 8 175254
177 167 10 10 229402
176 166 12 12 304961
175 165 14 14 388088
174 164 16 16 472816
173 163 18 18 576797
180 170 4 4 78134
179 169 6 6 117067
178 168 8 8 166253
177 167 10 10 222228
176 166 12 12 284108
175 165 14 14 366463
174 164 16 16 458721
173 163 18 18 558817
180 170 4 4 72008
179 169 6 6 108765
178 168 8 8 160051
177 167 10 10 222717
176 166 12 12 286871
175 165 14 14 362654
174 164 16 16 451077
173 163 18 18 548973
180 170 4 4 81118
179 169 6 6 123529
178 168 8 8 170965
177 167 10 10 224798
176 166 12 12 293947
175 165 14 14 375633
174 164 16 16 463399
173 163 18 18 560275
180 170 4 4 77816
179 169 6 6 110758
178 168 8 8 156474
177 167 10 10 217843
176 166 12 12 286039
175 165 14 14 352653
174 164 16 16 436985
173 163 18 18 541006
180 170 4 4 77131
179 169 6 6 115726
178 168 8 8 165776
177 167 10 10 218785
176 166 12 12 279045
175 165 14 14 357138
174 164 16 16 442828
173 163 18 18 541404
180 170 4 4 73710
179 169 6 6 116831
178 168 8 8 167767
177 167 10 10 221190
176 166 12 12 297196
175 165 14 14 373392
174 164 16 16 458802
173 163 18 18 565700
180 170 4 4 80606
179 169 6 6 122771
178 168 8 8 169887
177 167 10 10 231126
176 166 12 12 294318
175 165 14 14 365728
174 164 16 16 454203
173 163 18 18 547444
180 170 4 4 76011
179 169 6 6 113907
178 168 8 8 159272
177 167 10 10 219151
176 166 12 12 288844
175 165 14 14 367300
174 164 16 16 455796
173 163 18 18 548691
180 170 4 4 71289
179 169 6 6 112541
178 168 8 8 163051
177 167 10 10 224837
176 166 12 12 294191
175 165 14 14 379781
174 164 16 16 469772
173 163 18 18 568814
180 170 4 4 74774
179 169 6 6 113243
178 168 8 8 163252
177 167 10 10 224733
176 166 12 12 292500
175 165 14 14 362866
174 164 16 16 446947
173 163 18 18 547282
180 170 4 4 72083
179 169 6 6 108464
178 168 8 8 151019
177 167 10 10 205805
176 166 12 12 274397
175 165 14 14 346936
174 164 16 16 437402
173 163 18 18 527928
180 170 4 4 77650
179 169 6 6 119779
178 168 8 8 162667
177 167 10 10 222650
176 166 12 12 287911
175 165 14 14 362898
174 164 16 16 442400
173 163 18 18 548720
180 170 4 4 70705
179 169 6 6 111395
178 168 8 8 165701
177 167 10 10 222405
176 166 12 12 291811
175 165 14 14 362705
174 164 16 16 456829
173 163 18 18 549947
180 170 4 4 78396
179 169 6 6 114818
178 168 8 8 166005
177 167 10 10 225677
176 166 12 12 293599
175 165 14 14 368662
174 164 16 16 452222
173 163 18 18 544314
180 170 4 4 84538
179 169 6 6 126188
178 168 8 8 177722
177 167 10 10 235782
176 166 12 12 304498
175 165 14 14 374516
174 164 16 16 460678
173 163 18 18 559644
180 170 4 4 76444
179 169 6 6 114527
178 168 8 8 158437
177 167 10 10 222159
176 166 12 12 287269
175 165 14 14 364747
174 164 16 16 447721
173 163 18 18 551606
180 170 4 4 75975
179 169 6 6 120802
178 168 8 8 166572
177 167 10 10 220086
176 166 12 12 291657
175 165 14 14 368300
174 164 16 16 447213
173 163 18 18 541678
180 170 4 4 74037
179 169 6 6 115087
178 168 8 8 166144
177 167 10 10 223689
176 166 12 12 297404
175 165 14 14 379491
174 164 16 16 467256
173 163 18 18 573105
180 170 4 4 74706
179 169 6 6 117159
178 168 8 8 160072
177 167 10 10 213807
176 166 12 12 273715
175 165 14 14 349610
174 164 16 16 436917
173 163 18 18 537968
180 170 4 4 69098
179 169 6 6 108828
178 168 8 8 160258
177 167 10 10 209930
176 166 12 12 276513
175 165 14 14 353069
174 164 16 16 439370
173 163 18 18 539333
180 170 4 4 78086
179 169 6 6 116278
178 168 8 8 162163
177 167 10 10 214934
176 166 12 12 289758
175 165 14 14 370430
174 164 16 16 461206
173 163 18 18 558218
180 170 4 4 74543
179 169 6 6 113943
178 168 8 8 165229
177 167 10 10 222543
176 166 12 12 287501
175 165 14 14 366496
174 164 16 16 454176
173 163 18 18 559141
180 170 4 4 71712
179 169 6 6 108564
178 168 8 8 154426
177 167 10 10 210523
176 166 12 12 275649
175 165 14 14 353153
174 164 16 16 441989
173 163 18 18 536585
180 170 4 4 65009
179 169 6 6 103992
178 168 8 8 150447
177 167 10 10 204466
176 166 12 12 273342
175 165 14 14 345478
174 164 16 16 435600
173 163 18 18 539707
180 170 4 4 79279
179 169 6 6 118469
178 168 8 8 166163
177 167 10 10 226174
176 166 12 12 286417
175 165 14 14 367816
174 164 16 16 455255
173 163 18 18 554839
180 170 4 4 73854
179 169 6 6 114847
178 168 8 8 171751
177 167 10 10 228013
176 166 12 12 295323
175 165 14 14 367373
174 164 16 16 457426
173 163 18 18 550911
180 170 4 4 75360
179 169 6 6 112030
178 168 8 8 156351
177 167 10 10 208931
176 166 12 12 275601
175 165 14 14 351488
174 164 16 16 434103
173 163 18 18 537701
180 170 4 4 79664
179 169 6 6 119717
178 168 8 8 165785
177 167 10 10 219234
176 166 12 12 286399
175 165 14 14 363642
174 164 16 16 451184
173 163 18 18 549343
180 170 4 4 77420
179 169 6 6 112453
178 168 8 8 165579
177 167 10 10 223088
176 166 12 12 288499
175 165 14 14 373618
174 164 16 16 463024
173 163 18 18 557298
180 170 4 4 74757
179 169 6 6 113845
178 168 8 8 160642
177 167 10 10 214862
176 166 12 12 286534
175 165 14 14 358859
174 164 16 16 451760
173 163 18 18 553446
180 170 4 4 67617
179 169 6 6 105150
178 168 8 8 150535
177 167 10 10 206619
176 166 12 12 274281
175 165 14 14 352580
174 164 16 16 441432
173 163 18 18 536718
180 170 4 4 75292
179 169 6 6 113749
178 168 8 8 160439
177 167 10 10 220606
176 166 12 12 288571
175 165 14 14 366470
174 164 16 16 443330
173 163 18 18 538785
180 170 4 4 84708
179 169 6 6 122975
178 168 8 8 171598
177 167 10 10 223798
176 166 12 12 296386
175 165 14 14 374893
174 164 16 16 465106
173 163 18 18 568890
180 170 4 4 74265
179 169 6 6 114501
178 168 8 8 166462
177 167 10 10 222518
176 166 12 12 282024
175 165 14 14 358631
174 164 16 16 446800
173 163 18 18 550265
180 170 4 4 75519
179 169 6 6 112649
178 168 8 8 164265
177 167 10 10 215506
176 166 12 12 283140
175 165 14 14 364986
174 164 16 16 448755
173 163 18 18 544028
180 170 4 4 69515
179 169 6 6 108878
178 168 8 8 154959
177 167 10 10 211003
176 166 12 12 272941
175 165 14 14 343066
174 164 16 16 428934
173 163 18 18 535100
180 170 4 4 83036
179 169 6 6 125369
178 168 8 8 171232
177 167 10 10 226278
176 166 12 12 292845
175 165 14 14 373675
174 164 16 16 454186
173 163 18 18 547559
180 170 4 4 78053
179 169 6 6 117277
178 168 8 8 165631
177 167 10 10 222886
176 166 12 12 296096
175 165 14 14 374222
174 164 16 16 460855
173 163 18 18 558345
180 170 4 4 71179
179 169 6 6 111416
178 168 8 8 158623
177 167 10 10 211513
176 166 12 12 272959
175 165 14 14 362341
174 164 16 16 446108
173 163 18 18 538604
180 170 4 4 79645
179 169 6 6 120580
178 168 8 8 160934
177 167 10 10 212818
176 166 12 12 281513
175 165 14 14 355701
174 164 16 16 444453
173 163 18 18 540086
180 170 4 4 66367
179 169 6 6 106288
178 168 8 8 157545
177 167 10 10 209496
176 166 12 12 276175
175 165 14 14 360039
174 164 16 16 449913
173 163 18 18 538008
180 170 4 4 80513
179 169 6 6 117692
178 168 8 8 166669
177 167 10 10 221215
176 166 12 12 283068
175 165 14 14 370814
174 164 16 16 460675
173 163 18 18 555055
180 170 4 4 72981
179 169 6 6 113620
178 168 8 8 158105
177 167 10 10 212794
176 166 12 12 283349
175 165 14 14 361772
174 164 16 16 442432
173 163 18 18 538720
180 170 4 4 76188
179 169 6 6 116186
178 168 8 8 154168
177 167 10 10 205874
176 166 12 12 272917
175 165 14 14 352281
174 164 16 16 436499
173 163 18 18 541977
180 170 4 4 71268
179 169 6 6 105542
178 168 8 8 153365
177 167 10 10 205042
176 166 12 12 270872
175 165 14 14 352378
174 164 16 16 435324
173 163 18 18 537542
180 170 4 4 70625
179 169 6 6 109282
178 168 8 8 157568
177 167 10 10 217795
176 166 12 12 282881
175 165 14 14 370661
174 164 16 16 453685
173 163 18 18 548848
180 170 4 4 78522
179 169 6 6 123753
178 168 8 8 177258
177 167 10 10 235371
176 166 12 12 304575
175 165 14 14 381340
174 164 16 16 470212
173 163 18 18 564838
180 170 4 4 75591
179 169 6 6 112001
178 168 8 8 155021
177 167 10 10 214723
176 166 12 12 286976
175 165 14 14 370216
174 164 16 16 452953
173 163 18 18 551339
180 170 4 4 76373
179 169 6 6 118132
178 168 8 8 164104
177 167 10 10 222424
176 166 12 12 286884
175 165 14 14 360499
174 164 16 16 441360
173 163 18 18 543558
180 170 4 4 70779
179 169 6 6 112074
178 168 8 8 162122
177 167 10 10 217683
176 166 12 12 284489
175 165 14 14 359786
174 164 16 16 447664
173 163 18 18 546184
180 170 4 4 82176
179 169 6 6 126613
178 168 8 8 177577
177 167 10 10 233072
176 166 12 12 298945
175 165 14 14 377517
174 164 16 16 461899
173 163 18 18 555871
180 170 4 4 76467
179 169 6 6 113454
178 168 8 8 158091
177 167 10 10 214396
176 166 12 12 280741
175 165 14 14 366360
174 164 16 16 454989
173 163 18 18 557127
180 170 4 4 77668
179 169 6 6 115246
178 168 8 8 161568
177 167 10 10 217971
176 166 12 12 282895
175 165 14 14 352774
174 164 16 16 442680
173 163 18 18 540802
180 170 4 4 77840
179 169 6 6 119005
178 168 8 8 164266
177 167 10 10 223424
176 166 12 12 291408
175 165 14 14 369013
174 164 16 16 462917
173 163 18 18 560112
180 170 4 4 70491
179 169 6 6 110306
178 168 8 8 154442
177 167 10 10 205819
176 166 12 12 271245
175 165 14 14 345697
174 164 16 16 436248
173 163 18 18 531388
180 170 4 4 81190
179 169 6 6 120837
178 168 8 8 164848
177 167 10 10 217648
176 166 12 12 285694
175 165 14 14 363695
174 164 16 16 446523
173 163 18 18 535016
180 170 4 4 75739
179 169 6 6 119260
178 168 8 8 164636
177 167 10 10 225094
176 166 12 12 292352
175 165 14 14 373822
174 164 16 16 456332
173 163 18 18 551608
180 170 4 4 80597
179 169 6 6 113146
178 168 8 8 158640
177 167 10 10 220006
176 166 12 12 277099
175 165 14 14 353978
174 164 16 16 436962
173 163 18 18 534390
180 170 4 4 74458
179 169 6 6 112355
178 168 8 8 157608
177 167 10 10 215552
176 166 12 12 283356
175 165 14 14 362583
174 164 16 16 449307
173 163 18 18 543648
180 170 4 4 66525
179 169 6 6 106482
178 168 8 8 151478
177 167 10 10 201116
176 166 12 12 269651
175 165 14 14 356100
174 164 16 16 441040
173 163 18 18 543728
180 170 4 4 75740
179 169 6 6 112136
178 168 8 8 158767
177 167 10 10 214596
176 166 12 12 279229
175 165 14 14 359079
174 164 16 16 449606
173 163 18 18 540968
180 170 4 4 74007
179 169 6 6 113510
178 168 8 8 156731
177 167 10 10 209351
176 166 12 12 273669
175 165 14 14 350232
174 164 16 16 441319
173 163 18 18 537235
180 170 4 4 70937
179 169 6 6 110680
178 168 8 8 161934
177 167 10 10 226672
176 166 12 12 298738
175 165 14 14 378320
174 164 16 16 458936
173 163 18 18 548844
180 170 4 4 68066
179 169 6 6 106832
178 168 8 8 150359
177 167 10 10 215502
176 166 12 12 278583
175 165 14 14 361461
174 164 16 16 446631
173 163 18 18 549251
180 170 4 4 73185
179 169 6 6 111138
178 168 8 8 157082
177 167 10 10 223655
176 166 12 12 290189
175 165 14 14 369502
174 164 16 16 456620
173 163 18 18 552585
180 170 4 4 67580
179 169 6 6 106013
178 168 8 8 160472
177 167 10 10 211788
176 166 12 12 274357
175 165 14 14 351630
174 164 16 16 440307
173 163 18 18 549371
180 170 4 4 78178
179 169 6 6 119378
178 168 8 8 164463
177 167 10 10 227248
176 166 12 12 295157
175 165 14 14 369622
174 164 16 16 457533
173 163 18 18 559546
180 170 4 4 67727
179 169 6 6 111423
178 168 8 8 161465
177 167 10 10 218659
176 166 12 12 288098
175 165 14 14 368454
174 164 16 16 444197
173 163 18 18 538690
180 170 4 4 82278
179 169 6 6 123536
178 168 8 8 173884
177 167 10 10 226261
176 166 12 12 298404
175 165 14 14 373375
174 164 16 16 455660
173 163 18 18 551081
180 170 4 4 72150
179 169 6 6 112882
178 168 8 8 161461
177 167 10 10 218061
176 166 12 12 284712
175 165 14 14 349546
174 164 16 16 441158
173 163 18 18 538538
180 170 4 4 76360
179 169 6 6 118123
178 168 8 8 162732
177 167 10 10 223310
176 166 12 12 284943
175 165 14 14 364913
174 164 16 16 444711
173 163 18 18 539799
180 170 4 4 74846
179 169 6 6 117945
178 168 8 8 162909
177 167 10 10 224141
176 166 12 12 284425
175 165 14 14 364381
174 164 16 16 442680
173 163 18 18 539716
180 170 4 4 78157
179 169 6 6 113683
178 168 8 8 163576
177 167 10 10 222168
176 166 12 12 297025
175 165 14 14 367443
174 164 16 16 444461
173 163 18 18 539840
180 170 4 4 69065
179 169 6 6 111553
178 168 8 8 159722
177 167 10 10 215804
176 166 12 12 280180
175 165 14 14 349183
174 164 16 16 429058
173 163 18 18 530602
180 170 4 4 61355
179 169 6 6 103747
178 168 8 8 143706
177 167 10 10 205645
176 166 12 12 271034
175 165 14 14 347606
174 164 16 16 438492
173 163 18 18 533017
180 170 4 4 80885
179 169 6 6 114742
178 168 8 8 162884
177 167 10 10 216854
176 166 12 12 285463
175 165 14 14 361130
174 164 16 16 444291
173 163 18 18 541615
180 170 4 4 72631
179 169 6 6 111723
178 168 8 8 163526
177 167 10 10 220670
176 166 12 12 288600
175 165 14 14 362198
174 164 16 16 447063
173 163 18 18 552534
180 170 4 4 72095
179 169 6 6 118290
178 168 8 8 164068
177 167 10 10 214823
176 166 12 12 281887
175 165 14 14 359086
174 164 16 16 441774
173 163 18 18 541039
180 170 4 4 71636
179 169 6 6 109873
178 168 8 8 164773
177 167 10 10 223659
176 166 12 12 288140
175 165 14 14 358165
174 164 16 16 437489
173 163 18 18 531893
180 170 4 4 71254
179 169 6 6 108677
178 168 8 8 153487
177 167 10 10 206975
176 166 12 12 266565
175 165 14 14 344401
174 164 16 16 426570
173 163 18 18 527307
180 170 4 4 72136
179 169 6 6 109404
178 168 8 8 157477
177 167 10 10 206897
176 166 12 12 277990
175 165 14 14 351557
174 164 16 16 438544
173 163 18 18 526718
180 170 4 4 70021
179 169 6 6 106270
178 168 8 8 152734
177 167 10 10 214863
176 166 12 12 276264
175 165 14 14 352434
174 164 16 16 430591
173 163 18 18 531403
180 170 4 4 68972
179 169 6 6 109864
178 168 8 8 158837
177 167 10 10 210206
176 166 12 12 281691
175 165 14 14 358105
174 164 16 16 442178
173 163 18 18 537089
180 170 4 4 68105
179 169 6 6 106193
178 168 8 8 160223
177 167 10 10 214899
176 166 12 12 286168
175 165 14 14 367227
174 164 16 16 446903
173 163 18 18 542218
180 170 4 4 80761
179 169 6 6 121155
178 168 8 8 173492
177 167 10 10 226313
176 166 12 12 288333
175 165 14 14 365395
174 164 16 16 444476
173 163 18 18 532283
180 170 4 4 79517
179 169 6 6 116409
178 168 8 8 164173
177 167 10 10 220532
176 166 12 12 290103
175 165 14 14 375320
174 164 16 16 453790
173 163 18 18 558302
180 170 4 4 74326
179 169 6 6 110106
178 168 8 8 152795
177 167 10 10 206926
176 166 12 12 277275
175 165 14 14 360630
174 164 16 16 436515
173 163 18 18 535453
180 170 4 4 76578
179 169 6 6 117685
178 168 8 8 171635
177 167 10 10 235456
176 166 12 12 299163
175 165 14 14 373223
174 164 16 16 448649
173 163 18 18 547774
180 170 4 4 70253
179 169 6 6 111651
178 168 8 8 156815
177 167 10 10 214914
176 166 12 12 280999
175 165 14 14 354135
174 164 16 16 440133
173 163 18 18 538916
180 170 4 4 68505
179 169 6 6 110019
178 168 8 8 152291
177 167 10 10 208243
176 166 12 12 273617
175 165 14 14 348697
174 164 16 16 441296
173 163 18 18 541749
180 170 4 4 74966
179 169 6 6 119470
178 168 8 8 162852
177 167 10 10 216005
176 166 12 12 285577
175 165 14 14 365464
174 164 16 16 447445
173 163 18 18 551361
180 170 4 4 61705
179 169 6 6 102217
178 168 8 8 149180
177 167 10 10 211537
176 166 12 12 272066
175 165 14 14 346350
174 164 16 16 428354
173 163 18 18 526087
180 170 4 4 72070
179 169 6 6 108643
178 168 8 8 151382
177 167 10 10 199167
176 166 12 12 261876
175 165 14 14 339748
174 164 16 16 423112
173 163 18 18 520790
180 170 4 4 69591
179 169 6 6 113080
178 168 8 8 162490
177 167 10 10 221426
176 166 12 12 287855
175 165 14 14 361831
174 164 16 16 447009
173 163 18 18 550144
180 170 4 4 81024
179 169 6 6 119921
178 168 8 8 163132
177 167 10 10 214220
176 166 12 12 280202
175 165 14 14 362133
174 164 16 16 447538
173 163 18 18 538676
180 170 4 4 76975
179 169 6 6 111313
178 168 8 8 158718
177 167 10 10 216586
176 166 12 12 286482
175 165 14 14 367042
174 164 16 16 452503
173 163 18 18 554594
180 170 4 4 72255
179 169 6 6 108156
178 168 8 8 158621
177 167 10 10 212156
176 166 12 12 273451
175 165 14 14 349073
174 164 16 16 437248
173 163 18 18 535028
180 170 4 4 64581
179 169 6 6 106280
178 168 8 8 151608
177 167 10 10 210675
176 166 12 12 284405
175 165 14 14 366008
174 164 16 16 459618
173 163 18 18 557552
180 170 4 4 71868
179 169 6 6 114547
178 168 8 8 167457
177 167 10 10 224810
176 166 12 12 293125
175 165 14 14 367272
174 164 16 16 457998
173 163 18 18 556410
180 170 4 4 70799
179 169 6 6 109578
178 168 8 8 157021
177 167 10 10 209062
176 166 12 12 278466
175 165 14 14 357320
174 164 16 16 445469
173 163 18 18 534613
180 170 4 4 76625
179 169 6 6 117417
178 168 8 8 161374
177 167 10 10 219015
176 166 12 12 292078
175 165 14 14 368775
174 164 16 16 456172
173 163 18 18 556388
180 170 4 4 67392
179 169 6 6 98200
178 168 8 8 148257
177 167 10 10 208944
176 166 12 12 268824
175 165 14 14 343623
174 164 16 16 425001
173 163 18 18 524851
180 170 4 4 70872
179 169 6 6 111766
178 168 8 8 163525
177 167 10 10 229124
176 166 12 12 286727
175 165 14 14 362034
174 164 16 16 451067
173 163 18 18 544486
180 170 4 4 70371
179 169 6 6 105881
178 168 8 8 152195
177 167 10 10 207756
176 166 12 12 281423
175 165 14 14 360748
174 164 16 16 453924
173 163 18 18 548481
180 170 4 4 74414
179 169 6 6 114035
178 168 8 8 161240
177 167 10 10 226483
176 166 12 12 296557
175 165 14 14 373073
174 164 16 16 462287
173 163 18 18 556974
180 170 4 4 71951
179 169 6 6 109509
178 168 8 8 159754
177 167 10 10 217105
176 166 12 12 281924
175 165 14 14 359409
174 164 16 16 443084
173 163 18 18 543829
180 170 4 4 79136
179 169 6 6 120583
178 168 8 8 173663
177 167 10 10 233321
176 166 12 12 296917
175 165 14 14 368838
174 164 16 16 456643
173 163 18 18 557803
180 170 4 4 68267
179 169 6 6 106068
178 168 8 8 151973
177 167 10 10 213687
176 166 12 12 283473
175 165 14 14 360408
174 164 16 16 453362
173 163 18 18 540968
180 170 4 4 70536
179 169 6 6 111810
178 168 8 8 163623
177 167 10 10 223963
176 166 12 12 287857
175 165 14 14 365934
174 164 16 16 443109
173 163 18 18 543812
180 170 4 4 74655
179 169 6 6 109398
178 168 8 8 154517
177 167 10 10 210830
176 166 12 12 287368
175 165 14 14 362179
174 164 16 16 445419
173 163 18 18 545810
180 170 4 4 75222
179 169 6 6 114411
178 168 8 8 168573
177 167 10 10 225577
176 166 12 12 297111
175 165 14 14 374703
174 164 16 16 459156
173 163 18 18 555533
180 170 4 4 72438
179 169 6 6 109571
178 168 8 8 158521
177 167 10 10 210270
176 166 12 12 286836
175 165 14 14 362004
174 164 16 16 443951
173 163 18 18 545780
180 170 4 4 68547
179 169 6 6 106821
178 168 8 8 154113
177 167 10 10 210021
176 166 12 12 279954
175 165 14 14 355413
174 164 16 16 442201
173 163 18 18 535227
180 170 4 4 79605
179 169 6 6 119769
178 168 8 8 168727
177 167 10 10 227345
176 166 12 12 294538
175 165 14 14 370251
174 164 16 16 461819
173 163 18 18 560635
180 170 4 4 71616
179 169 6 6 111114
178 168 8 8 152331
177 167 10 10 204749
176 166 12 12 268531
175 165 14 14 345136
174 164 16 16 436560
173 163 18 18 528032
180 170 4 4 66105
179 169 6 6 107121
178 168 8 8 151962
177 167 10 10 208975
176 166 12 12 272823
175 165 14 14 350916
174 164 16 16 439328
173 163 18 18 532077
180 170 4 4 78512
179 169 6 6 112951
178 168 8 8 156259
177 167 10 10 208624
176 166 12 12 273131
175 165 14 14 345948
174 164 16 16 434431
173 163 18 18 525362
180 170 4 4 72997
179 169 6 6 110606
178 168 8 8 157966
177 167 10 10 212840
176 166 12 12 282717
175 165 14 14 349406
174 164 16 16 436557
173 163 18 18 531975
180 170 4 4 78473
179 169 6 6 118425
178 168 8 8 161520
177 167 10 10 219371
176 166 12 12 282041
175 165 14 14 361724
174 164 16 16 445707
173 163 18 18 540934
180 170 4 4 69274
179 169 6 6 109765
178 168 8 8 159378
177 167 10 10 210330
176 166 12 12 283437
175 165 14 14 351736
174 164 16 16 432519
173 163 18 18 527491
180 170 4 4 68666
179 169 6 6 106837
178 168 8 8 151640
177 167 10 10 206735
176 166 12 12 279621
175 165 14 14 357647
174 164 16 16 446937
173 163 18 18 547607
180 170 4 4 63558
179 169 6 6 111905
178 168 8 8 155895
177 167 10 10 215368
176 166 12 12 289913
175 165 14 14 357786
174 164 16 16 442766
173 163 18 18 537413
180 170 4 4 64877
179 169 6 6 99148
178 168 8 8 145702
177 167 10 10 209719
176 166 12 12 274302
175 165 14 14 357339
174 164 16 16 441615
173 163 18 18 536520
180 170 4 4 69359
179 169 6 6 100907
178 168 8 8 149617
177 167 10 10 209749
176 166 12 12 277801
175 165 14 14 357523
174 164 16 16 447756
173 163 18 18 547733
180 170 4 4 66674
179 169 6 6 104662
178 168 8 8 151994
177 167 10 10 208914
176 166 12 12 267751
175 165 14 14 348711
174 164 16 16 430806
173 163 18 18 523458
180 170 4 4 69200
179 169 6 6 105563
178 168 8 8 152627
177 167 10 10 209811
176 166 12 12 280789
175 165 14 14 358860
174 164 16 16 440238
173 163 18 18 538797
180 170 4 4 69549
179 169 6 6 105678
178 168 8 8 151945
177 167 10 10 215661
176 166 12 12 285907
175 165 14 14 366242
174 164 16 16 461231
173 163 18 18 556816
180 170 4 4 68937
179 169 6 6 108222
178 168 8 8 153542
177 167 10 10 213995
176 166 12 12 278548
175 165 14 14 356440
174 164 16 16 438501
173 163 18 18 533710
180 170 4 4 71936
179 169 6 6 112353
178 168 8 8 158317
177 167 10 10 213840
176 166 12 12 279781
175 165 14 14 353143
174 164 16 16 434512
173 163 18 18 523763
180 170 4 4 68055
179 169 6 6 108774
178 168 8 8 158771
177 167 10 10 217890
176 166 12 12 279139
175 165 14 14 360123
174 164 16 16 455427
173 163 18 18 543732
180 170 4 4 71484
179 169 6 6 112456
178 168 8 8 155218
177 167 10 10 210374
176 166 12 12 277895
175 165 14 14 352361
174 164 16 16 437281
173 163 18 18 531305
180 170 4 4 69719
179 169 6 6 104522
178 168 8 8 148845
177 167 10 10 202432
176 166 12 12 265255
175 165 14 14 335854
174 164 16 16 413296
173 163 18 18 512704
180 170 4 4 74211
179 169 6 6 114487
178 168 8 8 166133
177 167 10 10 219185
176 166 12 12 289597
175 165 14 14 365557
174 164 16 16 450113
173 163 18 18 545281
180 170 4 4 72179
179 169 6 6 115725
178 168 8 8 161220
177 167 10 10 219771
176 166 12 12 282799
175 165 14 14 358800
174 164 16 16 448818
173 163 18 18 532836
180 170 4 4 76401
179 169 6 6 118434
178 168 8 8 165056
177 167 10 10 218943
176 166 12 12 287210
175 165 14 14 364280
174 164 16 16 447874
173 163 18 18 543536
180 170 4 4 73073
179 169 6 6 113324
178 168 8 8 156614
177 167 10 10 212962
176 166 12 12 269779
175 165 14 14 338069
174 164 16 16 421919
173 163 18 18 513355
180 170 4 4 71773
179 169 6 6 114197
178 168 8 8 162119
177 167 10 10 222186
176 166 12 12 290712
175 165 14 14 364264
174 164 16 16 457279
173 163 18 18 549972
180 170 4 4 74651
179 169 6 6 109696
178 168 8 8 157937
177 167 10 10 211639
176 166 12 12 277737
175 165 14 14 358141
174 164 16 16 440728
173 163 18 18 538823
180 170 4 4 75893
179 169 6 6 112933
178 168 8 8 167660
177 167 10 10 227863
176 166 12 12 295517
175 165 14 14 365354
174 164 16 16 448741
173 163 18 18 546567
180 170 4 4 68810
179 169 6 6 110056
178 168 8 8 158471
177 167 10 10 215768
176 166 12 12 281446
175 165 14 14 359740
174 164 16 16 442203
173 163 18 18 536557
180 170 4 4 65742
179 169 6 6 99242
178 168 8 8 148404
177 167 10 10 199023
176 166 12 12 270684
175 165 14 14 347816
174 164 16 16 440194
173 163 18 18 532583
180 170 4 4 72248
179 169 6 6 106392
178 168 8 8 148623
177 167 10 10 203465
176 166 12 12 268339
175 165 14 14 345461
174 164 16 16 431225
173 163 18 18 527603
180 170 4 4 78366
179 169 6 6 112100
178 168 8 8 160917
177 167 10 10 215333
176 166 12 12 281667
175 165 14 14 359356
174 164 16 16 453672
173 163 18 18 547135
180 170 4 4 65885
179 169 6 6 104823
178 168 8 8 151060
177 167 10 10 207034
176 166 12 12 276261
175 165 14 14 353528
174 164 16 16 444157
173 163 18 18 535277
180 170 4 4 69918
179 169 6 6 107439
178 168 8 8 154308
177 167 10 10 208119
176 166 12 12 274704
175 165 14 14 358511
174 164 16 16 436615
173 163 18 18 532104
180 170 4 4 74419
179 169 6 6 112823
178 168 8 8 155922
177 167 10 10 211204
176 166 12 12 277981
175 165 14 14 349684
174 164 16 16 434482
173 163 18 18 533270
180 170 4 4 74063
179 169 6 6 113148
178 168 8 8 162608
177 167 10 10 217358
176 166 12 12 278875
175 165 14 14 353374
174 164 16 16 437217
173 163 18 18 542200
180 170 4 4 71779
179 169 6 6 111330
178 168 8 8 155748
177 167 10 10 213311
176 166 12 12 280899
175 165 14 14 355370
174 164 16 16 436446
173 163 18 18 535001
180 170 4 4 70802
179 169 6 6 110386
178 168 8 8 154425
177 167 10 10 209568
176 166 12 12 279516
175 165 14 14 353310
174 164 16 16 440615
173 163 18 18 534394
180 170 4 4 77852
179 169 6 6 116555
178 168 8 8 159652
177 167 10 10 216686
176 166 12 12 276550
175 165 14 14 349465
174 164 16 16 433527
173 163 18 18 530501
180 170 4 4 75167
179 169 6 6 118086
178 168 8 8 162062
177 167 10 10 214262
176 166 12 12 279135
175 165 14 14 354309
174 164 16 16 437920
173 163 18 18 534014
180 170 4 4 65129
179 169 6 6 107723
178 168 8 8 158470
177 167 10 10 211798
176 166 12 12 277211
175 165 14 14 353992
174 164 16 16 437468
173 163 18 18 533672
180 170 4 4 73604
179 169 6 6 112772
178 168 8 8 158863
177 167 10 10 218299
176 166 12 12 288371
175 165 14 14 361358
174 164 16 16 445418
173 163 18 18 539941
180 170 4 4 73034
179 169 6 6 115888
178 168 8 8 165029
177 167 10 10 219562
176 166 12 12 290249
175 165 14 14 368547
174 164 16 16 462476
173 163 18 18 553653
180 170 4 4 66256
179 169 6 6 106808
178 168 8 8 151938
177 167 10 10 206338
176 166 12 12 271607
175 165 14 14 348989
174 164 16 16 433033
173 163 18 18 538277
180 170 4 4 66686
179 169 6 6 99657
178 168 8 8 141292
177 167 10 10 193547
176 166 12 12 257216
175 165 14 14 326728
174 164 16 16 410542
173 163 18 18 510740
180 170 4 4 76363
179 169 6 6 114865
178 168 8 8 163878
177 167 10 10 220713
176 166 12 12 283187
175 165 14 14 366907
174 164 16 16 451388
173 163 18 18 529292
180 170 4 4 69743
179 169 6 6 107760
178 168 8 8 154160
177 167 10 10 210863
176 166 12 12 277193
175 165 14 14 356227
174 164 16 16 446141
173 163 18 18 546740
180 170 4 4 69814
179 169 6 6 113559
178 168 8 8 162714
177 167 10 10 215885
176 166 12 12 286671
175 165 14 14 369967
174 164 16 16 459566
173 163 18 18 556253
180 170 4 4 63176
179 169 6 6 98007
178 168 8 8 144861
177 167 10 10 203026
176 166 12 12 266185
175 165 14 14 342915
174 164 16 16 432109
173 163 18 18 527694
180 170 4 4 61579
179 169 6 6 103100
178 168 8 8 149683
177 167 10 10 208084
176 166 12 12 274101
175 165 14 14 347559
174 164 16 16 441734
173 163 18 18 523523
180 170 4 4 65947
179 169 6 6 105820
178 168 8 8 154257
177 167 10 10 209943
176 166 12 12 272409
175 165 14 14 349938
174 164 16 16 443462
173 163 18 18 545927
180 170 4 4 72935
179 169 6 6 116500
178 168 8 8 159409
177 167 10 10 213235
176 166 12 12 278598
175 165 14 14 355872
174 164 16 16 440010
173 163 18 18 531797
180 170 4 4 58515
179 169 6 6 100435
178 168 8 8 151585
177 167 10 10 205790
176 166 12 12 265116
175 165 14 14 343071
174 164 16 16 428223
173 163 18 18 527629
180 170 4 4 65681
179 169 6 6 105792
178 168 8 8 153743
177 167 10 10 211224
176 166 12 12 277184
175 165 14 14 348045
174 164 16 16 421040
173 163 18 18 520080
180 170 4 4 74521
179 169 6 6 111802
178 168 8 8 155082
177 167 10 10 216679
176 166 12 12 279103
175 165 14 14 357715
174 164 16 16 440271
173 163 18 18 537866
180 170 4 4 73495
179 169 6 6 112403
178 168 8 8 158406
177 167 10 10 215944
176 166 12 12 277513
175 165 14 14 358182
174 164 16 16 442943
173 163 18 18 542165
180 170 4 4 67947
179 169 6 6 109082
178 168 8 8 151457
177 167 10 10 206030
176 166 12 12 273991
175 165 14 14 354340
174 164 16 16 441557
173 163 18 18 535421
180 170 4 4 70449
179 169 6 6 107374
178 168 8 8 157640
177 167 10 10 211764
176 166 12 12 284477
175 165 14 14 361613
174 164 16 16 448723
173 163 18 18 545639
180 170 4 4 71551
179 169 6 6 111975
178 168 8 8 153204
177 167 10 10 210907
176 166 12 12 275341
175 165 14 14 344668
174 164 16 16 432991
173 163 18 18 533318
180 170 4 4 71188
179 169 6 6 109354
178 168 8 8 150197
177 167 10 10 206808
176 166 12 12 272051
175 165 14 14 354060
174 164 16 16 441892
173 163 18 18 536004
180 170 4 4 67888
179 169 6 6 105714
178 168 8 8 155594
177 167 10 10 204154
176 166 12 12 271491
175 165 14 14 347654
174 164 16 16 438114
173 163 18 18 535920
180 170 4 4 69069
179 169 6 6 107575
178 168 8 8 152790
177 167 10 10 210260
176 166 12 12 279224
175 165 14 14 359974
174 164 16 16 442545
173 163 18 18 541937
180 170 4 4 71126
179 169 6 6 113101
178 168 8 8 159237
177 167 10 10 216655
176 166 12 12 278765
175 165 14 14 349578
174 164 16 16 431987
173 163 18 18 518723
180 170 4 4 72435
179 169 6 6 112507
178 168 8 8 154755
177 167 10 10 210523
176 166 12 12 278116
175 165 14 14 350719
174 164 16 16 436829
173 163 18 18 527101
180 170 4 4 66023
179 169 6 6 105071
178 168 8 8 157118
177 167 10 10 214864
176 166 12 12 286027
175 165 14 14 364811
174 164 16 16 450962
173 163 18 18 542442
