451 178 4 4 2303
450 177 6 6 5096
449 176 8 8 8439
448 175 10 10 13344
447 174 12 12 18406
446 173 14 14 25620
445 172 16 16 34580
444 171 18 18 41959
451 178 4 4 2449
450 177 6 6 4566
449 176 8 8 7953
448 175 10 10 11921
447 174 12 12 18232
446 173 14 14 25132
445 172 16 16 32752
444 171 18 18 40403
451 178 4 4 2020
450 177 6 6 4226
449 176 8 8 7640
448 175 10 10 12048
447 174 12 12 19152
446 173 14 14 25224
445 172 16 16 32026
444 171 18 18 39557
451 178 4 4 2025
450 177 6 6 4710
449 176 8 8 7541
448 175 10 10 12511
447 174 12 12 17757
446 173 14 14 24435
445 172 16 16 31126
444 171 18 18 38925
451 178 4 4 1661
450 177 6 6 4771
449 176 8 8 8831
448 175 10 10 12850
447 174 12 12 17965
446 173 14 14 24274
445 172 16 16 31168
444 171 18 18 39358
451 178 4 4 2182
450 177 6 6 4446
449 176 8 8 7850
448 175 10 10 12685
447 174 12 12 17755
446 173 14 14 24247
445 172 16 16 31738
444 171 18 18 39411
451 178 4 4 2344
450 177 6 6 5334
449 176 8 8 9065
448 175 10 10 13582
447 174 12 12 19004
446 173 14 14 26072
445 172 16 16 33848
444 171 18 18 41624
451 178 4 4 1865
450 177 6 6 5139
449 176 8 8 8259
448 175 10 10 12851
447 174 12 12 17784
446 173 14 14 24220
445 172 16 16 31204
444 171 18 18 39682
451 178 4 4 1906
450 177 6 6 3983
449 176 8 8 7697
448 175 10 10 11835
447 174 12 12 16781
446 173 14 14 22619
445 172 16 16 29068
444 171 18 18 37092
451 178 4 4 1817
450 177 6 6 4046
449 176 8 8 7429
448 175 10 10 12046
447 174 12 12 17106
446 173 14 14 23328
445 172 16 16 30409
444 171 18 18 37800
451 178 4 4 1883
450 177 6 6 4172
449 176 8 8 7897
448 175 10 10 12655
447 174 12 12 17939
446 173 14 14 24400
445 172 16 16 31842
444 171 18 18 39859
451 178 4 4 1889
450 177 6 6 4153
449 176 8 8 7522
448 175 10 10 11195
447 174 12 12 16196
446 173 14 14 22173
445 172 16 16 29614
444 171 18 18 38037
451 178 4 4 1603
450 177 6 6 4175
449 176 8 8 7284
448 175 10 10 11564
447 174 12 12 16060
446 173 14 14 22686
445 172 16 16 29494
444 171 18 18 36739
451 178 4 4 1805
450 177 6 6 3953
449 176 8 8 7267
448 175 10 10 11645
447 174 12 12 18050
446 173 14 14 25070
445 172 16 16 32695
444 171 18 18 41356
451 178 4 4 1382
450 177 6 6 3703
449 176 8 8 6232
448 175 10 10 9490
447 174 12 12 14363
446 173 14 14 19570
445 172 16 16 25857
444 171 18 18 33771
451 178 4 4 2266
450 177 6 6 4841
449 176 8 8 7819
448 175 10 10 11793
447 174 12 12 17304
446 173 14 14 23692
445 172 16 16 30210
444 171 18 18 38779
451 178 4 4 1674
450 177 6 6 3777
449 176 8 8 7388
448 175 10 10 12341
447 174 12 12 17663
446 173 14 14 24469
445 172 16 16 32746
444 171 18 18 40147
451 178 4 4 2372
450 177 6 6 4599
449 176 8 8 8301
448 175 10 10 12351
447 174 12 12 19171
446 173 14 14 25304
445 172 16 16 32672
444 171 18 18 39930
451 178 4 4 1983
450 177 6 6 5217
449 176 8 8 8474
448 175 10 10 12740
447 174 12 12 18007
446 173 14 14 24637
445 172 16 16 31710
444 171 18 18 39984
451 178 4 4 2014
450 177 6 6 4790
449 176 8 8 8244
448 175 10 10 13388
447 174 12 12 18286
446 173 14 14 24277
445 172 16 16 31849
444 171 18 18 39344
451 178 4 4 1749
450 177 6 6 4185
449 176 8 8 7636
448 175 10 10 11437
447 174 12 12 16850
446 173 14 14 22268
445 172 16 16 30120
444 171 18 18 38282
451 178 4 4 1938
450 177 6 6 4261
449 176 8 8 7321
448 175 10 10 11180
447 174 12 12 16980
446 173 14 14 23522
445 172 16 16 30104
444 171 18 18 37983
451 178 4 4 2022
450 177 6 6 4225
449 176 8 8 7028
448 175 10 10 11357
447 174 12 12 16675
446 173 14 14 22195
445 172 16 16 29606
444 171 18 18 37943
451 178 4 4 2206
450 177 6 6 4354
449 176 8 8 8680
448 175 10 10 14605
447 174 12 12 22299
446 173 14 14 28935
445 172 16 16 39479
444 171 18 18 50414
451 178 4 4 2544
450 177 6 6 5253
449 176 8 8 8392
448 175 10 10 13728
447 174 12 12 20070
446 173 14 14 28063
445 172 16 16 37292
444 171 18 18 46634
451 178 4 4 150138
450 177 6 6 289700
449 176 8 8 474689
448 175 10 10 707954
447 174 12 12 995714
446 173 14 14 1329637
445 172 16 16 1733182
444 171 18 18 2177754
451 178 4 4 161688
450 177 6 6 299308
449 176 8 8 468048
448 175 10 10 689003
447 174 12 12 989317
446 173 14 14 1343323
445 172 16 16 1722725
444 171 18 18 2155635
451 178 4 4 157875
450 177 6 6 304388
449 176 8 8 499884
448 175 10 10 742934
447 174 12 12 1012192
446 173 14 14 1366647
445 172 16 16 1741138
444 171 18 18 2175360
451 178 4 4 177049
450 177 6 6 327929
449 176 8 8 520158
448 175 10 10 774330
447 174 12 12 1070091
446 173 14 14 1424968
445 172 16 16 1823084
444 171 18 18 2261173
451 178 4 4 159141
450 177 6 6 300693
449 176 8 8 498752
448 175 10 10 760316
447 174 12 12 1049119
446 173 14 14 1401202
445 172 16 16 1806726
444 171 18 18 2262244
451 178 4 4 161413
450 177 6 6 311738
449 176 8 8 515047
448 175 10 10 765318
447 174 12 12 1059409
446 173 14 14 1405766
445 172 16 16 1790036
444 171 18 18 2224772
451 178 4 4 154540
450 177 6 6 299926
449 176 8 8 490952
448 175 10 10 729376
447 174 12 12 1014159
446 173 14 14 1336987
445 172 16 16 1723496
444 171 18 18 2167610
451 178 4 4 164160
450 177 6 6 310183
449 176 8 8 498424
448 175 10 10 739052
447 174 12 12 1013862
446 173 14 14 1358206
445 172 16 16 1760290
444 171 18 18 2186639
451 178 4 4 144719
450 177 6 6 286060
449 176 8 8 473439
448 175 10 10 706898
447 174 12 12 971947
446 173 14 14 1311280
445 172 16 16 1693150
444 171 18 18 2137206
451 178 4 4 152076
450 177 6 6 302581
449 176 8 8 490878
448 175 10 10 727725
447 174 12 12 1023711
446 173 14 14 1361327
445 172 16 16 1750779
444 171 18 18 2164840
451 178 4 4 153176
450 177 6 6 295748
449 176 8 8 477482
448 175 10 10 712103
447 174 12 12 993474
446 173 14 14 1330290
445 172 16 16 1718023
444 171 18 18 2133674
451 178 4 4 151888
450 177 6 6 299348
449 176 8 8 486937
448 175 10 10 727743
447 174 12 12 1009153
446 173 14 14 1336526
445 172 16 16 1720909
444 171 18 18 2161166
451 178 4 4 162662
450 177 6 6 306606
449 176 8 8 485371
448 175 10 10 711334
447 174 12 12 992586
446 173 14 14 1331748
445 172 16 16 1708450
444 171 18 18 2128160
451 178 4 4 153014
450 177 6 6 285924
449 176 8 8 472231
448 175 10 10 687270
447 174 12 12 958409
446 173 14 14 1290575
445 172 16 16 1642156
444 171 18 18 2070123
451 178 4 4 146041
450 177 6 6 290529
449 176 8 8 483530
448 175 10 10 726703
447 174 12 12 1004896
446 173 14 14 1331835
445 172 16 16 1696521
444 171 18 18 2139352
451 178 4 4 155087
450 177 6 6 296711
449 176 8 8 479640
448 175 10 10 713200
447 174 12 12 1002270
446 173 14 14 1356386
445 172 16 16 1723464
444 171 18 18 2145087
451 178 4 4 159696
450 177 6 6 303393
449 176 8 8 486349
448 175 10 10 699140
447 174 12 12 994035
446 173 14 14 1326145
445 172 16 16 1692306
444 171 18 18 2112611
451 178 4 4 142723
450 177 6 6 283094
449 176 8 8 469906
448 175 10 10 702732
447 174 12 12 975468
446 173 14 14 1286109
445 172 16 16 1646667
444 171 18 18 2069977
451 178 4 4 154976
450 177 6 6 300347
449 176 8 8 478019
448 175 10 10 706910
447 174 12 12 980830
446 173 14 14 1316046
445 172 16 16 1681326
444 171 18 18 2102696
451 178 4 4 153209
450 177 6 6 292766
449 176 8 8 462457
448 175 10 10 695226
447 174 12 12 979117
446 173 14 14 1296089
445 172 16 16 1684447
444 171 18 18 2118717
451 178 4 4 154669
450 177 6 6 303200
449 176 8 8 497944
448 175 10 10 733425
447 174 12 12 1006269
446 173 14 14 1337820
445 172 16 16 1711521
444 171 18 18 2128964
451 178 4 4 151392
450 177 6 6 298273
449 176 8 8 478194
448 175 10 10 709889
447 174 12 12 989919
446 173 14 14 1326131
445 172 16 16 1709815
444 171 18 18 2146053
451 178 4 4 156122
450 177 6 6 297550
449 176 8 8 485537
448 175 10 10 708504
447 174 12 12 989122
446 173 14 14 1316195
445 172 16 16 1690123
444 171 18 18 2126504
451 178 4 4 156604
450 177 6 6 297772
449 176 8 8 485642
448 175 10 10 720331
447 174 12 12 1009156
446 173 14 14 1337522
445 172 16 16 1719900
444 171 18 18 2155222
451 178 4 4 143228
450 177 6 6 282108
449 176 8 8 467850
448 175 10 10 690511
447 174 12 12 960272
446 173 14 14 1285153
445 172 16 16 1670113
444 171 18 18 2075470
451 178 4 4 153805
450 177 6 6 296455
449 176 8 8 481903
448 175 10 10 702940
447 174 12 12 982695
446 173 14 14 1305093
445 172 16 16 1683265
444 171 18 18 2125568
451 178 4 4 158125
450 177 6 6 303763
449 176 8 8 477756
448 175 10 10 704887
447 174 12 12 991046
446 173 14 14 1310253
445 172 16 16 1686171
444 171 18 18 2114215
451 178 4 4 142173
450 177 6 6 281524
449 176 8 8 464315
448 175 10 10 698358
447 174 12 12 984736
446 173 14 14 1323872
445 172 16 16 1699929
444 171 18 18 2143695
451 178 4 4 159985
450 177 6 6 299985
449 176 8 8 492891
448 175 10 10 720653
447 174 12 12 993707
446 173 14 14 1316482
445 172 16 16 1688918
444 171 18 18 2121269
451 178 4 4 149733
450 177 6 6 285524
449 176 8 8 470219
448 175 10 10 710250
447 174 12 12 991052
446 173 14 14 1315090
445 172 16 16 1693488
444 171 18 18 2126798
451 178 4 4 149169
450 177 6 6 278612
449 176 8 8 456195
448 175 10 10 680849
447 174 12 12 968698
446 173 14 14 1297830
445 172 16 16 1666712
444 171 18 18 2094144
451 178 4 4 142012
450 177 6 6 278218
449 176 8 8 450152
448 175 10 10 696091
447 174 12 12 976503
446 173 14 14 1304709
445 172 16 16 1670760
444 171 18 18 2095461
451 178 4 4 160412
450 177 6 6 302533
449 176 8 8 491052
448 175 10 10 714932
447 174 12 12 1005630
446 173 14 14 1325769
445 172 16 16 1683207
444 171 18 18 2116478
451 178 4 4 159827
450 177 6 6 302229
449 176 8 8 480563
448 175 10 10 693500
447 174 12 12 960946
446 173 14 14 1275800
445 172 16 16 1661578
444 171 18 18 2094733
451 178 4 4 160206
450 177 6 6 306567
449 176 8 8 491811
448 175 10 10 712893
447 174 12 12 984646
446 173 14 14 1298767
445 172 16 16 1674240
444 171 18 18 2075219
451 178 4 4 157064
450 177 6 6 293237
449 176 8 8 465256
448 175 10 10 686620
447 174 12 12 965478
446 173 14 14 1288149
445 172 16 16 1646344
444 171 18 18 2055645
451 178 4 4 152029
450 177 6 6 287708
449 176 8 8 470890
448 175 10 10 690868
447 174 12 12 961932
446 173 14 14 1279582
445 172 16 16 1643490
444 171 18 18 2074612
451 178 4 4 169540
450 177 6 6 306438
449 176 8 8 486153
448 175 10 10 725881
447 174 12 12 999907
446 173 14 14 1318029
445 172 16 16 1669304
444 171 18 18 2078886
451 178 4 4 140452
450 177 6 6 265636
449 176 8 8 440379
448 175 10 10 667260
447 174 12 12 935738
446 173 14 14 1266591
445 172 16 16 1640222
444 171 18 18 2053440
451 178 4 4 157500
450 177 6 6 296228
449 176 8 8 468038
448 175 10 10 681411
447 174 12 12 947271
446 173 14 14 1258306
445 172 16 16 1602721
444 171 18 18 2043089
451 178 4 4 157631
450 177 6 6 287891
449 176 8 8 466240
448 175 10 10 695933
447 174 12 12 985415
446 173 14 14 1307198
445 172 16 16 1670481
444 171 18 18 2100123
451 178 4 4 149274
450 177 6 6 288711
449 176 8 8 472144
448 175 10 10 696539
447 174 12 12 968725
446 173 14 14 1285279
445 172 16 16 1662842
444 171 18 18 2086163
451 178 4 4 141744
450 177 6 6 278807
449 176 8 8 463078
448 175 10 10 682220
447 174 12 12 956669
446 173 14 14 1266283
445 172 16 16 1644974
444 171 18 18 2060163
451 178 4 4 148252
450 177 6 6 287041
449 176 8 8 471947
448 175 10 10 694609
447 174 12 12 971872
446 173 14 14 1295010
445 172 16 16 1656421
444 171 18 18 2075956
451 178 4 4 155835
450 177 6 6 310026
449 176 8 8 486675
448 175 10 10 712213
447 174 12 12 971681
446 173 14 14 1290529
445 172 16 16 1661321
444 171 18 18 2093646
451 178 4 4 146231
450 177 6 6 284764
449 176 8 8 457768
448 175 10 10 688313
447 174 12 12 963289
446 173 14 14 1288882
445 172 16 16 1661395
444 171 18 18 2070855
451 178 4 4 147456
450 177 6 6 291656
449 176 8 8 459871
448 175 10 10 689269
447 174 12 12 958876
446 173 14 14 1275269
445 172 16 16 1661464
444 171 18 18 2075083
451 178 4 4 140195
450 177 6 6 277993
449 176 8 8 462267
448 175 10 10 686731
447 174 12 12 950870
446 173 14 14 1261345
445 172 16 16 1632580
444 171 18 18 2055047
451 178 4 4 162909
450 177 6 6 299355
449 176 8 8 476637
448 175 10 10 709017
447 174 12 12 990477
446 173 14 14 1308380
445 172 16 16 1687797
444 171 18 18 2108622
451 178 4 4 153846
450 177 6 6 298082
449 176 8 8 476751
448 175 10 10 706571
447 174 12 12 967403
446 173 14 14 1271734
445 172 16 16 1645254
444 171 18 18 2084785
451 178 4 4 146185
450 177 6 6 284679
449 176 8 8 472617
448 175 10 10 685812
447 174 12 12 953481
446 173 14 14 1278173
445 172 16 16 1641467
444 171 18 18 2066682
451 178 4 4 148376
450 177 6 6 290392
449 176 8 8 486737
448 175 10 10 707403
447 174 12 12 973383
446 173 14 14 1293289
445 172 16 16 1660125
444 171 18 18 2083662
451 178 4 4 149953
450 177 6 6 295128
449 176 8 8 472933
448 175 10 10 694616
447 174 12 12 969227
446 173 14 14 1280536
445 172 16 16 1643103
444 171 18 18 2065915
451 178 4 4 145516
450 177 6 6 284568
449 176 8 8 458827
448 175 10 10 689284
447 174 12 12 962134
446 173 14 14 1264169
445 172 16 16 1635753
444 171 18 18 2027298
451 178 4 4 151993
450 177 6 6 293866
449 176 8 8 479322
448 175 10 10 707478
447 174 12 12 980330
446 173 14 14 1312266
445 172 16 16 1670455
444 171 18 18 2093375
451 178 4 4 156182
450 177 6 6 296984
449 176 8 8 476384
448 175 10 10 701028
447 174 12 12 974678
446 173 14 14 1276429
445 172 16 16 1655723
444 171 18 18 2068295
451 178 4 4 153952
450 177 6 6 290199
449 176 8 8 468484
448 175 10 10 691152
447 174 12 12 957078
446 173 14 14 1264639
445 172 16 16 1626659
444 171 18 18 2046953
451 178 4 4 150790
450 177 6 6 295623
449 176 8 8 464327
448 175 10 10 696571
447 174 12 12 975205
446 173 14 14 1297378
445 172 16 16 1666636
444 171 18 18 2083786
451 178 4 4 142327
450 177 6 6 273291
449 176 8 8 456873
448 175 10 10 691712
447 174 12 12 984372
446 173 14 14 1305773
445 172 16 16 1660844
444 171 18 18 2087780
451 178 4 4 157003
450 177 6 6 300580
449 176 8 8 472959
448 175 10 10 690834
447 174 12 12 966127
446 173 14 14 1285787
445 172 16 16 1656848
444 171 18 18 2084853
451 178 4 4 145750
450 177 6 6 280486
449 176 8 8 462344
448 175 10 10 679354
447 174 12 12 948997
446 173 14 14 1265185
445 172 16 16 1646950
444 171 18 18 2058102
451 178 4 4 146955
450 177 6 6 295458
449 176 8 8 464987
448 175 10 10 683732
447 174 12 12 959451
446 173 14 14 1280290
445 172 16 16 1627994
444 171 18 18 2058943
451 178 4 4 151316
450 177 6 6 296641
449 176 8 8 473922
448 175 10 10 684545
447 174 12 12 974701
446 173 14 14 1290430
445 172 16 16 1659374
444 171 18 18 2083782
451 178 4 4 149571
450 177 6 6 295501
449 176 8 8 463622
448 175 10 10 682072
447 174 12 12 964687
446 173 14 14 1269557
445 172 16 16 1628035
444 171 18 18 2040896
451 178 4 4 156541
450 177 6 6 303294
449 176 8 8 478647
448 175 10 10 696039
447 174 12 12 970334
446 173 14 14 1284963
445 172 16 16 1654049
444 171 18 18 2067615
451 178 4 4 158861
450 177 6 6 308640
449 176 8 8 500315
448 175 10 10 709436
447 174 12 12 990053
446 173 14 14 1303300
445 172 16 16 1672786
444 171 18 18 2089042
451 178 4 4 150104
450 177 6 6 287213
449 176 8 8 470457
448 175 10 10 700710
447 174 12 12 980177
446 173 14 14 1289911
445 172 16 16 1660568
444 171 18 18 2080591
451 178 4 4 149868
450 177 6 6 287340
449 176 8 8 473063
448 175 10 10 696366
447 174 12 12 977261
446 173 14 14 1300676
445 172 16 16 1664279
444 171 18 18 2062993
451 178 4 4 156385
450 177 6 6 297106
449 176 8 8 476184
448 175 10 10 705728
447 174 12 12 981971
446 173 14 14 1315063
445 172 16 16 1685220
444 171 18 18 2104867
451 178 4 4 153890
450 177 6 6 299346
449 176 8 8 490737
448 175 10 10 721005
447 174 12 12 998139
446 173 14 14 1318935
445 172 16 16 1701416
444 171 18 18 2119701
451 178 4 4 162140
450 177 6 6 305404
449 176 8 8 491644
448 175 10 10 727937
447 174 12 12 1003340
446 173 14 14 1324271
445 172 16 16 1695307
444 171 18 18 2106024
451 178 4 4 150939
450 177 6 6 292118
449 176 8 8 473089
448 175 10 10 693467
447 174 12 12 957862
446 173 14 14 1277652
445 172 16 16 1637784
444 171 18 18 2045999
451 178 4 4 146698
450 177 6 6 284525
449 176 8 8 467535
448 175 10 10 698063
447 174 12 12 977268
446 173 14 14 1290277
445 172 16 16 1658200
444 171 18 18 2077114
451 178 4 4 141335
450 177 6 6 282404
449 176 8 8 468108
448 175 10 10 692374
447 174 12 12 959715
446 173 14 14 1278291
445 172 16 16 1645435
444 171 18 18 2065338
451 178 4 4 157210
450 177 6 6 291224
449 176 8 8 472166
448 175 10 10 698714
447 174 12 12 972781
446 173 14 14 1293020
445 172 16 16 1648207
444 171 18 18 2066132
451 178 4 4 142714
450 177 6 6 289229
449 176 8 8 463471
448 175 10 10 687696
447 174 12 12 957941
446 173 14 14 1280286
445 172 16 16 1643581
444 171 18 18 2063055
451 178 4 4 153262
450 177 6 6 294957
449 176 8 8 466184
448 175 10 10 691568
447 174 12 12 939668
446 173 14 14 1267624
445 172 16 16 1612825
444 171 18 18 2035693
451 178 4 4 156344
450 177 6 6 297953
449 176 8 8 483939
448 175 10 10 708799
447 174 12 12 973432
446 173 14 14 1275569
445 172 16 16 1634457
444 171 18 18 2054534
451 178 4 4 153939
450 177 6 6 291644
449 176 8 8 472803
448 175 10 10 703950
447 174 12 12 991429
446 173 14 14 1297052
445 172 16 16 1664609
444 171 18 18 2082346
451 178 4 4 155798
450 177 6 6 298829
449 176 8 8 475911
448 175 10 10 700411
447 174 12 12 976581
446 173 14 14 1301223
445 172 16 16 1664666
444 171 18 18 2098443
451 178 4 4 149513
450 177 6 6 277634
449 176 8 8 458998
448 175 10 10 683145
447 174 12 12 962534
446 173 14 14 1279715
445 172 16 16 1627202
444 171 18 18 2051924
451 178 4 4 160875
450 177 6 6 298460
449 176 8 8 473069
448 175 10 10 698469
447 174 12 12 953039
446 173 14 14 1268061
445 172 16 16 1639174
444 171 18 18 2044007
451 178 4 4 150551
450 177 6 6 288954
449 176 8 8 469888
448 175 10 10 697434
447 174 12 12 965497
446 173 14 14 1272623
445 172 16 16 1636640
444 171 18 18 2050531
451 178 4 4 152585
450 177 6 6 280454
449 176 8 8 459799
448 175 10 10 688542
447 174 12 12 957413
446 173 14 14 1270327
445 172 16 16 1627440
444 171 18 18 2054342
451 178 4 4 153583
450 177 6 6 288974
449 176 8 8 459859
448 175 10 10 675823
447 174 12 12 941822
446 173 14 14 1268153
445 172 16 16 1611505
444 171 18 18 2013388
451 178 4 4 150613
450 177 6 6 281262
449 176 8 8 446434
448 175 10 10 662673
447 174 12 12 921448
446 173 14 14 1233121
445 172 16 16 1592258
444 171 18 18 2012907
451 178 4 4 151873
450 177 6 6 289270
449 176 8 8 471740
448 175 10 10 703199
447 174 12 12 981055
446 173 14 14 1310405
445 172 16 16 1685353
444 171 18 18 2109326
451 178 4 4 149912
450 177 6 6 285169
449 176 8 8 471930
448 175 10 10 696423
447 174 12 12 960796
446 173 14 14 1267220
445 172 16 16 1642009
444 171 18 18 2067436
451 178 4 4 143737
450 177 6 6 293430
449 176 8 8 477615
448 175 10 10 707112
447 174 12 12 961490
446 173 14 14 1281855
445 172 16 16 1648271
444 171 18 18 2065179
451 178 4 4 145038
450 177 6 6 281057
449 176 8 8 461174
448 175 10 10 676445
447 174 12 12 942486
446 173 14 14 1249681
445 172 16 16 1600104
444 171 18 18 1988307
451 178 4 4 133332
450 177 6 6 277012
449 176 8 8 449477
448 175 10 10 663342
447 174 12 12 919728
446 173 14 14 1242528
445 172 16 16 1615989
444 171 18 18 2034405
451 178 4 4 144457
450 177 6 6 283149
449 176 8 8 464988
448 175 10 10 681389
447 174 12 12 940507
446 173 14 14 1254928
445 172 16 16 1623268
444 171 18 18 2021454
451 178 4 4 148597
450 177 6 6 284477
449 176 8 8 453785
448 175 10 10 687137
447 174 12 12 979607
446 173 14 14 1300414
445 172 16 16 1670327
444 171 18 18 2097989
451 178 4 4 146128
450 177 6 6 278181
449 176 8 8 466840
448 175 10 10 693987
447 174 12 12 968686
446 173 14 14 1282661
445 172 16 16 1648796
444 171 18 18 2060732
451 178 4 4 147599
450 177 6 6 278088
449 176 8 8 467204
448 175 10 10 699703
447 174 12 12 979013
446 173 14 14 1305887
445 172 16 16 1665386
444 171 18 18 2092392
451 178 4 4 157074
450 177 6 6 292696
449 176 8 8 475535
448 175 10 10 694120
447 174 12 12 958598
446 173 14 14 1276269
445 172 16 16 1635352
444 171 18 18 2048844
451 178 4 4 153286
450 177 6 6 295933
449 176 8 8 478704
448 175 10 10 690849
447 174 12 12 960832
446 173 14 14 1280800
445 172 16 16 1635548
444 171 18 18 2050498
451 178 4 4 148167
450 177 6 6 291449
449 176 8 8 475780
448 175 10 10 711400
447 174 12 12 977893
446 173 14 14 1302208
445 172 16 16 1671953
444 171 18 18 2094410
451 178 4 4 155520
450 177 6 6 299399
449 176 8 8 470153
448 175 10 10 703717
447 174 12 12 949654
446 173 14 14 1259235
445 172 16 16 1620906
444 171 18 18 2022805
451 178 4 4 163051
450 177 6 6 308881
449 176 8 8 487029
448 175 10 10 718137
447 174 12 12 980342
446 173 14 14 1293044
445 172 16 16 1669674
444 171 18 18 2090156
451 178 4 4 146708
450 177 6 6 279781
449 176 8 8 458602
448 175 10 10 678133
447 174 12 12 938091
446 173 14 14 1242541
445 172 16 16 1606943
444 171 18 18 2017029
451 178 4 4 144933
450 177 6 6 284762
449 176 8 8 475490
448 175 10 10 701674
447 174 12 12 964064
446 173 14 14 1287267
445 172 16 16 1658269
444 171 18 18 2083028
451 178 4 4 154400
450 177 6 6 286866
449 176 8 8 467626
448 175 10 10 699456
447 174 12 12 963811
446 173 14 14 1281796
445 172 16 16 1635088
444 171 18 18 2050618
451 178 4 4 167259
450 177 6 6 302889
449 176 8 8 470165
448 175 10 10 676793
447 174 12 12 939952
446 173 14 14 1248036
445 172 16 16 1610590
444 171 18 18 2029322
451 178 4 4 156297
450 177 6 6 303813
449 176 8 8 493208
448 175 10 10 721493
447 174 12 12 992976
446 173 14 14 1308390
445 172 16 16 1683647
444 171 18 18 2093017
451 178 4 4 145395
450 177 6 6 289678
449 176 8 8 460517
448 175 10 10 687290
447 174 12 12 960945
446 173 14 14 1291546
445 172 16 16 1639544
444 171 18 18 2063630
451 178 4 4 147656
450 177 6 6 285080
449 176 8 8 464733
448 175 10 10 686043
447 174 12 12 960937
446 173 14 14 1270290
445 172 16 16 1646715
444 171 18 18 2059350
451 178 4 4 149238
450 177 6 6 278397
449 176 8 8 459212
448 175 10 10 688348
447 174 12 12 956811
446 173 14 14 1262741
445 172 16 16 1617093
444 171 18 18 2036722
451 178 4 4 143653
450 177 6 6 280834
449 176 8 8 464262
448 175 10 10 688072
447 174 12 12 946398
446 173 14 14 1270050
445 172 16 16 1642213
444 171 18 18 2053669
451 178 4 4 166273
450 177 6 6 318716
449 176 8 8 503167
448 175 10 10 722569
447 174 12 12 989872
446 173 14 14 1315651
445 172 16 16 1677527
444 171 18 18 2083715
451 178 4 4 163454
450 177 6 6 296386
449 176 8 8 479362
448 175 10 10 715792
447 174 12 12 979639
446 173 14 14 1274851
445 172 16 16 1660331
444 171 18 18 2075175
451 178 4 4 148516
450 177 6 6 284478
449 176 8 8 465986
448 175 10 10 683083
447 174 12 12 934015
446 173 14 14 1242162
445 172 16 16 1596844
444 171 18 18 2019091
451 178 4 4 148313
450 177 6 6 283968
449 176 8 8 457114
448 175 10 10 663202
447 174 12 12 919232
446 173 14 14 1234279
445 172 16 16 1606624
444 171 18 18 2014063
451 178 4 4 146422
450 177 6 6 290229
449 176 8 8 473605
448 175 10 10 697862
447 174 12 12 975606
446 173 14 14 1287078
445 172 16 16 1641070
444 171 18 18 2068862
451 178 4 4 158314
450 177 6 6 291291
449 176 8 8 466698
448 175 10 10 684402
447 174 12 12 946749
446 173 14 14 1268420
445 172 16 16 1627851
444 171 18 18 2026376
451 178 4 4 146415
450 177 6 6 279544
449 176 8 8 450277
448 175 10 10 663837
447 174 12 12 936669
446 173 14 14 1260571
445 172 16 16 1622001
444 171 18 18 2039906
451 178 4 4 144154
450 177 6 6 290537
449 176 8 8 465350
448 175 10 10 689640
447 174 12 12 971454
446 173 14 14 1292106
445 172 16 16 1666943
444 171 18 18 2082390
451 178 4 4 145032
450 177 6 6 288693
449 176 8 8 467877
448 175 10 10 694681
447 174 12 12 955398
446 173 14 14 1262196
445 172 16 16 1628210
444 171 18 18 2039319
451 178 4 4 153979
450 177 6 6 298297
449 176 8 8 485493
448 175 10 10 708675
447 174 12 12 980245
446 173 14 14 1285534
445 172 16 16 1643627
444 171 18 18 2051147
451 178 4 4 146052
450 177 6 6 295502
449 176 8 8 474070
448 175 10 10 716428
447 174 12 12 972458
446 173 14 14 1277958
445 172 16 16 1626776
444 171 18 18 2035674
451 178 4 4 137896
450 177 6 6 282998
449 176 8 8 470600
448 175 10 10 687301
447 174 12 12 958951
446 173 14 14 1273868
445 172 16 16 1641079
444 171 18 18 2056451
451 178 4 4 148376
450 177 6 6 282150
449 176 8 8 452266
448 175 10 10 683532
447 174 12 12 953449
446 173 14 14 1262486
445 172 16 16 1626704
444 171 18 18 2044942
451 178 4 4 144435
450 177 6 6 291463
449 176 8 8 470730
448 175 10 10 699015
447 174 12 12 959485
446 173 14 14 1262455
445 172 16 16 1634547
444 171 18 18 2054691
451 178 4 4 138766
450 177 6 6 277709
449 176 8 8 445157
448 175 10 10 682772
447 174 12 12 943725
446 173 14 14 1260914
445 172 16 16 1612072
444 171 18 18 2025654
451 178 4 4 152035
450 177 6 6 287989
449 176 8 8 475704
448 175 10 10 696175
447 174 12 12 968454
446 173 14 14 1286684
445 172 16 16 1656823
444 171 18 18 2064075
451 178 4 4 137894
450 177 6 6 269456
449 176 8 8 446245
448 175 10 10 645494
447 174 12 12 921464
446 173 14 14 1243069
445 172 16 16 1608555
444 171 18 18 2020468
451 178 4 4 142253
450 177 6 6 283790
449 176 8 8 460791
448 175 10 10 691540
447 174 12 12 971504
446 173 14 14 1279897
445 172 16 16 1640891
444 171 18 18 2048598
451 178 4 4 153129
450 177 6 6 281344
449 176 8 8 464126
448 175 10 10 671351
447 174 12 12 937504
446 173 14 14 1257270
445 172 16 16 1637138
444 171 18 18 2064080
451 178 4 4 150244
450 177 6 6 289480
449 176 8 8 480139
448 175 10 10 710797
447 174 12 12 971826
446 173 14 14 1292679
445 172 16 16 1659403
444 171 18 18 2067096
451 178 4 4 143067
450 177 6 6 279877
449 176 8 8 456583
448 175 10 10 676762
447 174 12 12 951405
446 173 14 14 1269886
445 172 16 16 1621811
444 171 18 18 2043861
451 178 4 4 145534
450 177 6 6 282036
449 176 8 8 449944
448 175 10 10 666350
447 174 12 12 940850
446 173 14 14 1255359
445 172 16 16 1638834
444 171 18 18 2058939
451 178 4 4 145835
450 177 6 6 284871
449 176 8 8 462958
448 175 10 10 677895
447 174 12 12 958793
446 173 14 14 1282937
445 172 16 16 1652549
444 171 18 18 2058138
451 178 4 4 144784
450 177 6 6 280674
449 176 8 8 473219
448 175 10 10 700140
447 174 12 12 970637
446 173 14 14 1320536
445 172 16 16 1665012
444 171 18 18 2075179
451 178 4 4 156691
450 177 6 6 299324
449 176 8 8 474537
448 175 10 10 688046
447 174 12 12 965248
446 173 14 14 1285825
445 172 16 16 1649553
444 171 18 18 2067107
451 178 4 4 145817
450 177 6 6 281580
449 176 8 8 457440
448 175 10 10 686785
447 174 12 12 953949
446 173 14 14 1260049
445 172 16 16 1630066
444 171 18 18 2051222
451 178 4 4 139043
450 177 6 6 278720
449 176 8 8 460774
448 175 10 10 696721
447 174 12 12 972677
446 173 14 14 1283018
445 172 16 16 1654086
444 171 18 18 2089439
451 178 4 4 147004
450 177 6 6 286622
449 176 8 8 463906
448 175 10 10 683651
447 174 12 12 954792
446 173 14 14 1266653
445 172 16 16 1623757
444 171 18 18 2033768
451 178 4 4 155416
450 177 6 6 299522
449 176 8 8 483891
448 175 10 10 704074
447 174 12 12 977861
446 173 14 14 1294004
445 172 16 16 1676505
444 171 18 18 2085541
451 178 4 4 160516
450 177 6 6 296190
449 176 8 8 488542
448 175 10 10 728058
447 174 12 12 992635
446 173 14 14 1301429
445 172 16 16 1670846
444 171 18 18 2083766
451 178 4 4 144670
450 177 6 6 280741
449 176 8 8 459070
448 175 10 10 668057
447 174 12 12 944180
446 173 14 14 1247585
445 172 16 16 1616112
444 171 18 18 2044590
451 178 4 4 142600
450 177 6 6 272183
449 176 8 8 449337
448 175 10 10 678846
447 174 12 12 932532
446 173 14 14 1239817
445 172 16 16 1599742
444 171 18 18 2007955
451 178 4 4 149055
450 177 6 6 287505
449 176 8 8 464806
448 175 10 10 686663
447 174 12 12 953936
446 173 14 14 1282342
445 172 16 16 1639256
444 171 18 18 2062965
451 178 4 4 149889
450 177 6 6 290661
449 176 8 8 483183
448 175 10 10 707719
447 174 12 12 991472
446 173 14 14 1309597
445 172 16 16 1676690
444 171 18 18 2091290
451 178 4 4 141710
450 177 6 6 272347
449 176 8 8 446654
448 175 10 10 681527
447 174 12 12 926486
446 173 14 14 1241452
445 172 16 16 1606670
444 171 18 18 2018882
451 178 4 4 137327
450 177 6 6 275890
449 176 8 8 458897
448 175 10 10 686036
447 174 12 12 951441
446 173 14 14 1268752
445 172 16 16 1638145
444 171 18 18 2051386
451 178 4 4 151732
450 177 6 6 284968
449 176 8 8 472304
448 175 10 10 701289
447 174 12 12 975113
446 173 14 14 1296378
445 172 16 16 1663044
444 171 18 18 2060263
451 178 4 4 153913
450 177 6 6 290068
449 176 8 8 456366
448 175 10 10 669716
447 174 12 12 942833
446 173 14 14 1265494
445 172 16 16 1618884
444 171 18 18 2013003
451 178 4 4 147124
450 177 6 6 277947
449 176 8 8 461354
448 175 10 10 674902
447 174 12 12 956720
446 173 14 14 1267211
445 172 16 16 1629751
444 171 18 18 2051510
451 178 4 4 135018
450 177 6 6 278733
449 176 8 8 455417
448 175 10 10 678285
447 174 12 12 948775
446 173 14 14 1271554
445 172 16 16 1649589
444 171 18 18 2065085
451 178 4 4 137250
450 177 6 6 271906
449 176 8 8 452079
448 175 10 10 675914
447 174 12 12 947732
446 173 14 14 1251215
445 172 16 16 1611078
444 171 18 18 2014860
451 178 4 4 146045
450 177 6 6 286086
449 176 8 8 460510
448 175 10 10 678875
447 174 12 12 938102
446 173 14 14 1262593
445 172 16 16 1622465
444 171 18 18 2043464
451 178 4 4 146224
450 177 6 6 276846
449 176 8 8 447245
448 175 10 10 658735
447 174 12 12 929631
446 173 14 14 1251837
445 172 16 16 1630666
444 171 18 18 2031367
451 178 4 4 147921
450 177 6 6 278129
449 176 8 8 461595
448 175 10 10 691150
447 174 12 12 960376
446 173 14 14 1278874
445 172 16 16 1632623
444 171 18 18 2038041
451 178 4 4 146322
450 177 6 6 284867
449 176 8 8 466545
448 175 10 10 709528
447 174 12 12 978602
446 173 14 14 1293152
445 172 16 16 1668974
444 171 18 18 2073012
451 178 4 4 149138
450 177 6 6 294110
449 176 8 8 464911
448 175 10 10 688495
447 174 12 12 956318
446 173 14 14 1263390
445 172 16 16 1630282
444 171 18 18 2044931
451 178 4 4 148938
450 177 6 6 287514
449 176 8 8 484840
448 175 10 10 704137
447 174 12 12 979128
446 173 14 14 1284124
445 172 16 16 1666178
444 171 18 18 2071725
451 178 4 4 143001
450 177 6 6 276771
449 176 8 8 452336
448 175 10 10 668046
447 174 12 12 947448
446 173 14 14 1259718
445 172 16 16 1619635
444 171 18 18 2020503
451 178 4 4 154669
450 177 6 6 285812
449 176 8 8 453461
448 175 10 10 682174
447 174 12 12 947695
446 173 14 14 1257253
445 172 16 16 1620830
444 171 18 18 2029440
451 178 4 4 147087
450 177 6 6 282585
449 176 8 8 476660
448 175 10 10 699765
447 174 12 12 950096
446 173 14 14 1260258
445 172 16 16 1630872
444 171 18 18 2028382
451 178 4 4 149006
450 177 6 6 283876
449 176 8 8 460178
448 175 10 10 683672
447 174 12 12 944217
446 173 14 14 1249485
445 172 16 16 1615444
444 171 18 18 2033378
451 178 4 4 145788
450 177 6 6 281859
449 176 8 8 461501
448 175 10 10 686424
447 174 12 12 965575
446 173 14 14 1259402
445 172 16 16 1614092
444 171 18 18 2020159
451 178 4 4 149031
450 177 6 6 280727
449 176 8 8 452692
448 175 10 10 670439
447 174 12 12 952348
446 173 14 14 1274440
445 172 16 16 1627477
444 171 18 18 2036386
451 178 4 4 136478
450 177 6 6 264606
449 176 8 8 453756
448 175 10 10 676052
447 174 12 12 949969
446 173 14 14 1266428
445 172 16 16 1636849
444 171 18 18 2030071
451 178 4 4 150458
450 177 6 6 289892
449 176 8 8 472312
448 175 10 10 704430
447 174 12 12 978420
446 173 14 14 1294335
445 172 16 16 1641127
444 171 18 18 2059149
451 178 4 4 141652
450 177 6 6 274505
449 176 8 8 446943
448 175 10 10 664936
447 174 12 12 924875
446 173 14 14 1241107
445 172 16 16 1598695
444 171 18 18 2019528
451 178 4 4 140182
450 177 6 6 271559
449 176 8 8 454984
448 175 10 10 667822
447 174 12 12 939186
446 173 14 14 1255921
445 172 16 16 1602146
444 171 18 18 2005417
451 178 4 4 146625
450 177 6 6 285179
449 176 8 8 466882
448 175 10 10 693829
447 174 12 12 951665
446 173 14 14 1262501
445 172 16 16 1631497
444 171 18 18 2025810
451 178 4 4 153698
450 177 6 6 299558
449 176 8 8 480410
448 175 10 10 691230
447 174 12 12 956954
446 173 14 14 1277308
445 172 16 16 1644894
444 171 18 18 2068553
451 178 4 4 147771
450 177 6 6 279675
449 176 8 8 466951
448 175 10 10 682554
447 174 12 12 944819
446 173 14 14 1274269
445 172 16 16 1627521
444 171 18 18 2029019
451 178 4 4 142083
450 177 6 6 279215
449 176 8 8 456855
448 175 10 10 677600
447 174 12 12 940243
446 173 14 14 1260733
445 172 16 16 1617797
444 171 18 18 2020815
451 178 4 4 136846
450 177 6 6 279358
449 176 8 8 451820
448 175 10 10 682391
447 174 12 12 940354
446 173 14 14 1246536
445 172 16 16 1617099
444 171 18 18 2044403
451 178 4 4 157037
450 177 6 6 292117
449 176 8 8 471018
448 175 10 10 702645
447 174 12 12 967417
446 173 14 14 1287522
445 172 16 16 1651975
444 171 18 18 2084680
451 178 4 4 146744
450 177 6 6 296939
449 176 8 8 467466
448 175 10 10 686570
447 174 12 12 939208
446 173 14 14 1252270
445 172 16 16 1600390
444 171 18 18 2013564
451 178 4 4 155044
450 177 6 6 300193
449 176 8 8 476102
448 175 10 10 699042
447 174 12 12 977423
446 173 14 14 1299717
445 172 16 16 1662512
444 171 18 18 2074412
451 178 4 4 142795
450 177 6 6 292175
449 176 8 8 471578
448 175 10 10 696987
447 174 12 12 967549
446 173 14 14 1263721
445 172 16 16 1616059
444 171 18 18 2024273
451 178 4 4 149893
450 177 6 6 287278
449 176 8 8 455098
448 175 10 10 685561
447 174 12 12 954160
446 173 14 14 1278731
445 172 16 16 1622008
444 171 18 18 2026517
451 178 4 4 152555
450 177 6 6 280488
449 176 8 8 459829
448 175 10 10 680854
447 174 12 12 941358
446 173 14 14 1256652
445 172 16 16 1617104
444 171 18 18 2033565
451 178 4 4 148785
450 177 6 6 286604
449 176 8 8 473130
448 175 10 10 695119
447 174 12 12 955102
446 173 14 14 1266218
445 172 16 16 1633377
444 171 18 18 2048092
451 178 4 4 144650
450 177 6 6 289417
449 176 8 8 461835
448 175 10 10 686029
447 174 12 12 943173
446 173 14 14 1253925
445 172 16 16 1609324
444 171 18 18 2013691
451 178 4 4 150091
450 177 6 6 294907
449 176 8 8 467801
448 175 10 10 688799
447 174 12 12 962019
446 173 14 14 1271142
445 172 16 16 1644658
444 171 18 18 2028579
451 178 4 4 145157
450 177 6 6 275483
449 176 8 8 452021
448 175 10 10 692671
447 174 12 12 982983
446 173 14 14 1301490
445 172 16 16 1664818
444 171 18 18 2069993
451 178 4 4 143184
450 177 6 6 278958
449 176 8 8 459006
448 175 10 10 678084
447 174 12 12 953372
446 173 14 14 1293434
445 172 16 16 1649121
444 171 18 18 2046330
451 178 4 4 132838
450 177 6 6 268867
449 176 8 8 431689
448 175 10 10 655831
447 174 12 12 921443
446 173 14 14 1242293
445 172 16 16 1604579
444 171 18 18 2009479
451 178 4 4 154487
450 177 6 6 299538
449 176 8 8 480943
448 175 10 10 694445
447 174 12 12 958050
446 173 14 14 1289412
445 172 16 16 1651081
444 171 18 18 2068571
451 178 4 4 136933
450 177 6 6 273996
449 176 8 8 446940
448 175 10 10 667697
447 174 12 12 930408
446 173 14 14 1240289
445 172 16 16 1597449
444 171 18 18 2005942
451 178 4 4 141185
450 177 6 6 290427
449 176 8 8 468359
448 175 10 10 683310
447 174 12 12 951210
446 173 14 14 1279518
445 172 16 16 1649536
444 171 18 18 2061679
451 178 4 4 139001
450 177 6 6 269314
449 176 8 8 450593
448 175 10 10 680752
447 174 12 12 941916
446 173 14 14 1272106
445 172 16 16 1634274
444 171 18 18 2026548
451 178 4 4 150640
450 177 6 6 293079
449 176 8 8 481970
448 175 10 10 709404
447 174 12 12 971365
446 173 14 14 1264082
445 172 16 16 1620714
444 171 18 18 2032769
451 178 4 4 133738
450 177 6 6 280676
449 176 8 8 464882
448 175 10 10 674331
447 174 12 12 954609
446 173 14 14 1277363
445 172 16 16 1646476
444 171 18 18 2043682
451 178 4 4 139157
450 177 6 6 270496
449 176 8 8 437014
448 175 10 10 664268
447 174 12 12 946214
446 173 14 14 1257783
445 172 16 16 1628035
444 171 18 18 2045665
451 178 4 4 145463
450 177 6 6 271961
449 176 8 8 445964
448 175 10 10 667960
447 174 12 12 924410
446 173 14 14 1253914
445 172 16 16 1613325
444 171 18 18 2020489
451 178 4 4 151069
450 177 6 6 291637
449 176 8 8 472720
448 175 10 10 696590
447 174 12 12 963791
446 173 14 14 1274861
445 172 16 16 1640357
444 171 18 18 2037928
451 178 4 4 144427
450 177 6 6 283236
449 176 8 8 462422
448 175 10 10 693384
447 174 12 12 958723
446 173 14 14 1263691
445 172 16 16 1614233
444 171 18 18 2014161
451 178 4 4 144758
450 177 6 6 278312
449 176 8 8 474879
448 175 10 10 695306
447 174 12 12 967595
446 173 14 14 1279826
445 172 16 16 1633247
444 171 18 18 2051246
451 178 4 4 134688
450 177 6 6 275612
449 176 8 8 459660
448 175 10 10 683762
447 174 12 12 948235
446 173 14 14 1271002
445 172 16 16 1647629
444 171 18 18 2044473
451 178 4 4 149295
450 177 6 6 291813
449 176 8 8 463799
448 175 10 10 686982
447 174 12 12 963639
446 173 14 14 1280629
445 172 16 16 1651697
444 171 18 18 2059486
451 178 4 4 145741
450 177 6 6 285331
449 176 8 8 473985
448 175 10 10 687218
447 174 12 12 954894
446 173 14 14 1248358
445 172 16 16 1614004
444 171 18 18 2020572
451 178 4 4 155419
450 177 6 6 292496
449 176 8 8 472513
448 175 10 10 700700
447 174 12 12 973970
446 173 14 14 1287439
445 172 16 16 1654533
444 171 18 18 2063495
451 178 4 4 144215
450 177 6 6 285803
449 176 8 8 467521
448 175 10 10 686612
447 174 12 12 962419
446 173 14 14 1288917
445 172 16 16 1643123
444 171 18 18 2058342
451 178 4 4 148810
450 177 6 6 280619
449 176 8 8 462207
448 175 10 10 667720
447 174 12 12 936088
446 173 14 14 1246359
445 172 16 16 1630789
444 171 18 18 2027990
451 178 4 4 148764
450 177 6 6 297064
449 176 8 8 470612
448 175 10 10 690084
447 174 12 12 972188
446 173 14 14 1290101
445 172 16 16 1667201
444 171 18 18 2069722
451 178 4 4 134587
450 177 6 6 268369
449 176 8 8 437513
448 175 10 10 667476
447 174 12 12 926328
446 173 14 14 1241393
445 172 16 16 1599208
444 171 18 18 2006057
451 178 4 4 142012
450 177 6 6 265092
449 176 8 8 446741
448 175 10 10 663171
447 174 12 12 928146
446 173 14 14 1234996
445 172 16 16 1580972
444 171 18 18 1987014
451 178 4 4 156747
450 177 6 6 293855
449 176 8 8 474039
448 175 10 10 692096
447 174 12 12 959729
446 173 14 14 1292581
445 172 16 16 1651692
444 171 18 18 2053617
451 178 4 4 144283
450 177 6 6 285298
449 176 8 8 476126
448 175 10 10 679878
447 174 12 12 950331
446 173 14 14 1277413
445 172 16 16 1621481
444 171 18 18 2033132
451 178 4 4 136348
450 177 6 6 269472
449 176 8 8 448720
448 175 10 10 681825
447 174 12 12 934495
446 173 14 14 1240005
445 172 16 16 1588316
444 171 18 18 2004767
451 178 4 4 144808
450 177 6 6 284091
449 176 8 8 470088
448 175 10 10 690183
447 174 12 12 965244
446 173 14 14 1283807
445 172 16 16 1642464
444 171 18 18 2047903
451 178 4 4 146796
450 177 6 6 285158
449 176 8 8 459023
448 175 10 10 668885
447 174 12 12 925191
446 173 14 14 1233568
445 172 16 16 1592240
444 171 18 18 1994625
451 178 4 4 137247
450 177 6 6 271834
449 176 8 8 445894
448 175 10 10 656029
447 174 12 12 919023
446 173 14 14 1220092
445 172 16 16 1568802
444 171 18 18 1983248
451 178 4 4 154768
450 177 6 6 290079
449 176 8 8 483616
448 175 10 10 709963
447 174 12 12 989753
446 173 14 14 1292673
445 172 16 16 1655439
444 171 18 18 2061139
451 178 4 4 139958
450 177 6 6 280498
449 176 8 8 458239
448 175 10 10 665167
447 174 12 12 938956
446 173 14 14 1249510
445 172 16 16 1616785
444 171 18 18 2042255
451 178 4 4 152732
450 177 6 6 295817
449 176 8 8 480273
448 175 10 10 715707
447 174 12 12 986323
446 173 14 14 1284825
445 172 16 16 1654262
444 171 18 18 2058811
451 178 4 4 155409
450 177 6 6 287946
449 176 8 8 479365
448 175 10 10 713589
447 174 12 12 988235
446 173 14 14 1310248
445 172 16 16 1671593
444 171 18 18 2064792
451 178 4 4 145595
450 177 6 6 286998
449 176 8 8 474713
448 175 10 10 689689
447 174 12 12 956831
446 173 14 14 1282449
445 172 16 16 1643408
444 171 18 18 2036537
451 178 4 4 147018
450 177 6 6 283457
449 176 8 8 451807
448 175 10 10 668832
447 174 12 12 933981
446 173 14 14 1250406
445 172 16 16 1596861
444 171 18 18 2000812
451 178 4 4 150211
450 177 6 6 287280
449 176 8 8 479948
448 175 10 10 698166
447 174 12 12 971570
446 173 14 14 1287573
445 172 16 16 1655115
444 171 18 18 2069469
451 178 4 4 146251
450 177 6 6 285626
449 176 8 8 459556
448 175 10 10 675206
447 174 12 12 944186
446 173 14 14 1267238
445 172 16 16 1622999
444 171 18 18 2042717
451 178 4 4 148112
450 177 6 6 279697
449 176 8 8 456539
448 175 10 10 688841
447 174 12 12 929674
446 173 14 14 1240878
445 172 16 16 1583217
444 171 18 18 2005309
451 178 4 4 134361
450 177 6 6 265981
449 176 8 8 442455
448 175 10 10 671504
447 174 12 12 929422
446 173 14 14 1235064
445 172 16 16 1617505
444 171 18 18 2029930
451 178 4 4 142013
450 177 6 6 269130
449 176 8 8 451606
448 175 10 10 676505
447 174 12 12 938106
446 173 14 14 1258751
445 172 16 16 1628291
444 171 18 18 2062827
451 178 4 4 149916
450 177 6 6 284680
449 176 8 8 473331
448 175 10 10 702684
447 174 12 12 958250
446 173 14 14 1257586
445 172 16 16 1617073
444 171 18 18 2038050
451 178 4 4 135425
450 177 6 6 257973
449 176 8 8 442847
448 175 10 10 663969
447 174 12 12 924999
446 173 14 14 1237642
445 172 16 16 1577825
444 171 18 18 1979909
451 178 4 4 150132
450 177 6 6 283126
449 176 8 8 473426
448 175 10 10 693837
447 174 12 12 957003
446 173 14 14 1273674
445 172 16 16 1621216
444 171 18 18 2037320
451 178 4 4 145899
450 177 6 6 276436
449 176 8 8 445650
448 175 10 10 667126
447 174 12 12 940069
446 173 14 14 1254106
445 172 16 16 1607550
444 171 18 18 2002692
451 178 4 4 142304
450 177 6 6 275370
449 176 8 8 450935
448 175 10 10 686596
447 174 12 12 936421
446 173 14 14 1264001
445 172 16 16 1635620
444 171 18 18 2049915
451 178 4 4 147916
450 177 6 6 287866
449 176 8 8 481668
448 175 10 10 702895
447 174 12 12 963967
446 173 14 14 1271118
445 172 16 16 1619239
444 171 18 18 2029226
451 178 4 4 155826
450 177 6 6 285018
449 176 8 8 457327
448 175 10 10 686643
447 174 12 12 950604
446 173 14 14 1261139
445 172 16 16 1611527
444 171 18 18 2025179
451 178 4 4 154384
450 177 6 6 281068
449 176 8 8 458117
448 175 10 10 685661
447 174 12 12 945374
446 173 14 14 1262185
445 172 16 16 1610955
444 171 18 18 2030764
451 178 4 4 139526
450 177 6 6 279025
449 176 8 8 446838
448 175 10 10 675737
447 174 12 12 940939
446 173 14 14 1251028
445 172 16 16 1604083
444 171 18 18 2004740
451 178 4 4 139370
450 177 6 6 275627
449 176 8 8 448463
448 175 10 10 662967
447 174 12 12 937617
446 173 14 14 1248078
445 172 16 16 1600709
444 171 18 18 2015331
451 178 4 4 136586
450 177 6 6 261423
449 176 8 8 437539
448 175 10 10 657730
447 174 12 12 932650
446 173 14 14 1248299
445 172 16 16 1615874
444 171 18 18 2022111
451 178 4 4 150551
450 177 6 6 288642
449 176 8 8 474853
448 175 10 10 685746
447 174 12 12 962972
446 173 14 14 1279460
445 172 16 16 1637966
444 171 18 18 2052691
451 178 4 4 155558
450 177 6 6 293543
449 176 8 8 483287
448 175 10 10 716633
447 174 12 12 973590
446 173 14 14 1295597
445 172 16 16 1656014
444 171 18 18 2061193
451 178 4 4 144236
450 177 6 6 270234
449 176 8 8 445054
448 175 10 10 665050
447 174 12 12 915979
446 173 14 14 1221767
445 172 16 16 1583241
444 171 18 18 1990658
451 178 4 4 142233
450 177 6 6 279710
449 176 8 8 455448
448 175 10 10 668214
447 174 12 12 936437
446 173 14 14 1236748
445 172 16 16 1573771
444 171 18 18 1989435
451 178 4 4 148437
450 177 6 6 282005
449 176 8 8 453017
448 175 10 10 670611
447 174 12 12 938789
446 173 14 14 1246835
445 172 16 16 1580315
444 171 18 18 1980067
451 178 4 4 135444
450 177 6 6 273190
449 176 8 8 460364
448 175 10 10 687661
447 174 12 12 944397
446 173 14 14 1267396
445 172 16 16 1640835
444 171 18 18 2050510
451 178 4 4 146475
450 177 6 6 277812
449 176 8 8 447871
448 175 10 10 656574
447 174 12 12 919496
446 173 14 14 1237127
445 172 16 16 1598234
444 171 18 18 2015917
451 178 4 4 159630
450 177 6 6 297804
449 176 8 8 467917
448 175 10 10 695419
447 174 12 12 965793
446 173 14 14 1279854
445 172 16 16 1630178
444 171 18 18 2061400
451 178 4 4 157508
450 177 6 6 293642
449 176 8 8 490172
448 175 10 10 720251
447 174 12 12 985018
446 173 14 14 1296923
445 172 16 16 1658415
444 171 18 18 2058444
451 178 4 4 144162
450 177 6 6 286164
449 176 8 8 467410
448 175 10 10 687993
447 174 12 12 955464
446 173 14 14 1263454
445 172 16 16 1623615
444 171 18 18 2032255
451 178 4 4 151273
450 177 6 6 292267
449 176 8 8 473016
448 175 10 10 694134
447 174 12 12 963302
446 173 14 14 1274846
445 172 16 16 1628439
444 171 18 18 2038078
451 178 4 4 140726
450 177 6 6 272863
449 176 8 8 442213
448 175 10 10 663548
447 174 12 12 945170
446 173 14 14 1260958
445 172 16 16 1639890
444 171 18 18 2056391
451 178 4 4 140395
450 177 6 6 282068
449 176 8 8 455974
448 175 10 10 677742
447 174 12 12 933437
446 173 14 14 1258727
445 172 16 16 1637574
444 171 18 18 2043344
451 178 4 4 143217
450 177 6 6 280912
449 176 8 8 456259
448 175 10 10 673775
447 174 12 12 924476
446 173 14 14 1234723
445 172 16 16 1574799
444 171 18 18 2008858
451 178 4 4 146415
450 177 6 6 279194
449 176 8 8 456561
448 175 10 10 687574
447 174 12 12 951705
446 173 14 14 1274443
445 172 16 16 1635660
444 171 18 18 2058112
451 178 4 4 147139
450 177 6 6 276428
449 176 8 8 446089
448 175 10 10 669893
447 174 12 12 935217
446 173 14 14 1245139
445 172 16 16 1604206
444 171 18 18 2009144
451 178 4 4 150507
450 177 6 6 290018
449 176 8 8 472456
448 175 10 10 679101
447 174 12 12 926306
446 173 14 14 1241697
445 172 16 16 1597543
444 171 18 18 2001023
451 178 4 4 151575
450 177 6 6 285706
449 176 8 8 467703
448 175 10 10 687934
447 174 12 12 945175
446 173 14 14 1270853
445 172 16 16 1639059
444 171 18 18 2050120
451 178 4 4 154195
450 177 6 6 290540
449 176 8 8 468736
448 175 10 10 697217
447 174 12 12 960408
446 173 14 14 1275087
445 172 16 16 1646665
444 171 18 18 2053081
451 178 4 4 142923
450 177 6 6 272450
449 176 8 8 444472
448 175 10 10 670520
447 174 12 12 943212
446 173 14 14 1253352
445 172 16 16 1608653
444 171 18 18 2017503
451 178 4 4 140783
450 177 6 6 277740
449 176 8 8 450408
448 175 10 10 657038
447 174 12 12 917639
446 173 14 14 1228800
445 172 16 16 1576082
444 171 18 18 1988851
451 178 4 4 151027
450 177 6 6 287823
449 176 8 8 452147
448 175 10 10 674534
447 174 12 12 939714
446 173 14 14 1257528
445 172 16 16 1611772
444 171 18 18 2017413
451 178 4 4 145656
450 177 6 6 288370
449 176 8 8 471654
448 175 10 10 696294
447 174 12 12 955830
446 173 14 14 1283183
445 172 16 16 1632092
444 171 18 18 2036366
451 178 4 4 143217
450 177 6 6 281722
449 176 8 8 458400
448 175 10 10 669328
447 174 12 12 927717
446 173 14 14 1247733
445 172 16 16 1610772
444 171 18 18 2010328
451 178 4 4 143255
450 177 6 6 264981
449 176 8 8 433518
448 175 10 10 647757
447 174 12 12 920098
446 173 14 14 1214752
445 172 16 16 1574213
444 171 18 18 1979724
451 178 4 4 135138
450 177 6 6 262540
449 176 8 8 446442
448 175 10 10 673981
447 174 12 12 941994
446 173 14 14 1262511
445 172 16 16 1638009
444 171 18 18 2076279
451 178 4 4 147608
450 177 6 6 280946
449 176 8 8 457251
448 175 10 10 668428
447 174 12 12 943323
446 173 14 14 1257007
445 172 16 16 1636029
444 171 18 18 2045088
451 178 4 4 145171
450 177 6 6 285296
449 176 8 8 458404
448 175 10 10 683278
447 174 12 12 961306
446 173 14 14 1274415
445 172 16 16 1642237
444 171 18 18 2040213
451 178 4 4 144631
450 177 6 6 285559
449 176 8 8 461841
448 175 10 10 689489
447 174 12 12 944688
446 173 14 14 1260963
445 172 16 16 1608183
444 171 18 18 2022142
451 178 4 4 147155
450 177 6 6 284920
449 176 8 8 457338
448 175 10 10 684557
447 174 12 12 945528
446 173 14 14 1261870
445 172 16 16 1607002
444 171 18 18 2006865
451 178 4 4 148429
450 177 6 6 287391
449 176 8 8 459291
448 175 10 10 668942
447 174 12 12 924042
446 173 14 14 1247353
445 172 16 16 1599699
444 171 18 18 1992252
451 178 4 4 160672
450 177 6 6 303399
449 176 8 8 482962
448 175 10 10 703404
447 174 12 12 969783
446 173 14 14 1298612
445 172 16 16 1667455
444 171 18 18 2080017
