186 333 4 4 2009
185 332 6 6 4378
184 331 8 8 7889
183 330 10 10 12460
182 329 12 12 18110
181 328 14 14 24183
180 327 16 16 31910
179 326 18 18 39772
186 333 4 4 2416
185 332 6 6 4391
184 331 8 8 7738
183 330 10 10 12234
182 329 12 12 17255
181 328 14 14 23235
180 327 16 16 30347
179 326 18 18 38206
186 333 4 4 2020
185 332 6 6 4397
184 331 8 8 8018
183 330 10 10 12774
182 329 12 12 18383
181 328 14 14 23990
180 327 16 16 31549
179 326 18 18 39337
186 333 4 4 2351
185 332 6 6 4884
184 331 8 8 8302
183 330 10 10 12740
182 329 12 12 18041
181 328 14 14 24618
180 327 16 16 31093
179 326 18 18 39913
186 333 4 4 1580
185 332 6 6 4129
184 331 8 8 7328
183 330 10 10 11950
182 329 12 12 17210
181 328 14 14 22853
180 327 16 16 29342
179 326 18 18 36640
186 333 4 4 1842
185 332 6 6 4593
184 331 8 8 8586
183 330 10 10 13019
182 329 12 12 17759
181 328 14 14 24049
180 327 16 16 30581
179 326 18 18 38525
186 333 4 4 1899
185 332 6 6 4095
184 331 8 8 8120
183 330 10 10 12731
182 329 12 12 18421
181 328 14 14 24882
180 327 16 16 32268
179 326 18 18 40027
186 333 4 4 1693
185 332 6 6 4516
184 331 8 8 7363
183 330 10 10 11662
182 329 12 12 16654
181 328 14 14 23121
180 327 16 16 29911
179 326 18 18 38168
186 333 4 4 1957
185 332 6 6 4123
184 331 8 8 8682
183 330 10 10 12702
182 329 12 12 17522
181 328 14 14 23460
180 327 16 16 30170
179 326 18 18 38142
186 333 4 4 1907
185 332 6 6 5431
184 331 8 8 8587
183 330 10 10 12566
182 329 12 12 17242
181 328 14 14 23726
180 327 16 16 31188
179 326 18 18 38389
186 333 4 4 2375
185 332 6 6 4533
184 331 8 8 7807
183 330 10 10 12468
182 329 12 12 17621
181 328 14 14 23796
180 327 16 16 30323
179 326 18 18 37952
186 333 4 4 2172
185 332 6 6 4397
184 331 8 8 7392
183 330 10 10 11646
182 329 12 12 16537
181 328 14 14 22510
180 327 16 16 29599
179 326 18 18 38344
186 333 4 4 2033
185 332 6 6 4358
184 331 8 8 7917
183 330 10 10 12377
182 329 12 12 17359
181 328 14 14 24265
180 327 16 16 30774
179 326 18 18 39124
186 333 4 4 1495
185 332 6 6 3389
184 331 8 8 6038
183 330 10 10 10307
182 329 12 12 15376
181 328 14 14 21260
180 327 16 16 28517
179 326 18 18 36811
186 333 4 4 1576
185 332 6 6 3267
184 331 8 8 6115
183 330 10 10 9845
182 329 12 12 15251
181 328 14 14 20490
180 327 16 16 27881
179 326 18 18 35107
186 333 4 4 1640
185 332 6 6 4113
184 331 8 8 7409
183 330 10 10 12244
182 329 12 12 19541
181 328 14 14 26151
180 327 16 16 33343
179 326 18 18 41133
186 333 4 4 1729
185 332 6 6 3855
184 331 8 8 7794
183 330 10 10 11932
182 329 12 12 16485
181 328 14 14 22477
180 327 16 16 28987
179 326 18 18 36754
186 333 4 4 2659
185 332 6 6 5026
184 331 8 8 9345
183 330 10 10 13194
182 329 12 12 17584
181 328 14 14 23488
180 327 16 16 30865
179 326 18 18 39514
186 333 4 4 1738
185 332 6 6 4373
184 331 8 8 7499
183 330 10 10 12295
182 329 12 12 17377
181 328 14 14 24044
180 327 16 16 30961
179 326 18 18 38784
186 333 4 4 1704
185 332 6 6 3881
184 331 8 8 6796
183 330 10 10 11301
182 329 12 12 16472
181 328 14 14 22181
180 327 16 16 29695
179 326 18 18 37663
186 333 4 4 1802
185 332 6 6 4016
184 331 8 8 7588
183 330 10 10 12378
182 329 12 12 17827
181 328 14 14 23896
180 327 16 16 31127
179 326 18 18 39855
186 333 4 4 1944
185 332 6 6 5704
184 331 8 8 8634
183 330 10 10 13277
182 329 12 12 20553
181 328 14 14 27068
180 327 16 16 35498
179 326 18 18 43229
186 333 4 4 2164
185 332 6 6 4739
184 331 8 8 8833
183 330 10 10 13172
182 329 12 12 18973
181 328 14 14 25342
180 327 16 16 32276
179 326 18 18 40261
186 333 4 4 1932
185 332 6 6 5034
184 331 8 8 9117
183 330 10 10 14431
182 329 12 12 21115
181 328 14 14 29896
180 327 16 16 39672
179 326 18 18 50540
186 333 4 4 2280
185 332 6 6 5130
184 331 8 8 9026
183 330 10 10 12954
182 329 12 12 18543
181 328 14 14 25411
180 327 16 16 32243
179 326 18 18 40569
186 333 4 4 38316
185 332 6 6 75201
184 331 8 8 112533
183 330 10 10 161147
182 329 12 12 222633
181 328 14 14 294305
180 327 16 16 382634
179 326 18 18 483085
186 333 4 4 42829
185 332 6 6 71784
184 331 8 8 108143
183 330 10 10 158806
182 329 12 12 219835
181 328 14 14 294606
180 327 16 16 375373
179 326 18 18 470765
186 333 4 4 44623
185 332 6 6 77579
184 331 8 8 120126
183 330 10 10 167516
182 329 12 12 227276
181 328 14 14 289397
180 327 16 16 374518
179 326 18 18 466141
186 333 4 4 47034
185 332 6 6 80754
184 331 8 8 119199
183 330 10 10 168476
182 329 12 12 228400
181 328 14 14 298348
180 327 16 16 385277
179 326 18 18 482197
186 333 4 4 49075
185 332 6 6 82478
184 331 8 8 115697
183 330 10 10 160850
182 329 12 12 219809
181 328 14 14 292204
180 327 16 16 368624
179 326 18 18 469721
186 333 4 4 50449
185 332 6 6 86780
184 331 8 8 125429
183 330 10 10 173948
182 329 12 12 235587
181 328 14 14 303289
180 327 16 16 380968
179 326 18 18 473994
186 333 4 4 50861
185 332 6 6 85050
184 331 8 8 124207
183 330 10 10 172067
182 329 12 12 232988
181 328 14 14 300234
180 327 16 16 384631
179 326 18 18 478478
186 333 4 4 52991
185 332 6 6 84543
184 331 8 8 120145
183 330 10 10 170487
182 329 12 12 222650
181 328 14 14 291811
180 327 16 16 369382
179 326 18 18 467316
186 333 4 4 48052
185 332 6 6 80788
184 331 8 8 119288
183 330 10 10 168289
182 329 12 12 232708
181 328 14 14 301096
180 327 16 16 385099
179 326 18 18 481678
186 333 4 4 52507
185 332 6 6 83714
184 331 8 8 122131
183 330 10 10 175700
182 329 12 12 234708
181 328 14 14 304014
180 327 16 16 391146
179 326 18 18 494030
186 333 4 4 51889
185 332 6 6 83807
184 331 8 8 128666
183 330 10 10 179004
182 329 12 12 236606
181 328 14 14 306528
180 327 16 16 390939
179 326 18 18 483066
186 333 4 4 50496
185 332 6 6 79823
184 331 8 8 117318
183 330 10 10 163469
182 329 12 12 226960
181 328 14 14 303811
180 327 16 16 385278
179 326 18 18 485335
186 333 4 4 48156
185 332 6 6 82411
184 331 8 8 125120
183 330 10 10 177561
182 329 12 12 239984
181 328 14 14 304181
180 327 16 16 382971
179 326 18 18 472197
186 333 4 4 50439
185 332 6 6 84962
184 331 8 8 130435
183 330 10 10 177360
182 329 12 12 238715
181 328 14 14 305355
180 327 16 16 383844
179 326 18 18 471967
186 333 4 4 49904
185 332 6 6 82738
184 331 8 8 120191
183 330 10 10 167705
182 329 12 12 237030
181 328 14 14 308355
180 327 16 16 396013
179 326 18 18 490654
186 333 4 4 62424
185 332 6 6 93155
184 331 8 8 124995
183 330 10 10 173596
182 329 12 12 233509
181 328 14 14 298696
180 327 16 16 384521
179 326 18 18 482630
186 333 4 4 54855
185 332 6 6 89214
184 331 8 8 121344
183 330 10 10 170899
182 329 12 12 231362
181 328 14 14 301967
180 327 16 16 371298
179 326 18 18 465573
186 333 4 4 51994
185 332 6 6 89125
184 331 8 8 126152
183 330 10 10 172130
182 329 12 12 227264
181 328 14 14 292410
180 327 16 16 379196
179 326 18 18 463857
186 333 4 4 53452
185 332 6 6 86415
184 331 8 8 123990
183 330 10 10 177312
182 329 12 12 238664
181 328 14 14 310602
180 327 16 16 394229
179 326 18 18 487898
186 333 4 4 48790
185 332 6 6 78749
184 331 8 8 116747
183 330 10 10 165032
182 329 12 12 229144
181 328 14 14 299625
180 327 16 16 384011
179 326 18 18 479677
186 333 4 4 53475
185 332 6 6 91012
184 331 8 8 133894
183 330 10 10 180031
182 329 12 12 237427
181 328 14 14 305228
180 327 16 16 392333
179 326 18 18 491326
186 333 4 4 54671
185 332 6 6 85896
184 331 8 8 123130
183 330 10 10 173210
182 329 12 12 235354
181 328 14 14 312227
180 327 16 16 391003
179 326 18 18 488830
186 333 4 4 53103
185 332 6 6 84538
184 331 8 8 122249
183 330 10 10 175562
182 329 12 12 231376
181 328 14 14 306485
180 327 16 16 381004
179 326 18 18 474325
186 333 4 4 50602
185 332 6 6 79699
184 331 8 8 114668
183 330 10 10 157772
182 329 12 12 215896
181 328 14 14 293573
180 327 16 16 369752
179 326 18 18 468513
186 333 4 4 51287
185 332 6 6 84346
184 331 8 8 121914
183 330 10 10 171678
182 329 12 12 231276
181 328 14 14 302096
180 327 16 16 382263
179 326 18 18 475458
186 333 4 4 52281
185 332 6 6 86973
184 331 8 8 123345
183 330 10 10 170818
182 329 12 12 230812
181 328 14 14 305043
180 327 16 16 386337
179 326 18 18 476115
186 333 4 4 47333
185 332 6 6 78009
184 331 8 8 122090
183 330 10 10 167889
182 329 12 12 230677
181 328 14 14 296534
180 327 16 16 371940
179 326 18 18 469719
186 333 4 4 46878
185 332 6 6 81324
184 331 8 8 120898
183 330 10 10 173428
182 329 12 12 233687
181 328 14 14 306938
180 327 16 16 395040
179 326 18 18 484018
186 333 4 4 51880
185 332 6 6 84044
184 331 8 8 129658
183 330 10 10 179554
182 329 12 12 243264
181 328 14 14 314711
180 327 16 16 399084
179 326 18 18 497620
186 333 4 4 47653
185 332 6 6 79614
184 331 8 8 118588
183 330 10 10 171925
182 329 12 12 228541
181 328 14 14 299058
180 327 16 16 383073
179 326 18 18 476224
186 333 4 4 49018
185 332 6 6 83709
184 331 8 8 125446
183 330 10 10 183280
182 329 12 12 252700
181 328 14 14 325992
180 327 16 16 409938
179 326 18 18 499415
186 333 4 4 51251
185 332 6 6 83636
184 331 8 8 123299
183 330 10 10 177751
182 329 12 12 233788
181 328 14 14 305489
180 327 16 16 386312
179 326 18 18 475622
186 333 4 4 48887
185 332 6 6 80342
184 331 8 8 118310
183 330 10 10 167506
182 329 12 12 228414
181 328 14 14 297898
180 327 16 16 376025
179 326 18 18 460010
186 333 4 4 49248
185 332 6 6 82163
184 331 8 8 125555
183 330 10 10 175891
182 329 12 12 234116
181 328 14 14 301552
180 327 16 16 382639
179 326 18 18 471618
186 333 4 4 47332
185 332 6 6 85608
184 331 8 8 128858
183 330 10 10 176802
182 329 12 12 236662
181 328 14 14 305231
180 327 16 16 388365
179 326 18 18 476921
186 333 4 4 54020
185 332 6 6 84531
184 331 8 8 128620
183 330 10 10 177541
182 329 12 12 245068
181 328 14 14 310920
180 327 16 16 392779
179 326 18 18 489046
186 333 4 4 46820
185 332 6 6 77636
184 331 8 8 117496
183 330 10 10 169097
182 329 12 12 226835
181 328 14 14 297750
180 327 16 16 378609
179 326 18 18 467438
186 333 4 4 47297
185 332 6 6 80340
184 331 8 8 119634
183 330 10 10 166083
182 329 12 12 233317
181 328 14 14 305288
180 327 16 16 389410
179 326 18 18 483502
186 333 4 4 45767
185 332 6 6 76146
184 331 8 8 116561
183 330 10 10 160935
182 329 12 12 219303
181 328 14 14 288972
180 327 16 16 369182
179 326 18 18 465883
186 333 4 4 52483
185 332 6 6 88085
184 331 8 8 124270
183 330 10 10 173672
182 329 12 12 238323
181 328 14 14 308616
180 327 16 16 394328
179 326 18 18 496175
186 333 4 4 55592
185 332 6 6 88639
184 331 8 8 129484
183 330 10 10 170824
182 329 12 12 234586
181 328 14 14 307271
180 327 16 16 385197
179 326 18 18 487106
186 333 4 4 49188
185 332 6 6 81768
184 331 8 8 120883
183 330 10 10 169724
182 329 12 12 223683
181 328 14 14 300417
180 327 16 16 374045
179 326 18 18 465837
186 333 4 4 50320
185 332 6 6 80498
184 331 8 8 118804
183 330 10 10 169328
182 329 12 12 231126
181 328 14 14 309175
180 327 16 16 387678
179 326 18 18 478784
186 333 4 4 49958
185 332 6 6 82693
184 331 8 8 117361
183 330 10 10 166277
182 329 12 12 230509
181 328 14 14 290469
180 327 16 16 369156
179 326 18 18 459965
186 333 4 4 51200
185 332 6 6 83837
184 331 8 8 123241
183 330 10 10 167279
182 329 12 12 223222
181 328 14 14 296310
180 327 16 16 374176
179 326 18 18 466352
186 333 4 4 50082
185 332 6 6 83097
184 331 8 8 125841
183 330 10 10 171759
182 329 12 12 234863
181 328 14 14 315084
180 327 16 16 393129
179 326 18 18 489350
186 333 4 4 53696
185 332 6 6 90506
184 331 8 8 130762
183 330 10 10 177998
182 329 12 12 237221
181 328 14 14 310118
180 327 16 16 388387
179 326 18 18 472694
186 333 4 4 56057
185 332 6 6 88608
184 331 8 8 127175
183 330 10 10 176371
182 329 12 12 237047
181 328 14 14 305612
180 327 16 16 388501
179 326 18 18 479079
186 333 4 4 49407
185 332 6 6 82141
184 331 8 8 120735
183 330 10 10 171155
182 329 12 12 231764
181 328 14 14 302115
180 327 16 16 383201
179 326 18 18 469126
186 333 4 4 53275
185 332 6 6 82084
184 331 8 8 122624
183 330 10 10 172701
182 329 12 12 231353
181 328 14 14 295604
180 327 16 16 374699
179 326 18 18 474305
186 333 4 4 46597
185 332 6 6 79734
184 331 8 8 117614
183 330 10 10 162510
182 329 12 12 222837
181 328 14 14 288207
180 327 16 16 371494
179 326 18 18 456901
186 333 4 4 48489
185 332 6 6 77581
184 331 8 8 118275
183 330 10 10 161506
182 329 12 12 219601
181 328 14 14 292875
180 327 16 16 369076
179 326 18 18 462484
186 333 4 4 54825
185 332 6 6 90979
184 331 8 8 129854
183 330 10 10 174877
182 329 12 12 229159
181 328 14 14 292481
180 327 16 16 378481
179 326 18 18 472592
186 333 4 4 58644
185 332 6 6 87056
184 331 8 8 125495
183 330 10 10 172032
182 329 12 12 228785
181 328 14 14 307201
180 327 16 16 387717
179 326 18 18 488601
186 333 4 4 55442
185 332 6 6 90225
184 331 8 8 128290
183 330 10 10 179080
182 329 12 12 239259
181 328 14 14 309816
180 327 16 16 388990
179 326 18 18 485093
186 333 4 4 56514
185 332 6 6 82306
184 331 8 8 119747
183 330 10 10 172962
182 329 12 12 232451
181 328 14 14 303646
180 327 16 16 378390
179 326 18 18 473020
186 333 4 4 52646
185 332 6 6 79845
184 331 8 8 119696
183 330 10 10 167593
182 329 12 12 231756
181 328 14 14 297179
180 327 16 16 375134
179 326 18 18 469358
186 333 4 4 52513
185 332 6 6 81077
184 331 8 8 117459
183 330 10 10 170536
182 329 12 12 230465
181 328 14 14 297572
180 327 16 16 383017
179 326 18 18 473964
186 333 4 4 51423
185 332 6 6 80874
184 331 8 8 120293
183 330 10 10 173662
182 329 12 12 233378
181 328 14 14 304376
180 327 16 16 386798
179 326 18 18 481407
186 333 4 4 57244
185 332 6 6 96519
184 331 8 8 140250
183 330 10 10 191223
182 329 12 12 256250
181 328 14 14 336584
180 327 16 16 420156
179 326 18 18 512403
186 333 4 4 58428
185 332 6 6 86081
184 331 8 8 126476
183 330 10 10 173612
182 329 12 12 232801
181 328 14 14 308590
180 327 16 16 395310
179 326 18 18 486464
186 333 4 4 54494
185 332 6 6 89216
184 331 8 8 128925
183 330 10 10 178609
182 329 12 12 237858
181 328 14 14 305698
180 327 16 16 388094
179 326 18 18 481323
186 333 4 4 48974
185 332 6 6 82428
184 331 8 8 120878
183 330 10 10 170008
182 329 12 12 235071
181 328 14 14 306755
180 327 16 16 392019
179 326 18 18 485284
186 333 4 4 56461
185 332 6 6 87634
184 331 8 8 127679
183 330 10 10 174574
182 329 12 12 238523
181 328 14 14 309598
180 327 16 16 401844
179 326 18 18 500751
186 333 4 4 52419
185 332 6 6 84680
184 331 8 8 122311
183 330 10 10 175303
182 329 12 12 237424
181 328 14 14 318208
180 327 16 16 400670
179 326 18 18 496579
186 333 4 4 58634
185 332 6 6 90960
184 331 8 8 130767
183 330 10 10 182598
182 329 12 12 244998
181 328 14 14 322731
180 327 16 16 408939
179 326 18 18 513381
186 333 4 4 52851
185 332 6 6 83488
184 331 8 8 123897
183 330 10 10 175184
182 329 12 12 237256
181 328 14 14 310911
180 327 16 16 400681
179 326 18 18 501658
186 333 4 4 47945
185 332 6 6 84478
184 331 8 8 126670
183 330 10 10 174544
182 329 12 12 229257
181 328 14 14 307826
180 327 16 16 392741
179 326 18 18 485855
186 333 4 4 52288
185 332 6 6 83638
184 331 8 8 128949
183 330 10 10 173604
182 329 12 12 237413
181 328 14 14 309769
180 327 16 16 403147
179 326 18 18 502808
186 333 4 4 55228
185 332 6 6 83653
184 331 8 8 126469
183 330 10 10 173753
182 329 12 12 236700
181 328 14 14 307280
180 327 16 16 394474
179 326 18 18 498911
186 333 4 4 50202
185 332 6 6 87360
184 331 8 8 130788
183 330 10 10 184537
182 329 12 12 246163
181 328 14 14 315015
180 327 16 16 398979
179 326 18 18 490908
186 333 4 4 54539
185 332 6 6 84588
184 331 8 8 128228
183 330 10 10 173924
182 329 12 12 236481
181 328 14 14 311235
180 327 16 16 397867
179 326 18 18 503612
186 333 4 4 50841
185 332 6 6 82870
184 331 8 8 119042
183 330 10 10 173835
182 329 12 12 238868
181 328 14 14 313515
180 327 16 16 392218
179 326 18 18 488001
186 333 4 4 48142
185 332 6 6 75915
184 331 8 8 119393
183 330 10 10 167434
182 329 12 12 222993
181 328 14 14 289294
180 327 16 16 369356
179 326 18 18 461936
186 333 4 4 56088
185 332 6 6 86849
184 331 8 8 124725
183 330 10 10 177553
182 329 12 12 232089
181 328 14 14 307097
180 327 16 16 387104
179 326 18 18 484351
186 333 4 4 48422
185 332 6 6 81332
184 331 8 8 117237
183 330 10 10 167011
182 329 12 12 234264
181 328 14 14 298779
180 327 16 16 377827
179 326 18 18 476257
186 333 4 4 52157
185 332 6 6 81825
184 331 8 8 120380
183 330 10 10 165348
182 329 12 12 222283
181 328 14 14 294176
180 327 16 16 378121
179 326 18 18 475839
186 333 4 4 47735
185 332 6 6 78061
184 331 8 8 115700
183 330 10 10 156613
182 329 12 12 218873
181 328 14 14 291615
180 327 16 16 373742
179 326 18 18 458911
186 333 4 4 49350
185 332 6 6 81894
184 331 8 8 127858
183 330 10 10 177705
182 329 12 12 237519
181 328 14 14 309449
180 327 16 16 388554
179 326 18 18 486116
186 333 4 4 53132
185 332 6 6 86217
184 331 8 8 126529
183 330 10 10 184023
182 329 12 12 244473
181 328 14 14 314287
180 327 16 16 395972
179 326 18 18 489467
186 333 4 4 45569
185 332 6 6 80047
184 331 8 8 118819
183 330 10 10 171005
182 329 12 12 229834
181 328 14 14 300116
180 327 16 16 383628
179 326 18 18 478881
186 333 4 4 49838
185 332 6 6 80183
184 331 8 8 119189
183 330 10 10 165718
182 329 12 12 231354
181 328 14 14 308055
180 327 16 16 389917
179 326 18 18 485045
186 333 4 4 54839
185 332 6 6 88291
184 331 8 8 132401
183 330 10 10 181527
182 329 12 12 240172
181 328 14 14 316807
180 327 16 16 403296
179 326 18 18 503306
186 333 4 4 48192
185 332 6 6 82818
184 331 8 8 122189
183 330 10 10 171265
182 329 12 12 235415
181 328 14 14 305593
180 327 16 16 384855
179 326 18 18 483523
186 333 4 4 56432
185 332 6 6 95040
184 331 8 8 132945
183 330 10 10 183945
182 329 12 12 251059
181 328 14 14 321847
180 327 16 16 404813
179 326 18 18 499808
186 333 4 4 55517
185 332 6 6 93694
184 331 8 8 131187
183 330 10 10 185862
182 329 12 12 241329
181 328 14 14 310890
180 327 16 16 393754
179 326 18 18 487440
186 333 4 4 46009
185 332 6 6 78739
184 331 8 8 122463
183 330 10 10 169383
182 329 12 12 226348
181 328 14 14 300302
180 327 16 16 377696
179 326 18 18 470442
186 333 4 4 48451
185 332 6 6 83804
184 331 8 8 121777
183 330 10 10 171217
182 329 12 12 230062
181 328 14 14 304362
180 327 16 16 386530
179 326 18 18 475382
186 333 4 4 57525
185 332 6 6 87009
184 331 8 8 123835
183 330 10 10 166668
182 329 12 12 224438
181 328 14 14 296939
180 327 16 16 382521
179 326 18 18 475752
186 333 4 4 51025
185 332 6 6 82994
184 331 8 8 127041
183 330 10 10 172731
182 329 12 12 226304
181 328 14 14 300560
180 327 16 16 376819
179 326 18 18 462201
186 333 4 4 50261
185 332 6 6 77382
184 331 8 8 115907
183 330 10 10 164682
182 329 12 12 227850
181 328 14 14 303048
180 327 16 16 384301
179 326 18 18 475477
186 333 4 4 53478
185 332 6 6 86676
184 331 8 8 127059
183 330 10 10 174346
182 329 12 12 234800
181 328 14 14 295113
180 327 16 16 378413
179 326 18 18 471534
186 333 4 4 57186
185 332 6 6 88728
184 331 8 8 126342
183 330 10 10 175871
182 329 12 12 238102
181 328 14 14 307542
180 327 16 16 384504
179 326 18 18 472929
186 333 4 4 46496
185 332 6 6 75857
184 331 8 8 115979
183 330 10 10 160059
182 329 12 12 222754
181 328 14 14 298048
180 327 16 16 381804
179 326 18 18 478500
186 333 4 4 52665
185 332 6 6 86935
184 331 8 8 123791
183 330 10 10 174299
182 329 12 12 237709
181 328 14 14 311804
180 327 16 16 393842
179 326 18 18 487000
186 333 4 4 48351
185 332 6 6 77925
184 331 8 8 117959
183 330 10 10 168232
182 329 12 12 232786
181 328 14 14 297532
180 327 16 16 371914
179 326 18 18 470984
186 333 4 4 52312
185 332 6 6 83864
184 331 8 8 120750
183 330 10 10 175086
182 329 12 12 233870
181 328 14 14 304868
180 327 16 16 378388
179 326 18 18 469611
186 333 4 4 47429
185 332 6 6 75202
184 331 8 8 111623
183 330 10 10 164557
182 329 12 12 224602
181 328 14 14 297477
180 327 16 16 378889
179 326 18 18 471219
186 333 4 4 52038
185 332 6 6 83494
184 331 8 8 126619
183 330 10 10 179332
182 329 12 12 236772
181 328 14 14 306222
180 327 16 16 387766
179 326 18 18 474628
186 333 4 4 57840
185 332 6 6 88638
184 331 8 8 125742
183 330 10 10 167364
182 329 12 12 229412
181 328 14 14 304585
180 327 16 16 382618
179 326 18 18 472915
186 333 4 4 49327
185 332 6 6 80999
184 331 8 8 118206
183 330 10 10 169252
182 329 12 12 229798
181 328 14 14 305061
180 327 16 16 391683
179 326 18 18 493709
186 333 4 4 52388
185 332 6 6 86915
184 331 8 8 129400
183 330 10 10 173705
182 329 12 12 235684
181 328 14 14 306211
180 327 16 16 390641
179 326 18 18 485106
186 333 4 4 49502
185 332 6 6 77554
184 331 8 8 120773
183 330 10 10 166793
182 329 12 12 226678
181 328 14 14 302854
180 327 16 16 377363
179 326 18 18 464970
186 333 4 4 56638
185 332 6 6 90622
184 331 8 8 127392
183 330 10 10 176158
182 329 12 12 234206
181 328 14 14 312723
180 327 16 16 390783
179 326 18 18 479591
186 333 4 4 47216
185 332 6 6 79423
184 331 8 8 110360
183 330 10 10 152328
182 329 12 12 208200
181 328 14 14 271882
180 327 16 16 356499
179 326 18 18 453563
186 333 4 4 49949
185 332 6 6 78059
184 331 8 8 116291
183 330 10 10 162931
182 329 12 12 220373
181 328 14 14 290218
180 327 16 16 374584
179 326 18 18 470113
186 333 4 4 56430
185 332 6 6 85902
184 331 8 8 125002
183 330 10 10 173480
182 329 12 12 235082
181 328 14 14 306188
180 327 16 16 386663
179 326 18 18 478543
186 333 4 4 49564
185 332 6 6 86325
184 331 8 8 123120
183 330 10 10 170254
182 329 12 12 223555
181 328 14 14 293087
180 327 16 16 364768
179 326 18 18 460953
186 333 4 4 54775
185 332 6 6 86189
184 331 8 8 125158
183 330 10 10 172434
182 329 12 12 232947
181 328 14 14 302597
180 327 16 16 390063
179 326 18 18 479843
186 333 4 4 55232
185 332 6 6 88325
184 331 8 8 133322
183 330 10 10 176107
182 329 12 12 235584
181 328 14 14 308112
180 327 16 16 392824
179 326 18 18 491836
186 333 4 4 52856
185 332 6 6 88358
184 331 8 8 124190
183 330 10 10 169385
182 329 12 12 229271
181 328 14 14 292590
180 327 16 16 373816
179 326 18 18 459545
186 333 4 4 47272
185 332 6 6 77158
184 331 8 8 116245
183 330 10 10 163453
182 329 12 12 227631
181 328 14 14 295951
180 327 16 16 376265
179 326 18 18 464324
186 333 4 4 44759
185 332 6 6 73391
184 331 8 8 110617
183 330 10 10 157118
182 329 12 12 212577
181 328 14 14 287901
180 327 16 16 359184
179 326 18 18 442252
186 333 4 4 48905
185 332 6 6 83205
184 331 8 8 120093
183 330 10 10 166792
182 329 12 12 223760
181 328 14 14 293919
180 327 16 16 370048
179 326 18 18 460021
186 333 4 4 52985
185 332 6 6 82736
184 331 8 8 119466
183 330 10 10 164061
182 329 12 12 222300
181 328 14 14 294274
180 327 16 16 369060
179 326 18 18 461430
186 333 4 4 55426
185 332 6 6 91303
184 331 8 8 126217
183 330 10 10 180380
182 329 12 12 243112
181 328 14 14 310926
180 327 16 16 391545
179 326 18 18 479824
186 333 4 4 49942
185 332 6 6 79359
184 331 8 8 114713
183 330 10 10 160477
182 329 12 12 218026
181 328 14 14 293100
180 327 16 16 368686
179 326 18 18 456478
186 333 4 4 48362
185 332 6 6 78301
184 331 8 8 116233
183 330 10 10 163436
182 329 12 12 215103
181 328 14 14 281810
180 327 16 16 360941
179 326 18 18 460397
186 333 4 4 50339
185 332 6 6 80323
184 331 8 8 118497
183 330 10 10 161872
182 329 12 12 218447
181 328 14 14 288998
180 327 16 16 369913
179 326 18 18 469806
186 333 4 4 45389
185 332 6 6 73760
184 331 8 8 114570
183 330 10 10 165899
182 329 12 12 227896
181 328 14 14 293864
180 327 16 16 372745
179 326 18 18 470768
186 333 4 4 46742
185 332 6 6 77833
184 331 8 8 108702
183 330 10 10 158700
182 329 12 12 216228
181 328 14 14 286458
180 327 16 16 361049
179 326 18 18 439720
186 333 4 4 53076
185 332 6 6 84397
184 331 8 8 121413
183 330 10 10 170520
182 329 12 12 235303
181 328 14 14 305473
180 327 16 16 386411
179 326 18 18 484476
186 333 4 4 46675
185 332 6 6 82910
184 331 8 8 122575
183 330 10 10 176756
182 329 12 12 238924
181 328 14 14 304546
180 327 16 16 389944
179 326 18 18 485126
186 333 4 4 48378
185 332 6 6 77762
184 331 8 8 111782
183 330 10 10 157884
182 329 12 12 222292
181 328 14 14 290054
180 327 16 16 369015
179 326 18 18 468943
186 333 4 4 47254
185 332 6 6 75935
184 331 8 8 112775
183 330 10 10 160921
182 329 12 12 224345
181 328 14 14 294428
180 327 16 16 375111
179 326 18 18 471519
186 333 4 4 55014
185 332 6 6 86375
184 331 8 8 129787
183 330 10 10 171147
182 329 12 12 229738
181 328 14 14 298511
180 327 16 16 374039
179 326 18 18 469044
186 333 4 4 46728
185 332 6 6 76211
184 331 8 8 113282
183 330 10 10 155074
182 329 12 12 221623
181 328 14 14 287232
180 327 16 16 366920
179 326 18 18 462501
186 333 4 4 50123
185 332 6 6 88550
184 331 8 8 133785
183 330 10 10 183800
182 329 12 12 248748
181 328 14 14 317058
180 327 16 16 395134
179 326 18 18 479608
186 333 4 4 48893
185 332 6 6 80167
184 331 8 8 116305
183 330 10 10 167076
182 329 12 12 225932
181 328 14 14 304414
180 327 16 16 389203
179 326 18 18 473664
186 333 4 4 49914
185 332 6 6 78346
184 331 8 8 116658
183 330 10 10 159858
182 329 12 12 222479
181 328 14 14 286479
180 327 16 16 371801
179 326 18 18 465598
186 333 4 4 50274
185 332 6 6 81425
184 331 8 8 117553
183 330 10 10 163379
182 329 12 12 229587
181 328 14 14 307779
180 327 16 16 390684
179 326 18 18 477910
186 333 4 4 58029
185 332 6 6 87757
184 331 8 8 127061
183 330 10 10 177531
182 329 12 12 237436
181 328 14 14 304672
180 327 16 16 386668
179 326 18 18 486769
186 333 4 4 49320
185 332 6 6 82673
184 331 8 8 116355
183 330 10 10 161969
182 329 12 12 220824
181 328 14 14 286855
180 327 16 16 360573
179 326 18 18 457873
186 333 4 4 50601
185 332 6 6 86729
184 331 8 8 129468
183 330 10 10 181204
182 329 12 12 241390
181 328 14 14 309609
180 327 16 16 387371
179 326 18 18 481185
186 333 4 4 51891
185 332 6 6 81973
184 331 8 8 118960
183 330 10 10 167916
182 329 12 12 220957
181 328 14 14 290997
180 327 16 16 370756
179 326 18 18 458117
186 333 4 4 50945
185 332 6 6 82133
184 331 8 8 121356
183 330 10 10 169079
182 329 12 12 228295
181 328 14 14 299815
180 327 16 16 382837
179 326 18 18 473138
186 333 4 4 44851
185 332 6 6 78191
184 331 8 8 114450
183 330 10 10 157161
182 329 12 12 223221
181 328 14 14 290945
180 327 16 16 368634
179 326 18 18 462826
186 333 4 4 50407
185 332 6 6 81024
184 331 8 8 122061
183 330 10 10 165620
182 329 12 12 218818
181 328 14 14 285855
180 327 16 16 366650
179 326 18 18 456204
186 333 4 4 47121
185 332 6 6 78752
184 331 8 8 115741
183 330 10 10 165349
182 329 12 12 224156
181 328 14 14 295425
180 327 16 16 379234
179 326 18 18 472337
186 333 4 4 45972
185 332 6 6 76862
184 331 8 8 117331
183 330 10 10 167798
182 329 12 12 229864
181 328 14 14 307040
180 327 16 16 383824
179 326 18 18 473275
186 333 4 4 47315
185 332 6 6 76933
184 331 8 8 117083
183 330 10 10 162464
182 329 12 12 228487
181 328 14 14 296999
180 327 16 16 378847
179 326 18 18 460700
186 333 4 4 50292
185 332 6 6 80025
184 331 8 8 117440
183 330 10 10 163573
182 329 12 12 221124
181 328 14 14 296656
180 327 16 16 378602
179 326 18 18 467737
186 333 4 4 46046
185 332 6 6 80769
184 331 8 8 119606
183 330 10 10 169997
182 329 12 12 231798
181 328 14 14 300395
180 327 16 16 385801
179 326 18 18 471315
186 333 4 4 52088
185 332 6 6 80490
184 331 8 8 116498
183 330 10 10 167312
182 329 12 12 220785
181 328 14 14 290698
180 327 16 16 374799
179 326 18 18 468713
186 333 4 4 47854
185 332 6 6 81124
184 331 8 8 117033
183 330 10 10 163307
182 329 12 12 222227
181 328 14 14 289699
180 327 16 16 373502
179 326 18 18 461607
186 333 4 4 53994
185 332 6 6 82942
184 331 8 8 123286
183 330 10 10 171776
182 329 12 12 229485
181 328 14 14 299393
180 327 16 16 378363
179 326 18 18 475649
186 333 4 4 48731
185 332 6 6 79409
184 331 8 8 118048
183 330 10 10 167076
182 329 12 12 225698
181 328 14 14 291114
180 327 16 16 370845
179 326 18 18 457683
186 333 4 4 44603
185 332 6 6 81387
184 331 8 8 126082
183 330 10 10 176160
182 329 12 12 232224
181 328 14 14 304583
180 327 16 16 388104
179 326 18 18 485255
186 333 4 4 46625
185 332 6 6 79764
184 331 8 8 114453
183 330 10 10 163014
182 329 12 12 216084
181 328 14 14 290031
180 327 16 16 367373
179 326 18 18 454302
186 333 4 4 53502
185 332 6 6 85858
184 331 8 8 123804
183 330 10 10 170432
182 329 12 12 225569
181 328 14 14 298638
180 327 16 16 374649
179 326 18 18 465265
186 333 4 4 54163
185 332 6 6 88198
184 331 8 8 127649
183 330 10 10 173961
182 329 12 12 233811
181 328 14 14 302391
180 327 16 16 381777
179 326 18 18 476879
186 333 4 4 50846
185 332 6 6 83103
184 331 8 8 120090
183 330 10 10 167145
182 329 12 12 224136
181 328 14 14 292609
180 327 16 16 370573
179 326 18 18 467481
186 333 4 4 47496
185 332 6 6 78164
184 331 8 8 110006
183 330 10 10 152771
182 329 12 12 208715
181 328 14 14 273262
180 327 16 16 347301
179 326 18 18 433479
186 333 4 4 47652
185 332 6 6 80206
184 331 8 8 124771
183 330 10 10 170192
182 329 12 12 229623
181 328 14 14 296948
180 327 16 16 372332
179 326 18 18 470583
186 333 4 4 44756
185 332 6 6 79717
184 331 8 8 115415
183 330 10 10 163682
182 329 12 12 220631
181 328 14 14 291592
180 327 16 16 370917
179 326 18 18 464086
186 333 4 4 53293
185 332 6 6 77697
184 331 8 8 114559
183 330 10 10 156892
182 329 12 12 215798
181 328 14 14 295076
180 327 16 16 366281
179 326 18 18 459752
186 333 4 4 48314
185 332 6 6 76190
184 331 8 8 114732
183 330 10 10 162092
182 329 12 12 219402
181 328 14 14 287139
180 327 16 16 363502
179 326 18 18 460580
186 333 4 4 53874
185 332 6 6 89155
184 331 8 8 129908
183 330 10 10 175305
182 329 12 12 234114
181 328 14 14 299515
180 327 16 16 376045
179 326 18 18 460150
186 333 4 4 49006
185 332 6 6 76693
184 331 8 8 115711
183 330 10 10 158020
182 329 12 12 209642
181 328 14 14 276552
180 327 16 16 353545
179 326 18 18 442749
186 333 4 4 55802
185 332 6 6 83144
184 331 8 8 118636
183 330 10 10 162258
182 329 12 12 217044
181 328 14 14 290490
180 327 16 16 369563
179 326 18 18 463288
186 333 4 4 53715
185 332 6 6 86582
184 331 8 8 129391
183 330 10 10 172283
182 329 12 12 230514
181 328 14 14 299255
180 327 16 16 378935
179 326 18 18 475930
186 333 4 4 51609
185 332 6 6 83932
184 331 8 8 117625
183 330 10 10 163678
182 329 12 12 224745
181 328 14 14 291199
180 327 16 16 371130
179 326 18 18 460602
186 333 4 4 47188
185 332 6 6 82204
184 331 8 8 120235
183 330 10 10 168491
182 329 12 12 227874
181 328 14 14 295896
180 327 16 16 377421
179 326 18 18 466996
186 333 4 4 55760
185 332 6 6 86174
184 331 8 8 122366
183 330 10 10 169694
182 329 12 12 230887
181 328 14 14 309028
180 327 16 16 377519
179 326 18 18 470449
186 333 4 4 57255
185 332 6 6 88855
184 331 8 8 123883
183 330 10 10 161151
182 329 12 12 220854
181 328 14 14 285491
180 327 16 16 361257
179 326 18 18 455431
186 333 4 4 51641
185 332 6 6 85615
184 331 8 8 122854
183 330 10 10 167708
182 329 12 12 219056
181 328 14 14 291044
180 327 16 16 376781
179 326 18 18 465425
186 333 4 4 48306
185 332 6 6 80012
184 331 8 8 122801
183 330 10 10 172843
182 329 12 12 230322
181 328 14 14 295834
180 327 16 16 379322
179 326 18 18 471343
186 333 4 4 48505
185 332 6 6 80361
184 331 8 8 121196
183 330 10 10 171217
182 329 12 12 228284
181 328 14 14 293004
180 327 16 16 374567
179 326 18 18 465211
186 333 4 4 46885
185 332 6 6 74728
184 331 8 8 112299
183 330 10 10 160869
182 329 12 12 223294
181 328 14 14 284837
180 327 16 16 373446
179 326 18 18 463650
186 333 4 4 48062
185 332 6 6 79748
184 331 8 8 118720
183 330 10 10 160788
182 329 12 12 227235
181 328 14 14 298206
180 327 16 16 379750
179 326 18 18 467982
186 333 4 4 47675
185 332 6 6 77445
184 331 8 8 117701
183 330 10 10 161840
182 329 12 12 217693
181 328 14 14 286418
180 327 16 16 366271
179 326 18 18 464025
186 333 4 4 46717
185 332 6 6 75924
184 331 8 8 115024
183 330 10 10 169612
182 329 12 12 231815
181 328 14 14 302029
180 327 16 16 379105
179 326 18 18 469947
186 333 4 4 51920
185 332 6 6 85618
184 331 8 8 124158
183 330 10 10 172329
182 329 12 12 231602
181 328 14 14 298329
180 327 16 16 387309
179 326 18 18 483929
186 333 4 4 52597
185 332 6 6 85592
184 331 8 8 120367
183 330 10 10 162820
182 329 12 12 221548
181 328 14 14 290440
180 327 16 16 370183
179 326 18 18 466138
186 333 4 4 57724
185 332 6 6 90795
184 331 8 8 131182
183 330 10 10 182385
182 329 12 12 246969
181 328 14 14 318351
180 327 16 16 403640
179 326 18 18 503009
186 333 4 4 50709
185 332 6 6 81436
184 331 8 8 118054
183 330 10 10 168085
182 329 12 12 221195
181 328 14 14 287462
180 327 16 16 358202
179 326 18 18 445885
186 333 4 4 53311
185 332 6 6 82766
184 331 8 8 124282
183 330 10 10 171961
182 329 12 12 236105
181 328 14 14 303536
180 327 16 16 390846
179 326 18 18 487137
186 333 4 4 53374
185 332 6 6 85917
184 331 8 8 126307
183 330 10 10 172909
182 329 12 12 230736
181 328 14 14 301863
180 327 16 16 382790
179 326 18 18 479480
186 333 4 4 52459
185 332 6 6 82020
184 331 8 8 122814
183 330 10 10 181956
182 329 12 12 240905
181 328 14 14 307050
180 327 16 16 384428
179 326 18 18 471316
186 333 4 4 49339
185 332 6 6 79249
184 331 8 8 115944
183 330 10 10 169430
182 329 12 12 225749
181 328 14 14 290621
180 327 16 16 367492
179 326 18 18 462122
186 333 4 4 45772
185 332 6 6 78854
184 331 8 8 111536
183 330 10 10 160739
182 329 12 12 211492
181 328 14 14 280895
180 327 16 16 364941
179 326 18 18 462036
186 333 4 4 46886
185 332 6 6 79419
184 331 8 8 118012
183 330 10 10 167197
182 329 12 12 221297
181 328 14 14 294178
180 327 16 16 376096
179 326 18 18 467335
186 333 4 4 45162
185 332 6 6 75171
184 331 8 8 111159
183 330 10 10 156914
182 329 12 12 211518
181 328 14 14 282353
180 327 16 16 356486
179 326 18 18 455217
186 333 4 4 53690
185 332 6 6 82685
184 331 8 8 116865
183 330 10 10 165326
182 329 12 12 226959
181 328 14 14 299482
180 327 16 16 372154
179 326 18 18 456052
186 333 4 4 52552
185 332 6 6 82749
184 331 8 8 122269
183 330 10 10 171188
182 329 12 12 228619
181 328 14 14 301829
180 327 16 16 376700
179 326 18 18 469515
186 333 4 4 46889
185 332 6 6 74775
184 331 8 8 113731
183 330 10 10 164769
182 329 12 12 223102
181 328 14 14 289650
180 327 16 16 374597
179 326 18 18 472173
186 333 4 4 46608
185 332 6 6 81855
184 331 8 8 122438
183 330 10 10 172507
182 329 12 12 240657
181 328 14 14 315890
180 327 16 16 408096
179 326 18 18 513024
186 333 4 4 54427
185 332 6 6 88738
184 331 8 8 134716
183 330 10 10 182079
182 329 12 12 247166
181 328 14 14 324816
180 327 16 16 403034
179 326 18 18 501680
186 333 4 4 46276
185 332 6 6 79801
184 331 8 8 123236
183 330 10 10 172887
182 329 12 12 224225
181 328 14 14 282919
180 327 16 16 359977
179 326 18 18 444236
186 333 4 4 51750
185 332 6 6 82613
184 331 8 8 121484
183 330 10 10 165888
182 329 12 12 229977
181 328 14 14 296062
180 327 16 16 365496
179 326 18 18 457105
186 333 4 4 51463
185 332 6 6 83231
184 331 8 8 121116
183 330 10 10 170239
182 329 12 12 233225
181 328 14 14 305019
180 327 16 16 387985
179 326 18 18 479072
186 333 4 4 50105
185 332 6 6 84833
184 331 8 8 123426
183 330 10 10 175443
182 329 12 12 243822
181 328 14 14 315046
180 327 16 16 398341
179 326 18 18 490430
186 333 4 4 50904
185 332 6 6 84754
184 331 8 8 131268
183 330 10 10 174229
182 329 12 12 229502
181 328 14 14 304537
180 327 16 16 376802
179 326 18 18 467739
186 333 4 4 52855
185 332 6 6 91259
184 331 8 8 131470
183 330 10 10 181728
182 329 12 12 241416
181 328 14 14 311146
180 327 16 16 391743
179 326 18 18 482622
186 333 4 4 52457
185 332 6 6 86228
184 331 8 8 124863
183 330 10 10 175666
182 329 12 12 238575
181 328 14 14 308271
180 327 16 16 386064
179 326 18 18 471142
186 333 4 4 52166
185 332 6 6 80107
184 331 8 8 117125
183 330 10 10 174198
182 329 12 12 234910
181 328 14 14 303458
180 327 16 16 376826
179 326 18 18 465886
186 333 4 4 55156
185 332 6 6 86972
184 331 8 8 125644
183 330 10 10 175097
182 329 12 12 230141
181 328 14 14 306533
180 327 16 16 379466
179 326 18 18 468950
186 333 4 4 48008
185 332 6 6 75003
184 331 8 8 114408
183 330 10 10 162385
182 329 12 12 216763
181 328 14 14 275945
180 327 16 16 348556
179 326 18 18 434354
186 333 4 4 47672
185 332 6 6 79184
184 331 8 8 119585
183 330 10 10 166593
182 329 12 12 225524
181 328 14 14 293760
180 327 16 16 375085
179 326 18 18 466578
186 333 4 4 52022
185 332 6 6 83501
184 331 8 8 124043
183 330 10 10 173771
182 329 12 12 234744
181 328 14 14 304277
180 327 16 16 385638
179 326 18 18 480246
186 333 4 4 47591
185 332 6 6 83054
184 331 8 8 127711
183 330 10 10 174350
182 329 12 12 232188
181 328 14 14 298955
180 327 16 16 380945
179 326 18 18 482065
186 333 4 4 46176
185 332 6 6 76743
184 331 8 8 115747
183 330 10 10 164793
182 329 12 12 227688
181 328 14 14 297028
180 327 16 16 372223
179 326 18 18 465249
186 333 4 4 51998
185 332 6 6 85239
184 331 8 8 124159
183 330 10 10 170881
182 329 12 12 225691
181 328 14 14 296050
180 327 16 16 375075
179 326 18 18 457576
186 333 4 4 48087
185 332 6 6 82093
184 331 8 8 123617
183 330 10 10 179117
182 329 12 12 235224
181 328 14 14 299165
180 327 16 16 378813
179 326 18 18 470969
186 333 4 4 55849
185 332 6 6 87680
184 331 8 8 124637
183 330 10 10 170023
182 329 12 12 228374
181 328 14 14 297471
180 327 16 16 372162
179 326 18 18 473681
186 333 4 4 53283
185 332 6 6 82520
184 331 8 8 126179
183 330 10 10 172737
182 329 12 12 229884
181 328 14 14 300775
180 327 16 16 380835
179 326 18 18 463514
186 333 4 4 51044
185 332 6 6 83759
184 331 8 8 117903
183 330 10 10 169750
182 329 12 12 229081
181 328 14 14 304107
180 327 16 16 384945
179 326 18 18 474191
186 333 4 4 47493
185 332 6 6 77227
184 331 8 8 120636
183 330 10 10 174601
182 329 12 12 239182
181 328 14 14 305981
180 327 16 16 381957
179 326 18 18 463471
186 333 4 4 51872
185 332 6 6 84920
184 331 8 8 126884
183 330 10 10 176326
182 329 12 12 232910
181 328 14 14 306517
180 327 16 16 391905
179 326 18 18 481143
186 333 4 4 51404
185 332 6 6 84214
184 331 8 8 120776
183 330 10 10 170295
182 329 12 12 231343
181 328 14 14 300271
180 327 16 16 374702
179 326 18 18 462044
186 333 4 4 47158
185 332 6 6 78418
184 331 8 8 118882
183 330 10 10 165810
182 329 12 12 222177
181 328 14 14 288013
180 327 16 16 364415
179 326 18 18 450092
186 333 4 4 40516
185 332 6 6 69116
184 331 8 8 104732
183 330 10 10 153172
182 329 12 12 211357
181 328 14 14 277545
180 327 16 16 359982
179 326 18 18 456961
186 333 4 4 49292
185 332 6 6 78079
184 331 8 8 112066
183 330 10 10 158287
182 329 12 12 215506
181 328 14 14 283966
180 327 16 16 361018
179 326 18 18 452409
186 333 4 4 50357
185 332 6 6 77845
184 331 8 8 115457
183 330 10 10 166445
182 329 12 12 218536
181 328 14 14 287751
180 327 16 16 368287
179 326 18 18 456377
186 333 4 4 48781
185 332 6 6 77657
184 331 8 8 117245
183 330 10 10 161172
182 329 12 12 217764
181 328 14 14 290680
180 327 16 16 366627
179 326 18 18 450941
186 333 4 4 47185
185 332 6 6 78993
184 331 8 8 117299
183 330 10 10 163954
182 329 12 12 220273
181 328 14 14 288098
180 327 16 16 368598
179 326 18 18 454898
186 333 4 4 40562
185 332 6 6 71196
184 331 8 8 106032
183 330 10 10 158197
182 329 12 12 218771
181 328 14 14 280264
180 327 16 16 353425
179 326 18 18 440329
186 333 4 4 48535
185 332 6 6 80151
184 331 8 8 116718
183 330 10 10 161248
182 329 12 12 209367
181 328 14 14 286137
180 327 16 16 360978
179 326 18 18 453246
186 333 4 4 46338
185 332 6 6 76668
184 331 8 8 119462
183 330 10 10 169345
182 329 12 12 226333
181 328 14 14 293506
180 327 16 16 375873
179 326 18 18 473261
186 333 4 4 49538
185 332 6 6 81586
184 331 8 8 117142
183 330 10 10 163770
182 329 12 12 222631
181 328 14 14 291502
180 327 16 16 377860
179 326 18 18 465199
186 333 4 4 46941
185 332 6 6 79669
184 331 8 8 122362
183 330 10 10 167416
182 329 12 12 223783
181 328 14 14 298546
180 327 16 16 377785
179 326 18 18 463717
186 333 4 4 49395
185 332 6 6 79715
184 331 8 8 112596
183 330 10 10 154912
182 329 12 12 212999
181 328 14 14 284299
180 327 16 16 366385
179 326 18 18 449234
186 333 4 4 53860
185 332 6 6 88420
184 331 8 8 124936
183 330 10 10 171512
182 329 12 12 234201
181 328 14 14 299950
180 327 16 16 382052
179 326 18 18 470144
186 333 4 4 46006
185 332 6 6 76331
184 331 8 8 114765
183 330 10 10 160953
182 329 12 12 221394
181 328 14 14 287810
180 327 16 16 367052
179 326 18 18 452896
186 333 4 4 45864
185 332 6 6 80146
184 331 8 8 116944
183 330 10 10 167360
182 329 12 12 219745
181 328 14 14 285369
180 327 16 16 370478
179 326 18 18 449071
186 333 4 4 51266
185 332 6 6 86159
184 331 8 8 124501
183 330 10 10 169515
182 329 12 12 221632
181 328 14 14 290304
180 327 16 16 372030
179 326 18 18 469148
186 333 4 4 46340
185 332 6 6 76321
184 331 8 8 119739
183 330 10 10 162987
182 329 12 12 216418
181 328 14 14 284627
180 327 16 16 360065
179 326 18 18 454206
186 333 4 4 49975
185 332 6 6 82200
184 331 8 8 119444
183 330 10 10 168415
182 329 12 12 221952
181 328 14 14 294872
180 327 16 16 373262
179 326 18 18 457131
186 333 4 4 43030
185 332 6 6 76655
184 331 8 8 115116
183 330 10 10 163482
182 329 12 12 221751
181 328 14 14 285846
180 327 16 16 360652
179 326 18 18 449164
186 333 4 4 50141
185 332 6 6 77418
184 331 8 8 115811
183 330 10 10 167031
182 329 12 12 222537
181 328 14 14 295678
180 327 16 16 371741
179 326 18 18 455470
186 333 4 4 42939
185 332 6 6 75856
184 331 8 8 111521
183 330 10 10 155524
182 329 12 12 208319
181 328 14 14 273092
180 327 16 16 356534
179 326 18 18 446104
186 333 4 4 44591
185 332 6 6 79376
184 331 8 8 114452
183 330 10 10 171220
182 329 12 12 227061
181 328 14 14 299549
180 327 16 16 377232
179 326 18 18 478880
186 333 4 4 50044
185 332 6 6 80302
184 331 8 8 116154
183 330 10 10 162023
182 329 12 12 219311
181 328 14 14 292522
180 327 16 16 366216
179 326 18 18 460807
186 333 4 4 53280
185 332 6 6 82928
184 331 8 8 128583
183 330 10 10 174729
182 329 12 12 235332
181 328 14 14 304425
180 327 16 16 391460
179 326 18 18 474895
186 333 4 4 51235
185 332 6 6 76018
184 331 8 8 112748
183 330 10 10 160319
182 329 12 12 220433
181 328 14 14 285844
180 327 16 16 369374
179 326 18 18 457304
186 333 4 4 48021
185 332 6 6 81363
184 331 8 8 120432
183 330 10 10 167336
182 329 12 12 227484
181 328 14 14 297132
180 327 16 16 372689
179 326 18 18 457549
186 333 4 4 50928
185 332 6 6 84733
184 331 8 8 121794
183 330 10 10 164825
182 329 12 12 223354
181 328 14 14 292806
180 327 16 16 369906
179 326 18 18 457322
186 333 4 4 44295
185 332 6 6 74385
184 331 8 8 114546
183 330 10 10 163031
182 329 12 12 222700
181 328 14 14 292560
180 327 16 16 372557
179 326 18 18 454525
186 333 4 4 55579
185 332 6 6 82919
184 331 8 8 119781
183 330 10 10 166452
182 329 12 12 223132
181 328 14 14 286500
180 327 16 16 372905
179 326 18 18 462400
186 333 4 4 44253
185 332 6 6 71984
184 331 8 8 111904
183 330 10 10 158069
182 329 12 12 209366
181 328 14 14 285913
180 327 16 16 363111
179 326 18 18 458005
186 333 4 4 50141
185 332 6 6 88119
184 331 8 8 126317
183 330 10 10 175205
182 329 12 12 231328
181 328 14 14 295339
180 327 16 16 367970
179 326 18 18 458906
186 333 4 4 48087
185 332 6 6 76516
184 331 8 8 118946
183 330 10 10 163050
182 329 12 12 214827
181 328 14 14 280819
180 327 16 16 352730
179 326 18 18 432578
186 333 4 4 46208
185 332 6 6 74812
184 331 8 8 113658
183 330 10 10 166178
182 329 12 12 221355
181 328 14 14 290973
180 327 16 16 366985
179 326 18 18 465682
186 333 4 4 57360
185 332 6 6 90351
184 331 8 8 126126
183 330 10 10 174314
182 329 12 12 225129
181 328 14 14 290719
180 327 16 16 364540
179 326 18 18 441990
186 333 4 4 47699
185 332 6 6 81535
184 331 8 8 114167
183 330 10 10 164207
182 329 12 12 221103
181 328 14 14 289069
180 327 16 16 360858
179 326 18 18 442929
186 333 4 4 50161
185 332 6 6 81704
184 331 8 8 120845
183 330 10 10 165636
182 329 12 12 222095
181 328 14 14 288790
180 327 16 16 364234
179 326 18 18 455582
186 333 4 4 42859
185 332 6 6 76645
184 331 8 8 112119
183 330 10 10 153896
182 329 12 12 207160
181 328 14 14 276445
180 327 16 16 356450
179 326 18 18 449772
186 333 4 4 46970
185 332 6 6 77060
184 331 8 8 118009
183 330 10 10 168653
182 329 12 12 221782
181 328 14 14 290747
180 327 16 16 370067
179 326 18 18 452961
186 333 4 4 52168
185 332 6 6 80957
184 331 8 8 116834
183 330 10 10 166092
182 329 12 12 223800
181 328 14 14 286867
180 327 16 16 365919
179 326 18 18 456427
186 333 4 4 53157
185 332 6 6 84887
184 331 8 8 123483
183 330 10 10 173346
182 329 12 12 234497
181 328 14 14 306579
180 327 16 16 389214
179 326 18 18 472856
186 333 4 4 59897
185 332 6 6 94956
184 331 8 8 129777
183 330 10 10 178476
182 329 12 12 234309
181 328 14 14 302293
180 327 16 16 387932
179 326 18 18 480975
186 333 4 4 50514
185 332 6 6 80727
184 331 8 8 125927
183 330 10 10 173059
182 329 12 12 228356
181 328 14 14 296421
180 327 16 16 379875
179 326 18 18 471221
186 333 4 4 51388
185 332 6 6 78191
184 331 8 8 115515
183 330 10 10 165981
182 329 12 12 220285
181 328 14 14 286890
180 327 16 16 367393
179 326 18 18 461640
186 333 4 4 52005
185 332 6 6 81901
184 331 8 8 118562
183 330 10 10 165246
182 329 12 12 218020
181 328 14 14 288537
180 327 16 16 361581
179 326 18 18 452918
186 333 4 4 45339
185 332 6 6 77256
184 331 8 8 113885
183 330 10 10 162334
182 329 12 12 222127
181 328 14 14 294793
180 327 16 16 377650
179 326 18 18 467685
186 333 4 4 56420
185 332 6 6 86195
184 331 8 8 121670
183 330 10 10 165268
182 329 12 12 222355
181 328 14 14 291289
180 327 16 16 364567
179 326 18 18 448760
186 333 4 4 50220
185 332 6 6 82151
184 331 8 8 122782
183 330 10 10 172552
182 329 12 12 226205
181 328 14 14 292699
180 327 16 16 370113
179 326 18 18 454077
186 333 4 4 47431
185 332 6 6 78247
184 331 8 8 112703
183 330 10 10 165621
182 329 12 12 220771
181 328 14 14 286117
180 327 16 16 370128
179 326 18 18 460734
186 333 4 4 47148
185 332 6 6 79800
184 331 8 8 117927
183 330 10 10 169042
182 329 12 12 232870
181 328 14 14 298556
180 327 16 16 378349
179 326 18 18 476514
186 333 4 4 47001
185 332 6 6 78575
184 331 8 8 116540
183 330 10 10 168466
182 329 12 12 229199
181 328 14 14 296277
180 327 16 16 380628
179 326 18 18 468235
186 333 4 4 50516
185 332 6 6 81170
184 331 8 8 118808
183 330 10 10 166486
182 329 12 12 225235
181 328 14 14 294008
180 327 16 16 368819
179 326 18 18 463049
186 333 4 4 47931
185 332 6 6 85354
184 331 8 8 122908
183 330 10 10 167693
182 329 12 12 226496
181 328 14 14 290771
180 327 16 16 372702
179 326 18 18 464026
186 333 4 4 51255
185 332 6 6 80890
184 331 8 8 115846
183 330 10 10 160038
182 329 12 12 216633
181 328 14 14 290115
180 327 16 16 370973
179 326 18 18 457298
