457 342 4 4 1995
456 341 6 6 4886
455 340 8 8 8178
454 339 10 10 12328
453 338 12 12 17303
452 337 14 14 23960
451 336 16 16 31972
450 335 18 18 40137
457 342 4 4 2304
456 341 6 6 4264
455 340 8 8 7783
454 339 10 10 13553
453 338 12 12 18703
452 337 14 14 24705
451 336 16 16 33000
450 335 18 18 40957
457 342 4 4 1822
456 341 6 6 3925
455 340 8 8 7213
454 339 10 10 11236
453 338 12 12 16630
452 337 14 14 23134
451 336 16 16 30279
450 335 18 18 38215
457 342 4 4 1734
456 341 6 6 3906
455 340 8 8 7484
454 339 10 10 12279
453 338 12 12 17434
452 337 14 14 24279
451 336 16 16 31272
450 335 18 18 39728
457 342 4 4 1554
456 341 6 6 3850
455 340 8 8 7037
454 339 10 10 11341
453 338 12 12 16407
452 337 14 14 22383
451 336 16 16 30288
450 335 18 18 38131
457 342 4 4 1708
456 341 6 6 4773
455 340 8 8 8411
454 339 10 10 12101
453 338 12 12 18259
452 337 14 14 24682
451 336 16 16 32620
450 335 18 18 41035
457 342 4 4 1654
456 341 6 6 4329
455 340 8 8 8693
454 339 10 10 13348
453 338 12 12 19513
452 337 14 14 25987
451 336 16 16 33650
450 335 18 18 41939
457 342 4 4 1894
456 341 6 6 4776
455 340 8 8 8290
454 339 10 10 12857
453 338 12 12 18877
452 337 14 14 24858
451 336 16 16 33095
450 335 18 18 41702
457 342 4 4 2368
456 341 6 6 5269
455 340 8 8 8642
454 339 10 10 12235
453 338 12 12 17720
452 337 14 14 24310
451 336 16 16 31606
450 335 18 18 39768
457 342 4 4 2474
456 341 6 6 4510
455 340 8 8 7620
454 339 10 10 12129
453 338 12 12 17207
452 337 14 14 23222
451 336 16 16 29813
450 335 18 18 37247
457 342 4 4 2329
456 341 6 6 4988
455 340 8 8 8304
454 339 10 10 12473
453 338 12 12 17935
452 337 14 14 23955
451 336 16 16 30578
450 335 18 18 38342
457 342 4 4 1856
456 341 6 6 4690
455 340 8 8 7604
454 339 10 10 12051
453 338 12 12 16816
452 337 14 14 22850
451 336 16 16 30622
450 335 18 18 38788
457 342 4 4 1591
456 341 6 6 3639
455 340 8 8 6859
454 339 10 10 11776
453 338 12 12 17212
452 337 14 14 22945
451 336 16 16 29902
450 335 18 18 38864
457 342 4 4 1499
456 341 6 6 3877
455 340 8 8 7232
454 339 10 10 11531
453 338 12 12 17619
452 337 14 14 22687
451 336 16 16 30089
450 335 18 18 38021
457 342 4 4 2388
456 341 6 6 4507
455 340 8 8 7469
454 339 10 10 11334
453 338 12 12 16327
452 337 14 14 22406
451 336 16 16 28795
450 335 18 18 36169
457 342 4 4 1681
456 341 6 6 4076
455 340 8 8 7433
454 339 10 10 11662
453 338 12 12 17181
452 337 14 14 22850
451 336 16 16 29614
450 335 18 18 38058
457 342 4 4 1908
456 341 6 6 3873
455 340 8 8 7136
454 339 10 10 10801
453 338 12 12 16802
452 337 14 14 22923
451 336 16 16 29975
450 335 18 18 37836
457 342 4 4 1651
456 341 6 6 4472
455 340 8 8 7498
454 339 10 10 11694
453 338 12 12 16560
452 337 14 14 23392
451 336 16 16 30554
450 335 18 18 38858
457 342 4 4 2003
456 341 6 6 4701
455 340 8 8 8580
454 339 10 10 12854
453 338 12 12 18057
452 337 14 14 25039
451 336 16 16 34229
450 335 18 18 42107
457 342 4 4 1858
456 341 6 6 4261
455 340 8 8 8697
454 339 10 10 12833
453 338 12 12 17936
452 337 14 14 24089
451 336 16 16 30470
450 335 18 18 38685
457 342 4 4 1543
456 341 6 6 4149
455 340 8 8 7015
454 339 10 10 11664
453 338 12 12 16875
452 337 14 14 23771
451 336 16 16 31678
450 335 18 18 39458
457 342 4 4 2097
456 341 6 6 4707
455 340 8 8 7873
454 339 10 10 12632
453 338 12 12 18154
452 337 14 14 24733
451 336 16 16 31863
450 335 18 18 42054
457 342 4 4 1769
456 341 6 6 4149
455 340 8 8 7518
454 339 10 10 13131
453 338 12 12 19578
452 337 14 14 26434
451 336 16 16 33124
450 335 18 18 41582
457 342 4 4 1767
456 341 6 6 4258
455 340 8 8 8397
454 339 10 10 13581
453 338 12 12 19110
452 337 14 14 27157
451 336 16 16 35965
450 335 18 18 45948
457 342 4 4 1841
456 341 6 6 5182
455 340 8 8 9629
454 339 10 10 15261
453 338 12 12 22733
452 337 14 14 30171
451 336 16 16 38896
450 335 18 18 48871
457 342 4 4 119687
456 341 6 6 248195
455 340 8 8 427324
454 339 10 10 667217
453 338 12 12 952974
452 337 14 14 1286037
451 336 16 16 1657239
450 335 18 18 2083429
457 342 4 4 127453
456 341 6 6 250697
455 340 8 8 425715
454 339 10 10 644839
453 338 12 12 903517
452 337 14 14 1222760
451 336 16 16 1610563
450 335 18 18 2042193
457 342 4 4 138395
456 341 6 6 260081
455 340 8 8 440093
454 339 10 10 650271
453 338 12 12 928661
452 337 14 14 1255974
451 336 16 16 1618915
450 335 18 18 2038677
457 342 4 4 141732
456 341 6 6 282949
455 340 8 8 465475
454 339 10 10 683643
453 338 12 12 947420
452 337 14 14 1274494
451 336 16 16 1640710
450 335 18 18 2066416
457 342 4 4 123860
456 341 6 6 256878
455 340 8 8 435861
454 339 10 10 670750
453 338 12 12 938045
452 337 14 14 1259114
451 336 16 16 1623135
450 335 18 18 2059549
457 342 4 4 122942
456 341 6 6 251844
455 340 8 8 433464
454 339 10 10 649024
453 338 12 12 927133
452 337 14 14 1236898
451 336 16 16 1620493
450 335 18 18 2047690
457 342 4 4 128162
456 341 6 6 250274
455 340 8 8 445026
454 339 10 10 668239
453 338 12 12 947167
452 337 14 14 1275793
451 336 16 16 1648021
450 335 18 18 2069995
457 342 4 4 140989
456 341 6 6 265868
455 340 8 8 437658
454 339 10 10 643365
453 338 12 12 919616
452 337 14 14 1229881
451 336 16 16 1594271
450 335 18 18 2004315
457 342 4 4 138350
456 341 6 6 264593
455 340 8 8 438971
454 339 10 10 664240
453 338 12 12 935958
452 337 14 14 1254140
451 336 16 16 1618278
450 335 18 18 2032860
457 342 4 4 129592
456 341 6 6 259695
455 340 8 8 443905
454 339 10 10 663544
453 338 12 12 945418
452 337 14 14 1265941
451 336 16 16 1635811
450 335 18 18 2040812
457 342 4 4 128014
456 341 6 6 265099
455 340 8 8 441046
454 339 10 10 659028
453 338 12 12 931213
452 337 14 14 1238063
451 336 16 16 1607395
450 335 18 18 2029953
457 342 4 4 132827
456 341 6 6 260411
455 340 8 8 446009
454 339 10 10 672457
453 338 12 12 960324
452 337 14 14 1294291
451 336 16 16 1659479
450 335 18 18 2083517
457 342 4 4 134238
456 341 6 6 265698
455 340 8 8 436903
454 339 10 10 663990
453 338 12 12 948172
452 337 14 14 1282069
451 336 16 16 1644856
450 335 18 18 2069861
457 342 4 4 137153
456 341 6 6 272869
455 340 8 8 448002
454 339 10 10 677513
453 338 12 12 953785
452 337 14 14 1270351
451 336 16 16 1655011
450 335 18 18 2055637
457 342 4 4 130850
456 341 6 6 263114
455 340 8 8 442211
454 339 10 10 666042
453 338 12 12 935725
452 337 14 14 1252594
451 336 16 16 1613072
450 335 18 18 2032314
457 342 4 4 125280
456 341 6 6 264448
455 340 8 8 441692
454 339 10 10 658992
453 338 12 12 913473
452 337 14 14 1216443
451 336 16 16 1585778
450 335 18 18 2007882
457 342 4 4 126985
456 341 6 6 255670
455 340 8 8 442004
454 339 10 10 665706
453 338 12 12 948730
452 337 14 14 1271356
451 336 16 16 1628823
450 335 18 18 2044163
457 342 4 4 124098
456 341 6 6 253071
455 340 8 8 414949
454 339 10 10 622238
453 338 12 12 887084
452 337 14 14 1204777
451 336 16 16 1576748
450 335 18 18 1999230
457 342 4 4 123605
456 341 6 6 251411
455 340 8 8 425681
454 339 10 10 644430
453 338 12 12 905402
452 337 14 14 1209899
451 336 16 16 1578591
450 335 18 18 1988087
457 342 4 4 121366
456 341 6 6 253904
455 340 8 8 424402
454 339 10 10 640311
453 338 12 12 921048
452 337 14 14 1255135
451 336 16 16 1618087
450 335 18 18 2049744
457 342 4 4 141047
456 341 6 6 263365
455 340 8 8 440832
454 339 10 10 668020
453 338 12 12 933248
452 337 14 14 1244870
451 336 16 16 1629883
450 335 18 18 2057031
457 342 4 4 133241
456 341 6 6 267934
455 340 8 8 443604
454 339 10 10 656911
453 338 12 12 938647
452 337 14 14 1250862
451 336 16 16 1626602
450 335 18 18 2038598
457 342 4 4 138192
456 341 6 6 265300
455 340 8 8 440002
454 339 10 10 663910
453 338 12 12 940230
452 337 14 14 1271667
451 336 16 16 1638629
450 335 18 18 2065414
457 342 4 4 132280
456 341 6 6 261812
455 340 8 8 445002
454 339 10 10 660083
453 338 12 12 921278
452 337 14 14 1244724
451 336 16 16 1621309
450 335 18 18 2051087
457 342 4 4 125667
456 341 6 6 251992
455 340 8 8 440926
454 339 10 10 670124
453 338 12 12 936012
452 337 14 14 1249169
451 336 16 16 1638425
450 335 18 18 2067195
457 342 4 4 131048
456 341 6 6 262588
455 340 8 8 435804
454 339 10 10 653139
453 338 12 12 922527
452 337 14 14 1247860
451 336 16 16 1610187
450 335 18 18 2033271
457 342 4 4 125114
456 341 6 6 257933
455 340 8 8 444017
454 339 10 10 666846
453 338 12 12 933996
452 337 14 14 1247813
451 336 16 16 1612792
450 335 18 18 2028512
457 342 4 4 132122
456 341 6 6 260471
455 340 8 8 426360
454 339 10 10 651861
453 338 12 12 916799
452 337 14 14 1235197
451 336 16 16 1595746
450 335 18 18 2006550
457 342 4 4 118536
456 341 6 6 252193
455 340 8 8 433315
454 339 10 10 657674
453 338 12 12 925524
452 337 14 14 1248898
451 336 16 16 1616082
450 335 18 18 2026350
457 342 4 4 121753
456 341 6 6 239436
455 340 8 8 428656
454 339 10 10 655939
453 338 12 12 930748
452 337 14 14 1243456
451 336 16 16 1593097
450 335 18 18 2022552
457 342 4 4 133779
456 341 6 6 269009
455 340 8 8 432256
454 339 10 10 660354
453 338 12 12 927751
452 337 14 14 1248378
451 336 16 16 1603067
450 335 18 18 2018818
457 342 4 4 128952
456 341 6 6 253781
455 340 8 8 428879
454 339 10 10 649535
453 338 12 12 920069
452 337 14 14 1221888
451 336 16 16 1574751
450 335 18 18 1983463
457 342 4 4 121535
456 341 6 6 244191
455 340 8 8 420886
454 339 10 10 637896
453 338 12 12 908527
452 337 14 14 1220440
451 336 16 16 1581399
450 335 18 18 2006402
457 342 4 4 120980
456 341 6 6 262551
455 340 8 8 447749
454 339 10 10 656076
453 338 12 12 939345
452 337 14 14 1250350
451 336 16 16 1606287
450 335 18 18 2028054
457 342 4 4 135806
456 341 6 6 260719
455 340 8 8 428948
454 339 10 10 646148
453 338 12 12 902775
452 337 14 14 1211923
451 336 16 16 1592712
450 335 18 18 1984132
457 342 4 4 124735
456 341 6 6 253097
455 340 8 8 430764
454 339 10 10 643118
453 338 12 12 910043
452 337 14 14 1224692
451 336 16 16 1589560
450 335 18 18 1985864
457 342 4 4 129435
456 341 6 6 253055
455 340 8 8 411371
454 339 10 10 624229
453 338 12 12 892990
452 337 14 14 1207224
451 336 16 16 1579020
450 335 18 18 1990844
457 342 4 4 123550
456 341 6 6 250655
455 340 8 8 414609
454 339 10 10 621164
453 338 12 12 888554
452 337 14 14 1211480
451 336 16 16 1576097
450 335 18 18 1977979
457 342 4 4 124180
456 341 6 6 245460
455 340 8 8 414663
454 339 10 10 643324
453 338 12 12 920150
452 337 14 14 1241982
451 336 16 16 1603564
450 335 18 18 2004477
457 342 4 4 127021
456 341 6 6 256925
455 340 8 8 424860
454 339 10 10 637491
453 338 12 12 916072
452 337 14 14 1222374
451 336 16 16 1582114
450 335 18 18 1979839
457 342 4 4 128008
456 341 6 6 253821
455 340 8 8 424636
454 339 10 10 640732
453 338 12 12 902389
452 337 14 14 1200097
451 336 16 16 1570958
450 335 18 18 1982486
457 342 4 4 125498
456 341 6 6 259148
455 340 8 8 430886
454 339 10 10 652118
453 338 12 12 901343
452 337 14 14 1222474
451 336 16 16 1577954
450 335 18 18 1989664
457 342 4 4 134160
456 341 6 6 266562
455 340 8 8 431643
454 339 10 10 650060
453 338 12 12 916391
452 337 14 14 1222850
451 336 16 16 1591569
450 335 18 18 2013869
457 342 4 4 128280
456 341 6 6 259342
455 340 8 8 428794
454 339 10 10 636358
453 338 12 12 904287
452 337 14 14 1228941
451 336 16 16 1575297
450 335 18 18 1984584
457 342 4 4 120522
456 341 6 6 244246
455 340 8 8 424164
454 339 10 10 643950
453 338 12 12 917366
452 337 14 14 1237303
451 336 16 16 1587442
450 335 18 18 1995293
457 342 4 4 127082
456 341 6 6 259446
455 340 8 8 436002
454 339 10 10 659161
453 338 12 12 918529
452 337 14 14 1230010
451 336 16 16 1596683
450 335 18 18 2003060
457 342 4 4 124234
456 341 6 6 247098
455 340 8 8 412675
454 339 10 10 630701
453 338 12 12 901358
452 337 14 14 1217537
451 336 16 16 1568938
450 335 18 18 1991875
457 342 4 4 128679
456 341 6 6 253642
455 340 8 8 424364
454 339 10 10 646140
453 338 12 12 914291
452 337 14 14 1234858
451 336 16 16 1591052
450 335 18 18 1995420
457 342 4 4 132147
456 341 6 6 259211
455 340 8 8 448659
454 339 10 10 668388
453 338 12 12 945059
452 337 14 14 1253074
451 336 16 16 1619475
450 335 18 18 2009234
457 342 4 4 129081
456 341 6 6 262408
455 340 8 8 433027
454 339 10 10 642948
453 338 12 12 899280
452 337 14 14 1216629
451 336 16 16 1586187
450 335 18 18 1993121
457 342 4 4 129615
456 341 6 6 258569
455 340 8 8 437709
454 339 10 10 668540
453 338 12 12 932348
452 337 14 14 1252987
451 336 16 16 1594177
450 335 18 18 1989025
457 342 4 4 136237
456 341 6 6 263052
455 340 8 8 436369
454 339 10 10 646319
453 338 12 12 902841
452 337 14 14 1202664
451 336 16 16 1550390
450 335 18 18 1959565
457 342 4 4 133307
456 341 6 6 266472
455 340 8 8 447525
454 339 10 10 678989
453 338 12 12 942187
452 337 14 14 1253561
451 336 16 16 1594220
450 335 18 18 2017087
457 342 4 4 130802
456 341 6 6 259582
455 340 8 8 436511
454 339 10 10 668717
453 338 12 12 944718
452 337 14 14 1255830
451 336 16 16 1596217
450 335 18 18 2004961
457 342 4 4 139447
456 341 6 6 259697
455 340 8 8 437463
454 339 10 10 661640
453 338 12 12 932062
452 337 14 14 1232968
451 336 16 16 1599746
450 335 18 18 2012100
457 342 4 4 129197
456 341 6 6 249810
455 340 8 8 410507
454 339 10 10 633425
453 338 12 12 899245
452 337 14 14 1208533
451 336 16 16 1581252
450 335 18 18 1991981
457 342 4 4 126002
456 341 6 6 258158
455 340 8 8 432367
454 339 10 10 645065
453 338 12 12 900440
452 337 14 14 1228480
451 336 16 16 1593398
450 335 18 18 2021605
457 342 4 4 124565
456 341 6 6 253282
455 340 8 8 430043
454 339 10 10 646048
453 338 12 12 914237
452 337 14 14 1228586
451 336 16 16 1576468
450 335 18 18 1989331
457 342 4 4 138171
456 341 6 6 269237
455 340 8 8 429288
454 339 10 10 642445
453 338 12 12 905388
452 337 14 14 1228192
451 336 16 16 1600307
450 335 18 18 2020379
457 342 4 4 131724
456 341 6 6 267048
455 340 8 8 442207
454 339 10 10 654768
453 338 12 12 915760
452 337 14 14 1226878
451 336 16 16 1597221
450 335 18 18 2012972
457 342 4 4 130405
456 341 6 6 266701
455 340 8 8 448627
454 339 10 10 658832
453 338 12 12 924010
452 337 14 14 1243592
451 336 16 16 1605508
450 335 18 18 2012433
457 342 4 4 132009
456 341 6 6 255852
455 340 8 8 427449
454 339 10 10 647267
453 338 12 12 910988
452 337 14 14 1235358
451 336 16 16 1592090
450 335 18 18 2011550
457 342 4 4 129989
456 341 6 6 267045
455 340 8 8 438252
454 339 10 10 663700
453 338 12 12 936602
452 337 14 14 1249702
451 336 16 16 1607767
450 335 18 18 2006776
457 342 4 4 128868
456 341 6 6 256986
455 340 8 8 427231
454 339 10 10 645331
453 338 12 12 925685
452 337 14 14 1255257
451 336 16 16 1623870
450 335 18 18 2029350
457 342 4 4 127602
456 341 6 6 256921
455 340 8 8 429146
454 339 10 10 648190
453 338 12 12 911986
452 337 14 14 1234516
451 336 16 16 1596091
450 335 18 18 2013311
457 342 4 4 130976
456 341 6 6 264731
455 340 8 8 433671
454 339 10 10 657547
453 338 12 12 911708
452 337 14 14 1221349
451 336 16 16 1606672
450 335 18 18 2021150
457 342 4 4 116621
456 341 6 6 257125
455 340 8 8 435738
454 339 10 10 646795
453 338 12 12 922780
452 337 14 14 1255355
451 336 16 16 1621019
450 335 18 18 2017269
457 342 4 4 132179
456 341 6 6 264408
455 340 8 8 436183
454 339 10 10 645589
453 338 12 12 897623
452 337 14 14 1210597
451 336 16 16 1560504
450 335 18 18 1997490
457 342 4 4 124258
456 341 6 6 257543
455 340 8 8 438514
454 339 10 10 664189
453 338 12 12 927797
452 337 14 14 1241402
451 336 16 16 1585342
450 335 18 18 2017555
457 342 4 4 123548
456 341 6 6 250798
455 340 8 8 416575
454 339 10 10 636752
453 338 12 12 899522
452 337 14 14 1207952
451 336 16 16 1586832
450 335 18 18 2000253
457 342 4 4 135033
456 341 6 6 268888
455 340 8 8 442991
454 339 10 10 653565
453 338 12 12 912558
452 337 14 14 1239499
451 336 16 16 1611609
450 335 18 18 2014997
457 342 4 4 126824
456 341 6 6 253991
455 340 8 8 421737
454 339 10 10 639161
453 338 12 12 890292
452 337 14 14 1219871
451 336 16 16 1576952
450 335 18 18 1979577
457 342 4 4 117127
456 341 6 6 255142
455 340 8 8 422020
454 339 10 10 639016
453 338 12 12 915031
452 337 14 14 1233235
451 336 16 16 1598463
450 335 18 18 1995788
457 342 4 4 126186
456 341 6 6 251786
455 340 8 8 421742
454 339 10 10 621238
453 338 12 12 883369
452 337 14 14 1201313
451 336 16 16 1559997
450 335 18 18 1956330
457 342 4 4 121213
456 341 6 6 260576
455 340 8 8 433140
454 339 10 10 650440
453 338 12 12 921081
452 337 14 14 1238565
451 336 16 16 1607630
450 335 18 18 2016739
457 342 4 4 125558
456 341 6 6 254976
455 340 8 8 430630
454 339 10 10 649428
453 338 12 12 913732
452 337 14 14 1225182
451 336 16 16 1573823
450 335 18 18 1985767
457 342 4 4 124158
456 341 6 6 251971
455 340 8 8 417920
454 339 10 10 642434
453 338 12 12 910578
452 337 14 14 1240710
451 336 16 16 1607162
450 335 18 18 2016192
457 342 4 4 133074
456 341 6 6 262611
455 340 8 8 439928
454 339 10 10 658281
453 338 12 12 912339
452 337 14 14 1217847
451 336 16 16 1575034
450 335 18 18 1990803
457 342 4 4 126659
456 341 6 6 253379
455 340 8 8 418056
454 339 10 10 624384
453 338 12 12 888262
452 337 14 14 1181880
451 336 16 16 1538840
450 335 18 18 1949199
457 342 4 4 125986
456 341 6 6 254724
455 340 8 8 431174
454 339 10 10 646825
453 338 12 12 908225
452 337 14 14 1218686
451 336 16 16 1586400
450 335 18 18 2009487
457 342 4 4 133725
456 341 6 6 270627
455 340 8 8 442578
454 339 10 10 665348
453 338 12 12 935295
452 337 14 14 1246975
451 336 16 16 1597273
450 335 18 18 2017113
457 342 4 4 125798
456 341 6 6 258008
455 340 8 8 437472
454 339 10 10 659691
453 338 12 12 936738
452 337 14 14 1234295
451 336 16 16 1578182
450 335 18 18 1985736
457 342 4 4 135238
456 341 6 6 277595
455 340 8 8 447415
454 339 10 10 686312
453 338 12 12 950983
452 337 14 14 1262272
451 336 16 16 1624048
450 335 18 18 2022027
457 342 4 4 130176
456 341 6 6 261916
455 340 8 8 441938
454 339 10 10 657737
453 338 12 12 913325
452 337 14 14 1209205
451 336 16 16 1561694
450 335 18 18 1961988
457 342 4 4 127324
456 341 6 6 260506
455 340 8 8 428571
454 339 10 10 654501
453 338 12 12 916964
452 337 14 14 1228936
451 336 16 16 1583877
450 335 18 18 1994137
457 342 4 4 128055
456 341 6 6 262084
455 340 8 8 431524
454 339 10 10 657377
453 338 12 12 921927
452 337 14 14 1213833
451 336 16 16 1569912
450 335 18 18 1974650
457 342 4 4 126826
456 341 6 6 253914
455 340 8 8 418827
454 339 10 10 630315
453 338 12 12 887097
452 337 14 14 1193119
451 336 16 16 1553747
450 335 18 18 1958254
457 342 4 4 133764
456 341 6 6 274674
455 340 8 8 449008
454 339 10 10 658248
453 338 12 12 929481
452 337 14 14 1235532
451 336 16 16 1573781
450 335 18 18 1972170
457 342 4 4 130571
456 341 6 6 261695
455 340 8 8 434434
454 339 10 10 659428
453 338 12 12 919607
452 337 14 14 1248865
451 336 16 16 1595928
450 335 18 18 2017246
457 342 4 4 123127
456 341 6 6 249282
455 340 8 8 416374
454 339 10 10 633186
453 338 12 12 891029
452 337 14 14 1217888
451 336 16 16 1549796
450 335 18 18 1942157
457 342 4 4 132216
456 341 6 6 258641
455 340 8 8 427967
454 339 10 10 644369
453 338 12 12 907338
452 337 14 14 1209975
451 336 16 16 1560789
450 335 18 18 1967549
457 342 4 4 122453
456 341 6 6 248292
455 340 8 8 410716
454 339 10 10 626859
453 338 12 12 886719
452 337 14 14 1194774
451 336 16 16 1556815
450 335 18 18 1950238
457 342 4 4 122938
456 341 6 6 267742
455 340 8 8 435720
454 339 10 10 653618
453 338 12 12 903378
452 337 14 14 1221134
451 336 16 16 1569895
450 335 18 18 1975828
457 342 4 4 134574
456 341 6 6 267985
455 340 8 8 444169
454 339 10 10 666651
453 338 12 12 914850
452 337 14 14 1226855
451 336 16 16 1603051
450 335 18 18 2027922
457 342 4 4 118257
456 341 6 6 245980
455 340 8 8 419444
454 339 10 10 640867
453 338 12 12 902176
452 337 14 14 1217620
451 336 16 16 1580534
450 335 18 18 2000724
457 342 4 4 126559
456 341 6 6 256599
455 340 8 8 429529
454 339 10 10 653484
453 338 12 12 899701
452 337 14 14 1212362
451 336 16 16 1573224
450 335 18 18 1978177
457 342 4 4 125803
456 341 6 6 258560
455 340 8 8 427828
454 339 10 10 650359
453 338 12 12 899682
452 337 14 14 1214244
451 336 16 16 1555203
450 335 18 18 1951046
457 342 4 4 131572
456 341 6 6 261382
455 340 8 8 438273
454 339 10 10 662293
453 338 12 12 936183
452 337 14 14 1237344
451 336 16 16 1601077
450 335 18 18 2017955
457 342 4 4 122801
456 341 6 6 262862
455 340 8 8 431453
454 339 10 10 646050
453 338 12 12 911093
452 337 14 14 1219596
451 336 16 16 1577259
450 335 18 18 1987990
457 342 4 4 130869
456 341 6 6 261340
455 340 8 8 425852
454 339 10 10 639249
453 338 12 12 885818
452 337 14 14 1197498
451 336 16 16 1543677
450 335 18 18 1968495
457 342 4 4 127570
456 341 6 6 264431
455 340 8 8 435972
454 339 10 10 644611
453 338 12 12 910507
452 337 14 14 1219904
451 336 16 16 1580841
450 335 18 18 1986395
457 342 4 4 124368
456 341 6 6 243311
455 340 8 8 409182
454 339 10 10 625348
453 338 12 12 890958
452 337 14 14 1200278
451 336 16 16 1558143
450 335 18 18 1963925
457 342 4 4 124686
456 341 6 6 242931
455 340 8 8 399726
454 339 10 10 608520
453 338 12 12 879601
452 337 14 14 1181964
451 336 16 16 1536611
450 335 18 18 1939657
457 342 4 4 128576
456 341 6 6 266414
455 340 8 8 443350
454 339 10 10 651274
453 338 12 12 902893
452 337 14 14 1219816
451 336 16 16 1572079
450 335 18 18 1981148
457 342 4 4 124658
456 341 6 6 256025
455 340 8 8 430170
454 339 10 10 655101
453 338 12 12 916100
452 337 14 14 1232113
451 336 16 16 1586146
450 335 18 18 2004049
457 342 4 4 127534
456 341 6 6 260171
455 340 8 8 435117
454 339 10 10 663056
453 338 12 12 925483
452 337 14 14 1229838
451 336 16 16 1598237
450 335 18 18 1988830
457 342 4 4 116799
456 341 6 6 246173
455 340 8 8 420058
454 339 10 10 631203
453 338 12 12 889238
452 337 14 14 1202645
451 336 16 16 1562346
450 335 18 18 1968089
457 342 4 4 132605
456 341 6 6 269891
455 340 8 8 432046
454 339 10 10 635280
453 338 12 12 905956
452 337 14 14 1216567
451 336 16 16 1579194
450 335 18 18 1987470
457 342 4 4 129269
456 341 6 6 263793
455 340 8 8 433051
454 339 10 10 653724
453 338 12 12 917513
452 337 14 14 1234564
451 336 16 16 1586919
450 335 18 18 1977200
457 342 4 4 135867
456 341 6 6 272568
455 340 8 8 436237
454 339 10 10 652591
453 338 12 12 899271
452 337 14 14 1206630
451 336 16 16 1556895
450 335 18 18 1950758
457 342 4 4 121616
456 341 6 6 246372
455 340 8 8 421367
454 339 10 10 633042
453 338 12 12 888143
452 337 14 14 1195218
451 336 16 16 1550374
450 335 18 18 1962366
457 342 4 4 118370
456 341 6 6 252617
455 340 8 8 417697
454 339 10 10 634366
453 338 12 12 904824
452 337 14 14 1232656
451 336 16 16 1598804
450 335 18 18 1987428
457 342 4 4 122342
456 341 6 6 239388
455 340 8 8 410594
454 339 10 10 621521
453 338 12 12 893362
452 337 14 14 1216940
451 336 16 16 1560115
450 335 18 18 1960031
457 342 4 4 129474
456 341 6 6 251627
455 340 8 8 427668
454 339 10 10 641664
453 338 12 12 898014
452 337 14 14 1196732
451 336 16 16 1551263
450 335 18 18 1966174
457 342 4 4 125404
456 341 6 6 257374
455 340 8 8 430640
454 339 10 10 643787
453 338 12 12 907148
452 337 14 14 1211247
451 336 16 16 1570608
450 335 18 18 1968143
457 342 4 4 125384
456 341 6 6 236265
455 340 8 8 396802
454 339 10 10 613542
453 338 12 12 865759
452 337 14 14 1165312
451 336 16 16 1528497
450 335 18 18 1924075
457 342 4 4 120763
456 341 6 6 252576
455 340 8 8 426160
454 339 10 10 654340
453 338 12 12 911082
452 337 14 14 1207230
451 336 16 16 1550759
450 335 18 18 1950895
457 342 4 4 122279
456 341 6 6 245504
455 340 8 8 405801
454 339 10 10 607993
453 338 12 12 855985
452 337 14 14 1161841
451 336 16 16 1512266
450 335 18 18 1921292
457 342 4 4 124328
456 341 6 6 256674
455 340 8 8 421048
454 339 10 10 623946
453 338 12 12 866833
452 337 14 14 1175697
451 336 16 16 1530167
450 335 18 18 1927071
457 342 4 4 123373
456 341 6 6 256983
455 340 8 8 431602
454 339 10 10 641743
453 338 12 12 897981
452 337 14 14 1213853
451 336 16 16 1572352
450 335 18 18 1984926
457 342 4 4 121605
456 341 6 6 246732
455 340 8 8 424111
454 339 10 10 630521
453 338 12 12 891625
452 337 14 14 1189185
451 336 16 16 1557831
450 335 18 18 1979224
457 342 4 4 126591
456 341 6 6 254823
455 340 8 8 432805
454 339 10 10 644318
453 338 12 12 906977
452 337 14 14 1215678
451 336 16 16 1575796
450 335 18 18 1964600
457 342 4 4 127548
456 341 6 6 256219
455 340 8 8 431520
454 339 10 10 645844
453 338 12 12 915795
452 337 14 14 1227959
451 336 16 16 1595312
450 335 18 18 2009730
457 342 4 4 140682
456 341 6 6 271889
455 340 8 8 430769
454 339 10 10 648498
453 338 12 12 912493
452 337 14 14 1213096
451 336 16 16 1562864
450 335 18 18 1972882
457 342 4 4 118927
456 341 6 6 247259
455 340 8 8 413954
454 339 10 10 618510
453 338 12 12 864229
452 337 14 14 1169453
451 336 16 16 1520585
450 335 18 18 1930184
457 342 4 4 128174
456 341 6 6 254737
455 340 8 8 414663
454 339 10 10 635132
453 338 12 12 902128
452 337 14 14 1237407
451 336 16 16 1585801
450 335 18 18 2003491
457 342 4 4 120129
456 341 6 6 254522
455 340 8 8 433896
454 339 10 10 648164
453 338 12 12 904262
452 337 14 14 1230745
451 336 16 16 1581512
450 335 18 18 1955539
457 342 4 4 125767
456 341 6 6 253379
455 340 8 8 425608
454 339 10 10 636743
453 338 12 12 897960
452 337 14 14 1206922
451 336 16 16 1576007
450 335 18 18 1976369
457 342 4 4 119900
456 341 6 6 253918
455 340 8 8 424427
454 339 10 10 623076
453 338 12 12 879103
452 337 14 14 1188810
451 336 16 16 1565400
450 335 18 18 1966170
457 342 4 4 126748
456 341 6 6 254298
455 340 8 8 423779
454 339 10 10 641266
453 338 12 12 907225
452 337 14 14 1204456
451 336 16 16 1576830
450 335 18 18 1980137
457 342 4 4 121509
456 341 6 6 252551
455 340 8 8 421876
454 339 10 10 633467
453 338 12 12 881591
452 337 14 14 1187127
451 336 16 16 1555462
450 335 18 18 1946546
457 342 4 4 131301
456 341 6 6 264678
455 340 8 8 443021
454 339 10 10 654839
453 338 12 12 911165
452 337 14 14 1221215
451 336 16 16 1567167
450 335 18 18 1953736
457 342 4 4 135015
456 341 6 6 264028
455 340 8 8 441893
454 339 10 10 670424
453 338 12 12 924900
452 337 14 14 1231549
451 336 16 16 1568607
450 335 18 18 1969956
457 342 4 4 135603
456 341 6 6 255562
455 340 8 8 426236
454 339 10 10 641189
453 338 12 12 916400
452 337 14 14 1220028
451 336 16 16 1578097
450 335 18 18 1981728
457 342 4 4 130562
456 341 6 6 260781
455 340 8 8 437350
454 339 10 10 663088
453 338 12 12 922723
452 337 14 14 1230959
451 336 16 16 1602491
450 335 18 18 1976996
457 342 4 4 120309
456 341 6 6 251564
455 340 8 8 419192
454 339 10 10 632144
453 338 12 12 886016
452 337 14 14 1203672
451 336 16 16 1568291
450 335 18 18 1968072
457 342 4 4 125929
456 341 6 6 263480
455 340 8 8 423950
454 339 10 10 638340
453 338 12 12 897475
452 337 14 14 1192172
451 336 16 16 1552449
450 335 18 18 1936080
457 342 4 4 126198
456 341 6 6 258603
455 340 8 8 422220
454 339 10 10 632599
453 338 12 12 906530
452 337 14 14 1202605
451 336 16 16 1529365
450 335 18 18 1932647
457 342 4 4 126683
456 341 6 6 247785
455 340 8 8 420725
454 339 10 10 636150
453 338 12 12 905407
452 337 14 14 1218097
451 336 16 16 1581032
450 335 18 18 1979461
457 342 4 4 121173
456 341 6 6 250516
455 340 8 8 419181
454 339 10 10 624138
453 338 12 12 879751
452 337 14 14 1179969
451 336 16 16 1539309
450 335 18 18 1936315
457 342 4 4 130030
456 341 6 6 259759
455 340 8 8 431739
454 339 10 10 638799
453 338 12 12 911782
452 337 14 14 1213488
451 336 16 16 1567671
450 335 18 18 1967905
457 342 4 4 127683
456 341 6 6 259355
455 340 8 8 423920
454 339 10 10 640023
453 338 12 12 894742
452 337 14 14 1191694
451 336 16 16 1560431
450 335 18 18 1952140
457 342 4 4 131475
456 341 6 6 270746
455 340 8 8 450618
454 339 10 10 668263
453 338 12 12 936239
452 337 14 14 1251161
451 336 16 16 1618186
450 335 18 18 2042182
457 342 4 4 118045
456 341 6 6 255072
455 340 8 8 417787
454 339 10 10 629410
453 338 12 12 869652
452 337 14 14 1178785
451 336 16 16 1539985
450 335 18 18 1931258
457 342 4 4 111442
456 341 6 6 246804
455 340 8 8 418448
454 339 10 10 636622
453 338 12 12 891496
452 337 14 14 1189804
451 336 16 16 1529208
450 335 18 18 1930001
457 342 4 4 127556
456 341 6 6 245364
455 340 8 8 410821
454 339 10 10 619475
453 338 12 12 874887
452 337 14 14 1185160
451 336 16 16 1530142
450 335 18 18 1939090
457 342 4 4 123540
456 341 6 6 241263
455 340 8 8 400376
454 339 10 10 612099
453 338 12 12 859997
452 337 14 14 1165124
451 336 16 16 1520425
450 335 18 18 1937211
457 342 4 4 115434
456 341 6 6 234453
455 340 8 8 408214
454 339 10 10 624987
453 338 12 12 887708
452 337 14 14 1198298
451 336 16 16 1543388
450 335 18 18 1931831
457 342 4 4 127434
456 341 6 6 255456
455 340 8 8 430707
454 339 10 10 646808
453 338 12 12 904280
452 337 14 14 1194720
451 336 16 16 1547694
450 335 18 18 1950192
457 342 4 4 121803
456 341 6 6 253257
455 340 8 8 436986
454 339 10 10 654368
453 338 12 12 906465
452 337 14 14 1205901
451 336 16 16 1553768
450 335 18 18 1959273
457 342 4 4 117939
456 341 6 6 259252
455 340 8 8 443993
454 339 10 10 657777
453 338 12 12 926856
452 337 14 14 1226285
451 336 16 16 1592868
450 335 18 18 1995020
457 342 4 4 116887
456 341 6 6 243539
455 340 8 8 401575
454 339 10 10 612810
453 338 12 12 873649
452 337 14 14 1177430
451 336 16 16 1519437
450 335 18 18 1911629
457 342 4 4 121404
456 341 6 6 239429
455 340 8 8 414073
454 339 10 10 635048
453 338 12 12 887720
452 337 14 14 1180438
451 336 16 16 1529132
450 335 18 18 1929920
457 342 4 4 123708
456 341 6 6 252879
455 340 8 8 417716
454 339 10 10 640192
453 338 12 12 883061
452 337 14 14 1183900
451 336 16 16 1536153
450 335 18 18 1929929
457 342 4 4 126533
456 341 6 6 244377
455 340 8 8 394737
454 339 10 10 607927
453 338 12 12 862934
452 337 14 14 1162083
451 336 16 16 1513773
450 335 18 18 1928140
457 342 4 4 121353
456 341 6 6 247557
455 340 8 8 402837
454 339 10 10 618158
453 338 12 12 875319
452 337 14 14 1175885
451 336 16 16 1530257
450 335 18 18 1933694
457 342 4 4 122371
456 341 6 6 246473
455 340 8 8 419119
454 339 10 10 621650
453 338 12 12 886829
452 337 14 14 1203686
451 336 16 16 1556825
450 335 18 18 1960857
457 342 4 4 132199
456 341 6 6 259575
455 340 8 8 422921
454 339 10 10 633248
453 338 12 12 881638
452 337 14 14 1190410
451 336 16 16 1537291
450 335 18 18 1955776
457 342 4 4 121739
456 341 6 6 251666
455 340 8 8 414242
454 339 10 10 634291
453 338 12 12 902561
452 337 14 14 1206004
451 336 16 16 1563032
450 335 18 18 1956122
457 342 4 4 126833
456 341 6 6 250678
455 340 8 8 424896
454 339 10 10 637357
453 338 12 12 895778
452 337 14 14 1205000
451 336 16 16 1548835
450 335 18 18 1950117
457 342 4 4 117746
456 341 6 6 249666
455 340 8 8 419607
454 339 10 10 635806
453 338 12 12 891157
452 337 14 14 1205486
451 336 16 16 1554269
450 335 18 18 1967498
457 342 4 4 127626
456 341 6 6 256548
455 340 8 8 425360
454 339 10 10 637531
453 338 12 12 897112
452 337 14 14 1200299
451 336 16 16 1551488
450 335 18 18 1960346
457 342 4 4 126599
456 341 6 6 255911
455 340 8 8 423987
454 339 10 10 630312
453 338 12 12 894963
452 337 14 14 1206556
451 336 16 16 1570081
450 335 18 18 1966968
457 342 4 4 128632
456 341 6 6 261047
455 340 8 8 431877
454 339 10 10 656110
453 338 12 12 917884
452 337 14 14 1207387
451 336 16 16 1562791
450 335 18 18 1939087
457 342 4 4 124864
456 341 6 6 257392
455 340 8 8 440044
454 339 10 10 659969
453 338 12 12 925294
452 337 14 14 1225655
451 336 16 16 1573000
450 335 18 18 1961393
457 342 4 4 124150
456 341 6 6 257511
455 340 8 8 422545
454 339 10 10 615282
453 338 12 12 867581
452 337 14 14 1168743
451 336 16 16 1512092
450 335 18 18 1906946
457 342 4 4 128008
456 341 6 6 242512
455 340 8 8 409711
454 339 10 10 620869
453 338 12 12 881242
452 337 14 14 1180399
451 336 16 16 1532351
450 335 18 18 1925173
457 342 4 4 124765
456 341 6 6 243631
455 340 8 8 415920
454 339 10 10 622601
453 338 12 12 885944
452 337 14 14 1182479
451 336 16 16 1528271
450 335 18 18 1941485
457 342 4 4 123572
456 341 6 6 257061
455 340 8 8 436607
454 339 10 10 651768
453 338 12 12 905896
452 337 14 14 1203084
451 336 16 16 1560713
450 335 18 18 1968511
457 342 4 4 119918
456 341 6 6 254580
455 340 8 8 435928
454 339 10 10 654984
453 338 12 12 918308
452 337 14 14 1213225
451 336 16 16 1553323
450 335 18 18 1938538
457 342 4 4 124425
456 341 6 6 251590
455 340 8 8 424215
454 339 10 10 646098
453 338 12 12 886517
452 337 14 14 1209982
451 336 16 16 1570136
450 335 18 18 1964804
457 342 4 4 120780
456 341 6 6 250162
455 340 8 8 420103
454 339 10 10 633340
453 338 12 12 891799
452 337 14 14 1195157
451 336 16 16 1541531
450 335 18 18 1955799
457 342 4 4 124801
456 341 6 6 257674
455 340 8 8 417374
454 339 10 10 641909
453 338 12 12 897377
452 337 14 14 1219132
451 336 16 16 1557427
450 335 18 18 1952489
457 342 4 4 126208
456 341 6 6 250162
455 340 8 8 434061
454 339 10 10 647537
453 338 12 12 886614
452 337 14 14 1174426
451 336 16 16 1516159
450 335 18 18 1914368
457 342 4 4 129459
456 341 6 6 258792
455 340 8 8 430191
454 339 10 10 642015
453 338 12 12 915530
452 337 14 14 1207055
451 336 16 16 1557573
450 335 18 18 1954390
457 342 4 4 135052
456 341 6 6 251521
455 340 8 8 419420
454 339 10 10 630958
453 338 12 12 889303
452 337 14 14 1207799
451 336 16 16 1559774
450 335 18 18 1963447
457 342 4 4 133878
456 341 6 6 265021
455 340 8 8 441522
454 339 10 10 658793
453 338 12 12 921989
452 337 14 14 1231333
451 336 16 16 1586990
450 335 18 18 2008691
457 342 4 4 119159
456 341 6 6 240899
455 340 8 8 419697
454 339 10 10 626743
453 338 12 12 878431
452 337 14 14 1179313
451 336 16 16 1530966
450 335 18 18 1946962
457 342 4 4 124436
456 341 6 6 255609
455 340 8 8 422098
454 339 10 10 639168
453 338 12 12 895183
452 337 14 14 1197630
451 336 16 16 1552691
450 335 18 18 1940910
457 342 4 4 129254
456 341 6 6 259834
455 340 8 8 422315
454 339 10 10 635799
453 338 12 12 905989
452 337 14 14 1214543
451 336 16 16 1564220
450 335 18 18 1981303
457 342 4 4 119798
456 341 6 6 240297
455 340 8 8 399954
454 339 10 10 618749
453 338 12 12 869044
452 337 14 14 1173370
451 336 16 16 1513093
450 335 18 18 1918284
457 342 4 4 130643
456 341 6 6 267297
455 340 8 8 435784
454 339 10 10 640680
453 338 12 12 900687
452 337 14 14 1221561
451 336 16 16 1567512
450 335 18 18 1958903
457 342 4 4 126515
456 341 6 6 260405
455 340 8 8 421883
454 339 10 10 625239
453 338 12 12 891738
452 337 14 14 1201964
451 336 16 16 1569597
450 335 18 18 1972644
457 342 4 4 121769
456 341 6 6 246075
455 340 8 8 415701
454 339 10 10 619433
453 338 12 12 879503
452 337 14 14 1171846
451 336 16 16 1538159
450 335 18 18 1936377
457 342 4 4 126693
456 341 6 6 257756
455 340 8 8 439800
454 339 10 10 664489
453 338 12 12 920849
452 337 14 14 1233188
451 336 16 16 1590605
450 335 18 18 1987892
457 342 4 4 126347
456 341 6 6 256583
455 340 8 8 433581
454 339 10 10 652573
453 338 12 12 923917
452 337 14 14 1236601
451 336 16 16 1579465
450 335 18 18 1981254
457 342 4 4 125287
456 341 6 6 262390
455 340 8 8 432667
454 339 10 10 658429
453 338 12 12 914148
452 337 14 14 1220978
451 336 16 16 1596851
450 335 18 18 2008442
457 342 4 4 120604
456 341 6 6 255482
455 340 8 8 421198
454 339 10 10 631736
453 338 12 12 900316
452 337 14 14 1213949
451 336 16 16 1580663
450 335 18 18 1993322
457 342 4 4 131730
456 341 6 6 263011
455 340 8 8 437927
454 339 10 10 661999
453 338 12 12 925230
452 337 14 14 1235404
451 336 16 16 1592136
450 335 18 18 1996975
457 342 4 4 122942
456 341 6 6 248607
455 340 8 8 412226
454 339 10 10 631799
453 338 12 12 896889
452 337 14 14 1202669
451 336 16 16 1558957
450 335 18 18 1960728
457 342 4 4 115087
456 341 6 6 233588
455 340 8 8 405958
454 339 10 10 611066
453 338 12 12 865665
452 337 14 14 1180649
451 336 16 16 1531096
450 335 18 18 1931067
457 342 4 4 119319
456 341 6 6 243216
455 340 8 8 407712
454 339 10 10 621123
453 338 12 12 882751
452 337 14 14 1197744
451 336 16 16 1562801
450 335 18 18 1963247
457 342 4 4 122520
456 341 6 6 244178
455 340 8 8 418970
454 339 10 10 636937
453 338 12 12 902042
452 337 14 14 1217790
451 336 16 16 1567155
450 335 18 18 1951753
457 342 4 4 114572
456 341 6 6 243429
455 340 8 8 416138
454 339 10 10 629373
453 338 12 12 899157
452 337 14 14 1189953
451 336 16 16 1545394
450 335 18 18 1959709
457 342 4 4 143388
456 341 6 6 273004
455 340 8 8 433434
454 339 10 10 642272
453 338 12 12 902593
452 337 14 14 1205305
451 336 16 16 1562101
450 335 18 18 1970677
457 342 4 4 123822
456 341 6 6 251800
455 340 8 8 415064
454 339 10 10 612649
453 338 12 12 863097
452 337 14 14 1159005
451 336 16 16 1505152
450 335 18 18 1905483
457 342 4 4 125805
456 341 6 6 251860
455 340 8 8 430401
454 339 10 10 643887
453 338 12 12 900285
452 337 14 14 1184540
451 336 16 16 1533789
450 335 18 18 1950195
457 342 4 4 112146
456 341 6 6 240389
455 340 8 8 405240
454 339 10 10 621401
453 338 12 12 860958
452 337 14 14 1155883
451 336 16 16 1524906
450 335 18 18 1920910
457 342 4 4 118526
456 341 6 6 239012
455 340 8 8 406764
454 339 10 10 615333
453 338 12 12 871299
452 337 14 14 1175139
451 336 16 16 1529398
450 335 18 18 1940121
457 342 4 4 129269
456 341 6 6 256063
455 340 8 8 429499
454 339 10 10 649675
453 338 12 12 912253
452 337 14 14 1227213
451 336 16 16 1600665
450 335 18 18 2003309
457 342 4 4 128059
456 341 6 6 256317
455 340 8 8 439117
454 339 10 10 640673
453 338 12 12 906612
452 337 14 14 1198855
451 336 16 16 1543443
450 335 18 18 1950550
457 342 4 4 112231
456 341 6 6 246306
455 340 8 8 421893
454 339 10 10 633376
453 338 12 12 893371
452 337 14 14 1204348
451 336 16 16 1553917
450 335 18 18 1960975
457 342 4 4 122457
456 341 6 6 256551
455 340 8 8 416862
454 339 10 10 634834
453 338 12 12 861589
452 337 14 14 1168968
451 336 16 16 1529496
450 335 18 18 1925205
457 342 4 4 127311
456 341 6 6 266173
455 340 8 8 431361
454 339 10 10 634389
453 338 12 12 880602
452 337 14 14 1190047
451 336 16 16 1542979
450 335 18 18 1945926
457 342 4 4 135590
456 341 6 6 268241
455 340 8 8 451976
454 339 10 10 670720
453 338 12 12 935635
452 337 14 14 1230699
451 336 16 16 1568676
450 335 18 18 1970256
457 342 4 4 116338
456 341 6 6 239924
455 340 8 8 417100
454 339 10 10 628046
453 338 12 12 899846
452 337 14 14 1216905
451 336 16 16 1560541
450 335 18 18 1978762
457 342 4 4 137369
456 341 6 6 262170
455 340 8 8 425239
454 339 10 10 644564
453 338 12 12 908312
452 337 14 14 1209623
451 336 16 16 1561462
450 335 18 18 1954784
457 342 4 4 118386
456 341 6 6 244678
455 340 8 8 417245
454 339 10 10 628153
453 338 12 12 886267
452 337 14 14 1190552
451 336 16 16 1543181
450 335 18 18 1961825
457 342 4 4 117579
456 341 6 6 247863
455 340 8 8 418653
454 339 10 10 639816
453 338 12 12 900132
452 337 14 14 1217509
451 336 16 16 1565095
450 335 18 18 1970905
457 342 4 4 125043
456 341 6 6 254842
455 340 8 8 428612
454 339 10 10 640966
453 338 12 12 913038
452 337 14 14 1205999
451 336 16 16 1562827
450 335 18 18 1976828
457 342 4 4 121798
456 341 6 6 250318
455 340 8 8 427343
454 339 10 10 636228
453 338 12 12 895230
452 337 14 14 1173599
451 336 16 16 1515299
450 335 18 18 1904122
457 342 4 4 125729
456 341 6 6 261086
455 340 8 8 432571
454 339 10 10 654952
453 338 12 12 920552
452 337 14 14 1214615
451 336 16 16 1558629
450 335 18 18 1951001
457 342 4 4 130468
456 341 6 6 248736
455 340 8 8 422137
454 339 10 10 626868
453 338 12 12 888720
452 337 14 14 1198610
451 336 16 16 1545424
450 335 18 18 1929233
457 342 4 4 128936
456 341 6 6 255652
455 340 8 8 420487
454 339 10 10 639276
453 338 12 12 921132
452 337 14 14 1232987
451 336 16 16 1574269
450 335 18 18 1972792
457 342 4 4 129660
456 341 6 6 249513
455 340 8 8 420337
454 339 10 10 625535
453 338 12 12 884031
452 337 14 14 1204527
451 336 16 16 1541122
450 335 18 18 1946816
457 342 4 4 116781
456 341 6 6 233787
455 340 8 8 409627
454 339 10 10 618574
453 338 12 12 871140
452 337 14 14 1156141
451 336 16 16 1517441
450 335 18 18 1900560
457 342 4 4 125104
456 341 6 6 247706
455 340 8 8 414766
454 339 10 10 622709
453 338 12 12 876242
452 337 14 14 1180338
451 336 16 16 1510954
450 335 18 18 1920732
457 342 4 4 119708
456 341 6 6 242014
455 340 8 8 406121
454 339 10 10 630182
453 338 12 12 889886
452 337 14 14 1189065
451 336 16 16 1539111
450 335 18 18 1951672
457 342 4 4 128284
456 341 6 6 255663
455 340 8 8 414540
454 339 10 10 641751
453 338 12 12 915103
452 337 14 14 1229090
451 336 16 16 1572951
450 335 18 18 1985486
457 342 4 4 122571
456 341 6 6 255244
455 340 8 8 423245
454 339 10 10 635678
453 338 12 12 888690
452 337 14 14 1197702
451 336 16 16 1549953
450 335 18 18 1962463
457 342 4 4 136919
456 341 6 6 258401
455 340 8 8 413624
454 339 10 10 627360
453 338 12 12 882780
452 337 14 14 1193232
451 336 16 16 1559612
450 335 18 18 1942231
457 342 4 4 127441
456 341 6 6 258445
455 340 8 8 433192
454 339 10 10 646474
453 338 12 12 905335
452 337 14 14 1221839
451 336 16 16 1568756
450 335 18 18 1962400
457 342 4 4 124298
456 341 6 6 253495
455 340 8 8 426785
454 339 10 10 641602
453 338 12 12 884087
452 337 14 14 1208157
451 336 16 16 1542159
450 335 18 18 1949235
457 342 4 4 125846
456 341 6 6 257209
455 340 8 8 421773
454 339 10 10 647640
453 338 12 12 907993
452 337 14 14 1215006
451 336 16 16 1568351
450 335 18 18 1978293
457 342 4 4 121642
456 341 6 6 253260
455 340 8 8 423624
454 339 10 10 635821
453 338 12 12 897861
452 337 14 14 1218732
451 336 16 16 1560061
450 335 18 18 1976146
457 342 4 4 119916
456 341 6 6 249873
455 340 8 8 421687
454 339 10 10 640697
453 338 12 12 903119
452 337 14 14 1213012
451 336 16 16 1565435
450 335 18 18 1952398
457 342 4 4 114799
456 341 6 6 234479
455 340 8 8 402391
454 339 10 10 597896
453 338 12 12 847517
452 337 14 14 1159959
451 336 16 16 1523859
450 335 18 18 1919949
457 342 4 4 124580
456 341 6 6 246436
455 340 8 8 424173
454 339 10 10 643199
453 338 12 12 895354
452 337 14 14 1208000
451 336 16 16 1561926
450 335 18 18 1967522
457 342 4 4 123695
456 341 6 6 242326
455 340 8 8 412699
454 339 10 10 634607
453 338 12 12 896339
452 337 14 14 1199036
451 336 16 16 1553242
450 335 18 18 1955823
457 342 4 4 128285
456 341 6 6 265165
455 340 8 8 431095
454 339 10 10 637349
453 338 12 12 902441
452 337 14 14 1200893
451 336 16 16 1540734
450 335 18 18 1965112
457 342 4 4 114219
456 341 6 6 236770
455 340 8 8 408696
454 339 10 10 627539
453 338 12 12 880830
452 337 14 14 1183456
451 336 16 16 1523918
450 335 18 18 1935945
457 342 4 4 116629
456 341 6 6 238386
455 340 8 8 398929
454 339 10 10 618105
453 338 12 12 879395
452 337 14 14 1175118
451 336 16 16 1523447
450 335 18 18 1931772
457 342 4 4 118813
456 341 6 6 242065
455 340 8 8 404973
454 339 10 10 619786
453 338 12 12 879293
452 337 14 14 1192898
451 336 16 16 1533717
450 335 18 18 1921852
457 342 4 4 120482
456 341 6 6 244010
455 340 8 8 404325
454 339 10 10 614291
453 338 12 12 872555
452 337 14 14 1176659
451 336 16 16 1521115
450 335 18 18 1926602
457 342 4 4 123068
456 341 6 6 255904
455 340 8 8 421178
454 339 10 10 637274
453 338 12 12 903588
452 337 14 14 1229199
451 336 16 16 1595351
450 335 18 18 2013824
457 342 4 4 128217
456 341 6 6 261302
455 340 8 8 434685
454 339 10 10 647744
453 338 12 12 911767
452 337 14 14 1223975
451 336 16 16 1571736
450 335 18 18 1991998
457 342 4 4 120477
456 341 6 6 252394
455 340 8 8 426783
454 339 10 10 639606
453 338 12 12 909519
452 337 14 14 1209597
451 336 16 16 1556386
450 335 18 18 1958860
457 342 4 4 124076
456 341 6 6 251633
455 340 8 8 418641
454 339 10 10 640476
453 338 12 12 895324
452 337 14 14 1201712
451 336 16 16 1552663
450 335 18 18 1955087
457 342 4 4 121427
456 341 6 6 241877
455 340 8 8 411842
454 339 10 10 626111
453 338 12 12 874160
452 337 14 14 1179020
451 336 16 16 1523275
450 335 18 18 1935842
457 342 4 4 118492
456 341 6 6 252011
455 340 8 8 401905
454 339 10 10 619725
453 338 12 12 870257
452 337 14 14 1177828
451 336 16 16 1543932
450 335 18 18 1941582
457 342 4 4 124043
456 341 6 6 247220
455 340 8 8 407798
454 339 10 10 616495
453 338 12 12 864008
452 337 14 14 1170582
451 336 16 16 1523720
450 335 18 18 1911970
457 342 4 4 125257
456 341 6 6 244244
455 340 8 8 419368
454 339 10 10 633980
453 338 12 12 883411
452 337 14 14 1179515
451 336 16 16 1534912
450 335 18 18 1942322
457 342 4 4 126987
456 341 6 6 260028
455 340 8 8 431534
454 339 10 10 637049
453 338 12 12 891206
452 337 14 14 1185704
451 336 16 16 1545333
450 335 18 18 1932919
457 342 4 4 129889
456 341 6 6 253231
455 340 8 8 419926
454 339 10 10 619895
453 338 12 12 886782
452 337 14 14 1198665
451 336 16 16 1552331
450 335 18 18 1952796
457 342 4 4 113457
456 341 6 6 240083
455 340 8 8 410390
454 339 10 10 610681
453 338 12 12 858803
452 337 14 14 1160767
451 336 16 16 1513893
450 335 18 18 1908679
457 342 4 4 130582
456 341 6 6 256897
455 340 8 8 416446
454 339 10 10 629870
453 338 12 12 887905
452 337 14 14 1194313
451 336 16 16 1538415
450 335 18 18 1932442
457 342 4 4 127473
456 341 6 6 258335
455 340 8 8 438212
454 339 10 10 655221
453 338 12 12 904348
452 337 14 14 1222351
451 336 16 16 1597627
450 335 18 18 1997774
457 342 4 4 116870
456 341 6 6 242871
455 340 8 8 408850
454 339 10 10 620558
453 338 12 12 874972
452 337 14 14 1185260
451 336 16 16 1544056
450 335 18 18 1942992
457 342 4 4 124311
456 341 6 6 256584
455 340 8 8 432239
454 339 10 10 658597
453 338 12 12 908509
452 337 14 14 1202344
451 336 16 16 1542534
450 335 18 18 1953012
457 342 4 4 125291
456 341 6 6 258350
455 340 8 8 426830
454 339 10 10 638466
453 338 12 12 893231
452 337 14 14 1207241
451 336 16 16 1552375
450 335 18 18 1943488
457 342 4 4 122604
456 341 6 6 248993
455 340 8 8 413097
454 339 10 10 622704
453 338 12 12 881314
452 337 14 14 1190109
451 336 16 16 1532219
450 335 18 18 1916644
457 342 4 4 130602
456 341 6 6 248764
455 340 8 8 410567
454 339 10 10 631289
453 338 12 12 889769
452 337 14 14 1195830
451 336 16 16 1532331
450 335 18 18 1937847
457 342 4 4 124744
456 341 6 6 256282
455 340 8 8 423066
454 339 10 10 628859
453 338 12 12 888438
452 337 14 14 1185220
451 336 16 16 1536345
450 335 18 18 1940586
457 342 4 4 128746
456 341 6 6 254774
455 340 8 8 420508
454 339 10 10 623826
453 338 12 12 876983
452 337 14 14 1203652
451 336 16 16 1551952
450 335 18 18 1959629
457 342 4 4 113733
456 341 6 6 248895
455 340 8 8 415874
454 339 10 10 629384
453 338 12 12 873626
452 337 14 14 1181154
451 336 16 16 1552705
450 335 18 18 1964039
457 342 4 4 129829
456 341 6 6 258026
455 340 8 8 436866
454 339 10 10 638088
453 338 12 12 895753
452 337 14 14 1209292
451 336 16 16 1558938
450 335 18 18 1952760
457 342 4 4 127248
456 341 6 6 256055
455 340 8 8 430007
454 339 10 10 629605
453 338 12 12 894798
452 337 14 14 1191257
451 336 16 16 1560187
450 335 18 18 1953610
457 342 4 4 116569
456 341 6 6 233677
455 340 8 8 402262
454 339 10 10 604545
453 338 12 12 854681
452 337 14 14 1178480
451 336 16 16 1516447
450 335 18 18 1915479
457 342 4 4 120677
456 341 6 6 247626
455 340 8 8 417735
454 339 10 10 625711
453 338 12 12 877082
452 337 14 14 1188103
451 336 16 16 1546094
450 335 18 18 1938908
457 342 4 4 130145
456 341 6 6 259607
455 340 8 8 427460
454 339 10 10 633388
453 338 12 12 890059
452 337 14 14 1193543
451 336 16 16 1532653
450 335 18 18 1918265
457 342 4 4 119692
456 341 6 6 242656
455 340 8 8 403394
454 339 10 10 610199
453 338 12 12 869320
452 337 14 14 1169248
451 336 16 16 1513274
450 335 18 18 1909331
457 342 4 4 125612
456 341 6 6 256787
455 340 8 8 428837
454 339 10 10 638471
453 338 12 12 887489
452 337 14 14 1185070
451 336 16 16 1536028
450 335 18 18 1933876
457 342 4 4 120187
456 341 6 6 233299
455 340 8 8 400207
454 339 10 10 623207
453 338 12 12 879785
452 337 14 14 1174154
451 336 16 16 1515496
450 335 18 18 1904362
