TOT AVE RATIO:
1.1115792523935473
CALIBRATION CONSTANT:
0.6565792523935473
22.56309557869477
24.733594992176382
23.9377742418904
34.69191123162517
22.906493735612422
35.50571205820378
27.47837349506488
24.07908102010111
33.7176739208334
18.047667983980457
8.36106765770112
21.853842913559784
25.464124445629444
24.067637713789598
19.055909502503766
29.52328816063113
25.101018203370185
31.960152042480722
14.803489020955622
22.11133599820071
23.64982208460275
29.163268116548238
20.958763710470357
26.023704875775067
15.95401474752016
23.47916809826103
30.425529103693663
18.036006071630286
26.24310074693348
11.207489498101122
25.937495795597975
30.761742056235363
24.108867237599547
31.082071672016404
40.63627120797033
20.468509157530043
20.93033291061057
24.228769437730584
21.632085324797522
28.786110009732475
26.358651989730806
9.622235341884513
44.82209927171368
21.674754157856214
26.586105456710346
18.243458211191538
29.6224343724408
28.23448852278568
16.326532927702527
25.597329404000075
36.188658864540685
20.78031122670197
16.21322042039439
8.074715209870243
4.690568662470521
25.172891007000693
16.307068365788744
31.03041315954494
16.39712086476631
24.98625532720078
28.08448079584559
22.356474288946973
31.765936199898956
27.221069949780343
18.636458675040174
16.556080251849753
22.532484000344116
23.220374778782396
18.822601770099237
24.33455812862309
44.78979528094924
18.509037139046214
29.93835565871579
24.59114556459716
41.5970470702527
21.251203371923836
12.67678107130919
23.961493260664316
30.931799713607028
30.26545933215161
21.486462704854166
14.623485957038662
34.04080049924743
25.767052034732277
43.72912959044785
43.63240575524594
23.2901053771725
26.415091064561892
33.292838213145636
15.475754725070457
29.711932075255287
27.424669281212335
21.953153860748518
21.21533940181069
25.94393300513931
30.284860443387007
26.58067775513069
34.75682372042768
15.3760420684812
25.854240531306132
20.381795146007892
22.867298439393675
28.127131364688125
26.890723932373113
30.457872369785555
29.339455290631484
46.18175632316179
31.629883082507686
24.254647255258977
27.617367212105403
41.760075594893486
26.65148432850782
21.888228839270433
28.388098349613365
23.66572009734803
15.781752319022655
40.54289097786759
19.033518402178842
21.1836045327212
29.62905940045628
33.826374639814205
22.482313823138067
26.582777227584785
33.01123424938411
22.67474374809984
25.956743865914394
24.980082771754805
29.03938244189029
36.293093250518766
29.920927304913633
32.17465528073711
25.552893788646465
15.69758322778631
24.49032426228852
26.771312623007045
28.96640302019787
23.19382855550257
32.613691698468
20.014839463235262
18.17849712928534
18.626698718014836
26.688676509429317
27.15103119453219
36.78165610506214
30.517165231754944
23.36088446658718
20.984383839968043
23.391165859128176
20.894783973373837
22.61350058382373
21.489940595930047
32.88200498214442
12.013293774128888
18.551247518848786
13.493484087006971
29.193317012179737
28.06244337090422
28.978789242878086
31.167732118422645
19.81157155692742
22.189996322544072
13.321063678673763
23.786634999466173
28.92402869621106
16.758078889813135
35.11670686240649
34.650163620491476
18.51322427047908
32.592038536662784
24.021606643334245
26.902072476463026
29.100017583722835
24.59132922359114
27.789625528933374
22.62906119744806
23.529599144938054
33.14329567623317
35.12046980661207
29.342206048606304
30.24356035550577
24.447023037146444
22.561495866866817
32.81023068573043
30.421263082064208
20.074499870602956
32.675920558590555
23.42577586906758
27.16144323351145
25.915033437534106
17.608502051338963
29.55157527871951
18.049660752396473
21.77529741954874
27.90297598665524
27.783884865295843
24.06991047561444
24.872680070718225
11.602700957923664
40.71783655379978
28.296942468824852
26.574594570000794
20.5967862128309
27.21295719525944
26.646666998251202
15.318874591603254
26.632739174377107
44.35552142349276
31.929105401804843
11.867007089672477
20.962223424860206
17.278829815037785
24.085247429318144
3.2031866435752776
21.516507133236097
30.15626270921489
24.733077987793315
28.246213107139937
35.40835645801107
33.82854836535019
30.036512582943164
7.838777007019669
32.01265405626449
35.67457857419124
11.230427675679108
24.736881560534332
41.44006399531998
33.58387554110379
24.62334710524852
32.73769620176975
12.324629622045263
8.295985474333488
34.94627542258843
17.772462009747684
16.437404227754435
46.5127404617481
23.03065077670582
58.33059920665778
17.781786054780987
21.35043699348275
25.720085283922863
13.221260251074423
18.623949013973736
25.921097800789475
28.647179916337926
34.47055435702344
4.188788370902683
38.65933046081076
17.154423521953127
40.94548369658407
24.095531528212074
41.5436929356368
17.34446015729824
16.357755921670964
21.885951658517975
20.11140653995369
32.26095259814361
34.65643554627424
19.539682680612664
49.07044015249916
17.59136324056569
30.8819158202551
34.15130368672206
23.943751200477024
15.640410232707938
18.511525568362433
17.16811688393854
32.03233346216197
42.51255367437373
24.160666158913838
29.32178765326322
35.14974175102211
29.974804432733578
13.214352830202483
37.03758200000726
23.00627926576405
21.00073834952766
7.479598376202371
28.27325112065236
15.495213417464251
36.26596341449184
23.257549222962297
9.51478548658205
49.96777952620689
25.089220567705606
30.20957941201506
18.87337355981334
22.219350687979517
28.287167616445334
13.45360188207656
23.611654543723947
31.43910150744693
30.29473498242359
34.4236687573666
45.171520909862764
28.596796465447618
9.362964198451003
33.30681878750318
36.66347993948312
14.392827583924838
37.80299926834243
34.7747843716273
15.437477327810168
25.631104161318717
18.502989190207703
25.83348273670465
40.947555312621226
32.2785977837667
37.574397655889946
30.68259653726523
25.28035004111609
29.072175361794827
20.933165699754078
29.922821675926972
34.83350977149583
26.36131370950658
31.828942097329698
15.545270063058016
25.84309460818655
22.517544431078264
20.54851403408361
20.861478497592305
8.642301836308302
39.58539598065239
16.469838426269455
20.773690209175513
16.668115150151934
41.31307287102518
41.57102936378902
26.056411476779108
19.976594642370603
33.91271184868561
19.570836850239466
26.92501046411731
48.65394736641931
35.62463172566541
27.99774115538649
22.966382522999645
7.118066066987856
37.92251564522425
39.8342369323017
26.08647754194668
27.75091320830672
23.58112575707745
24.63787470063455
45.26784092750036
22.81004670041577
6.436660546099696
23.97768775987326
37.84445923046294
24.06420283098365
23.463259337779956
26.790661722291848
19.06235370337248
32.374166649828005
45.23955563033841
16.78935249306698
11.336818568106771
26.787122913980657
36.38321655819879
28.90149841219344
50.486322771864955
34.22726393276607
34.15004516512357
26.942101549630717
24.167179185843786
16.926004080808884
30.90547241899907
59.84075517637211
19.598267874390785
25.63555097494917
33.772057453478425
37.740178613874136
21.369789473098592
36.28443999321128
18.705039462430058
22.971529368278134
22.007143020970783
29.26783045378438
32.091229045627664
37.57662436246969
39.398784871474994
35.65662524747054
39.724131988203204
38.36457216656837
18.703614328606335
18.160870582491984
33.94338312533501
21.811923227596314
17.68681410611533
25.02279135972873
19.74897855419404
28.290249158784583
26.73766266133133
63.40320907534846
17.973300693143717
26.642335582799717
28.887066482173882
11.772696342999721
34.905335921120894
11.168289454555895
61.73446239639583
42.026839880220884
18.19053828052847
37.05575733758895
53.699425025918686
44.03974796435719
91.80484065570435
24.44694958410961
17.116491585767104
23.117663044894453
59.04838916881798
51.33501082254987
71.82678732341246
55.409833955489844
51.9059832510488
66.87804214692746
85.87061152827837
23.84242294492904
74.75541737062676
25.95346683349484
82.86368867410533
38.72527091119012
84.12509110945672
43.79773910938229
59.46965473282502
29.87188670083948
44.76570037795372
45.24664448434006
81.00996224602869
140.9894266656376
16.12193422512747
54.38204808192954
44.663950766051336
54.813781254421066
49.22670194459305
29.706096327658535
28.436154421558175
56.94443656744529
30.876582491287476
24.610654691037876
25.46151626210541
31.069023842770942
23.378359840075976
44.665319328009026
38.75592227583796
72.18362729181156
47.36048475651935
109.54703862439065
38.89368652881618
41.1599597727122
61.899704123451414
32.82115077168334
16.421052795303464
11.299182637171976
81.20383824914025
53.67253445223502
38.01900191836935
60.42781649675971
71.73215993474182
29.40211729317646
22.900287563555583
34.29785668502633
86.73299886880336
38.76167813551484
9.248586771829203
66.53133974074808
43.44858729480111
79.67645939181425
36.37646292591337
45.177258897196346
34.11370028274255
79.76739273899452
33.35641412728483
46.4041982778896
64.42073651213146
27.599917206064216
45.275236116920325
38.691621459540926
112.97523745854669
31.78278776858524
97.76416617717915
29.91367444278067
49.763620854700704
32.3811811469656
41.12576297295883
67.94444329498515
25.988041065834498
39.49466916435797
27.57638588773003
55.95093965714236
26.93760961308261
17.030328851498904
36.789815609316804
-0.3922681676473694
67.22752312765233
87.1051752952864
37.99056150094331
63.48666859762604
93.27370466987777
18.27961968856241
44.44234326977983
65.45430253274972
25.7556204168526
60.58936558125643
25.846346423670546
39.797152210196984
46.858572174900544
35.115770877083605
41.26643268855188
59.20924707031111
62.24263089453208
26.05549327973261
53.265683869901125
29.901032441768383
63.13053991888412
74.76518618821248
46.758528965701686
40.57969611646382
41.49298675882799
40.02992544510409
36.15238772095869
44.06174811159954
64.6077793745022
29.128957753475795
66.97605359581699
31.301644394765802
50.227772710428084
69.58187804637132
31.663427298729346
65.99180852386503
58.00347101028126
38.25631681606947
41.24054704096151
82.60219635898122
54.55401814222352
59.342551888
27.50308275853773
41.240517665738466
21.822517900011118
45.37784211125611
19.587853737440362
84.38861894223899
20.54673878060561
20.305546998101235
32.016568115255325
16.252717864678406
50.20773890043098
69.47267332003202
29.343416808706653
77.36950706821914
33.45700970017864
24.77043267215504
17.724210523355335
24.58155430278292
81.95835637580964
58.33925049784616
77.07255757156159
29.53415884423403
58.9723957615323
38.2899261923651
6.549452279460756
62.73306585353098
27.738463569454925
23.310907756237633
-0.9748450707492887
32.739845036576845
47.68041107965439
31.907683475853318
41.66894449399026
70.06519758833154
38.61218181229448
102.14958142214961
56.4396562419421
43.014851283369985
33.317691836288255
34.44002131050909
72.90345717689698
11.64241102446021
23.222854225539024
33.466371048097
25.00742361728533
50.74290453969138
31.68536018661987
77.146076816662
46.642102951050965
77.35612860929335
66.73972909408083
52.25680238202669
79.71939827678767
41.99409787156497
46.55450054875625
70.07731314977028
57.5947148411636
39.95149667797538
41.889971137236074
37.276182195422024
21.37128751692465
31.210214897146987
54.17392591084644
34.05200406895971
41.53544889872337
49.18355543642609
72.51359629764758
11.67545085231836
43.01778405657612
45.72320877491713
31.031320692388444
14.684448466281664
39.12670337505957
6.296148776844479
28.425710781687883
39.47766955347621
43.519920745076675
26.980667345364605
38.284814443669376
15.027576083255198
27.227257366689482
13.026033772672095
28.56343777477852
24.282064960329954
24.84588409340745
61.405770198218
0.724734388985528
23.509086848371822
57.42113934120957
24.372887989890646
36.2719103354163
23.647325859038776
58.5343442090893
10.595191146659573
27.68297235388653
37.78964077172984
46.15412161083488
16.12340155009485
26.667309020689608
20.30764738557541
55.92263193349583
-14.191582835604784
18.27923155922535
39.446891454079804
50.96921285319886
34.98964437059529
25.72667860447378
45.432745633182954
23.64780154284795
30.642486925091237
51.28122120257874
30.941380795802033
39.475779539394324
45.482737265285486
47.621960431864494
41.603244202033565
7.612855224609348
66.14050154122003
26.05890017768876
60.304953832863504
19.165705058351776
60.117699404305704
12.92201342976546
14.170196001525555
35.15708906804174
21.020582321862147
44.18725100866568
-7.2504474764023215
12.869388951355374
59.570795223537786
38.842554141349154
11.082662363365534
11.594977617348146
41.23397123119104
24.126027006385367
21.495034669726465
57.942013988809975
49.49254726583666
24.113676559189877
16.99714695367999
43.772144013773726
16.55189395419185
33.05396407970447
12.319232205375283
34.940047359140536
33.43377812108999
27.864085658793222
27.02351222615359
37.144913764259755
19.255106809506945
33.647086259324205
9.992778178231479
44.758202943654275
21.23117297387699
37.83906412885462
58.44845270977343
34.69202063003772
66.0436296197493
47.629778828855514
39.97641443686124
38.45928005727436
23.278792498519344
26.23734429158809
36.847525380391346
45.4436889208698
79.65959579497257
39.12636710431695
26.599503361401943
58.841424520918075
23.94015412649489
10.299445737959037
53.84238527064188
33.45988351386694
14.147244575421237
55.5680051869871
43.828417627616716
26.576769515229376
30.647446463831443
54.21830939100482
16.616000406814443
45.339524798051556
33.4780041193908
43.76069811024834
10.319562205932442
22.416428221251664
58.20212687802289
19.436518853764056
21.249272158296947
20.95488239605212
40.02238726452523
31.164819556345126
10.856764033638752
62.70552665611535
7.5492592284369495
33.79506374324714
64.26003249374394
24.130138806296547
31.589100620858105
79.61740778141971
15.016972562179232
6.172259720007363
55.0658219235732
40.15280932440847
35.19955918699089
49.223217324852484
64.819960704946
2.2398840149568175
21.61306114522907
34.33091624384514
19.368393991312114
47.71707184776709
-4.581738649379291
41.75087526256072
78.30535122098213
31.055564483806684
13.446308242922077
12.391154474406846
58.797816523765576
-7.806655445649402
29.173171513705277
26.03358059319716
17.198061714231628
59.17869494001143
54.020486821320524
28.583980531277867
46.57991997037708
59.36400201158179
9.2714344064013
72.52193357923137
24.529002269485247
22.149920029682935
69.39481148423779
29.505510983365777
46.77316564508213
31.751044451930966
-11.408091891014003
23.62430676746583
12.500036109245764
6.24632065005321
57.55969082270428
46.061529461970764
40.77359562617507
41.419554767274825
16.291670505300935
31.556531246478787
45.10725305795861
37.40096848043782
16.67454205713618
28.208520395592707
43.93047729412754
12.70853329990605
7.628321582930817
120.29246162265073
38.88423603669576
33.63139319639952
30.101821242260037
20.660814919555303
33.11525402304111
81.74731590062702
35.203533377344634
51.203399252894435
43.306192925620955
46.04048841531869
48.20156769033047
32.697564294865096
58.297613271401836
95.93120990316703
48.98901759643401
40.01274289472664
54.33039638822023
61.823040612110894
74.76241113697411
54.106716974013146
37.19688029576012
42.04615139504387
42.42859375111476
26.94389750860453
39.450627851061014
47.537401519201886
63.87949886956582
57.602795938782315
33.91986133593781
48.154164079953425
44.98230409281575
32.9461636289851
32.48700898808332
23.575749714642175
30.091354447812055
38.090528223026006
57.66285643354722
26.695296978091715
30.140606627164193
33.84725691449657
16.909834984776428
30.396969227365183
43.124301633520794
46.39285475054972
48.95409470015229
70.94885849559155
42.592535958828485
54.013430528589716
26.9579584380722
29.745915743296223
48.08060505589548
39.40620504297314
62.6528904912418
37.72457638690576
42.28218335389606
36.79707743827734
35.78830492744916
93.63642804450814
74.84340769378814
36.33766752071667
24.09719090335376
59.37385191823238
36.05924905451302
19.27227280552529
34.978869647269974
65.61391159100909
66.44591628572374
37.38746390971748
39.723204177611684
26.47785244758499
55.60358180704368
13.6098498505651
44.80658067402992
30.42673498881252
37.93493397469105
46.68697574905764
45.668275203755464
32.16436809714644
31.957696737992983
48.428588513263094
59.1687356425758
32.98434171416213
41.499667539062244
34.382228803968665
36.21151815301573
39.576688222319916
67.3151553109344
33.770351553274544
21.125290711277582
51.474365235605774
58.12122567772152
22.118667638110537
34.49307765306218
53.542030443408144
47.640393973544796
44.075339440227495
39.889231430398404
24.717973421587036
55.148171226724735
24.524275443025516
37.41866799738935
40.303926124292644
44.23192873328674
46.64400380060708
26.663868494303852
30.483623910188278
50.59203243904294
35.850522925665075
42.05306950474159
54.05530998819164
28.97775419691988
45.17260641795252
21.197348890024074
30.144981899973782
57.49659549239292
68.85778497519829
57.00181409436099
38.799239019598616
30.226417784376473
36.110135890320805
42.00872448591774
68.14475045022675
40.536416480571724
36.09638961688243
52.019035909191295
48.43620051130923
58.66772178459628
67.76620576272742
26.624375867031098
37.89771230981653
7.290378063878462
69.10713930916926
34.04094336895972
39.20128998095839
35.95603328921572
58.173276784176764
60.702767463450186
14.75279415693117
31.978183457117467
48.844270463718615
46.03744592414716
41.14789866348307
49.33841238419103
39.925843113593366
64.01195137326474
42.857550169873626
49.367669288973985
53.762741725200996
42.019145434670534
22.93973891065994
34.51420572064542
56.081093728010984
60.744076990951434
21.389227533598987
49.24619799622946
48.88442715426489
23.072516260912977
90.28743119330952
49.300847666678145
76.25361309204375
71.29499079151283
72.96201028663269
37.704073374891024
62.59234988914071
38.710532581198954
44.727983807660436
36.84112468395915
24.721987230120586
57.21460647708007
18.355340234246462
61.03528129737303
23.544481483845512
28.42519695718482
52.50358961842751
38.65810574339946
51.67896008625686
34.3934763056629
24.34509326984345
24.634522347977832
68.69962248331194
67.85849624502812
22.870917252280787
48.18719309535655
34.25682785214098
41.304711755584144
22.748647122795255
48.038992341394376
70.63345631650567
42.28932632242513
69.05364279063647
43.921542694937116
30.456935729724453
45.30246805202536
37.18940770625684
35.60962403145592
67.1848529364264
51.70698460047084
44.939108834827856
31.28278651108473
32.308882054047544
37.855866919727625
52.849233221958826
43.15384271871683
16.348501542028313
36.49338837626921
51.463082692856936
43.95948789368505
47.378166791156374
35.879368831727184
44.03575624163684
60.14417508621393
20.562902348899552
31.374854391291056
41.922916555673844
64.98779500447591
48.39785063003716
26.428579687003964
26.50576013476019
24.22561375123206
29.62838461693951
41.45852529706558
21.874953469836292
44.24786906969932
42.5991396764983
44.76767514374615
11.368302414498112
47.73226230224428
23.124510375416108
25.778427388385378
32.549822391737976
33.446026024949404
18.28123714554363
30.32583381763753
32.62813619239501
30.57228289180296
38.71058893060329
40.89837778898632
36.582375613563485
22.958880032643485
55.53318978820684
46.81160879898691
26.91027809973476
15.202172949553225
23.821952743618144
18.44762198630774
29.61912734524415
36.51213342558455
32.62985006022431
38.973477266093006
29.483789625573376
35.677588016496266
30.672715682669068
20.544796674193982
51.65872022359007
28.466909631757925
33.9372795700579
34.41683783395539
31.14121400919663
38.86049394072055
40.5823167448956
37.05683489765278
56.91532026309123
48.658847502443535
30.83654955663778
43.61221485079248
51.180402806094406
30.686767136073282
30.261735182781475
33.81352296664267
15.54794371239911
48.793087923003334
48.588133459489065
17.245701990745054
39.31119949627328
35.09235030914606
53.818198580207905
49.275919822823724
40.792443469491026
22.627712070659175
15.55198463800793
40.50867140270936
25.049874655402906
27.306064294406408
22.52767998333107
36.81297308573067
27.83649065461895
49.64141316504522
29.45666548645919
29.41650860946779
30.460656162451034
66.12255955883514
40.950708364762455
28.61400255311768
31.373352563728506
41.07698561351728
24.511083420044184
27.53333035178875
39.302751045490524
36.522408885803785
31.185527194973773
17.725756048718356
37.773800265269095
34.44739341057108
23.975209987541145
48.24612909798115
30.838481129277394
16.409272307042162
29.611076036504883
59.057813535165316
42.48071771090303
45.17573185082016
26.03443818764278
26.06808961355583
31.903228577809593
53.39968681540098
59.42607425901503
20.122252385326338
55.86497707582973
42.796663121644656
25.7365843761762
28.378014528652066
53.6093379899189
21.915082983562034
39.182339344316944
36.46175646330815
50.06050361499778
33.02858035247645
20.28679803371701
24.271475448461228
28.62617486196822
48.3284059800689
37.83295100663807
47.481621661092944
36.63970587352952
34.29157376824233
18.32741252865994
28.70909640464673
43.74784378155843
39.83690018954956
17.25717312532313
35.32254378038494
26.595633164285807
24.028443479879808
37.69406180252732
21.9761412024509
26.794064419995383
37.5057229661766
21.234727572036892
29.47041948983577
32.813765617069116
38.28942757593013
56.542895152323005
25.419944366130803
62.16962461976005
37.48015843386945
34.06920199840807
10.85073987493636
47.36338368373378
26.82984375174437
35.21163904708664
64.74949259161275
37.50566938881905
40.65662355038972
39.94042850936035
17.378662367710575
25.90952952053134
43.228717071746175
47.15199270013779
46.497964239137325
26.297381296817257
35.67163240503537
42.22541309875601
31.73253022021502
48.97313643990663
33.806796340406756
20.928024154157843
17.942166948524516
28.986230754268018
35.96312650506894
50.47974393342148
33.70131288735911
33.50651392721606
34.36529802491993
35.937638129680565
50.25227525444921
41.314163342223964
41.9791832269458
46.15479984850542
39.6593164452028
32.19517941868808
44.437524754951525
24.1137786990437
30.14728576426996
37.63060100473702
45.28673964646303
33.74585885337858
45.62666437417471
53.006034612054314
30.73484560772145
46.04727205550137
23.749748584738843
30.01844052804036
20.250473440088022
46.700419896635026
40.29654459520131
51.91993091076585
35.86146858446104
18.81478163194894
48.9756418435045
23.766941327619218
37.770526572341005
39.99026148097986
49.820370572954054
21.356857124031023
12.577495737178436
4.45747733137623
18.014284151237174
25.91310407616184
18.396487580626296
29.10521211988837
31.768477530306658
38.50140623216858
37.64230159534994
40.2105911265532
38.689726352516644
19.41133134648753
41.2760913776605
43.16371630722838
34.87449160488203
32.47214382494619
25.683882420826986
60.88603221970307
26.881709082458574
59.134537045198904
21.975805662152336
42.312623142683336
26.029651757264624
36.27864902350333
33.43319361746709
30.389998166907958
31.886626054936205
32.82473702291026
13.160543517216441
21.571641097112447
17.459948029501316
35.81277561547829
26.031155693146395
27.74485348795351
25.024259881111867
32.67621115938055
45.94279332160761
29.37368969513309
46.76124377854502
63.32801191433017
59.03512322259966
39.71679208961729
25.949436589509162
28.366806411482006
27.2030784206581
38.501330305995296
7.199841786119398
19.369295848162142
37.970883637619416
27.736947572639476
17.131653644881418
19.070455480154667
38.697707892070696
38.99775940323931
48.212592933459206
26.024234911865
45.21856497724879
32.89838046297255
24.728404637380805
35.84291618513368
29.560600443427756
42.08399885218259
26.313124350776963
22.0652610183852
50.46449040709364
54.26656560406675
25.180734712470638
31.041512954955113
24.60377304796734
12.72330021172867
38.457329922962515
20.311025912546487
14.68153877271678
17.50112124086162
25.791846222606466
25.887420133903113
34.6566737659395
39.009420172192044
26.046891909566618
9.138377104797744
19.945410930204062
37.04175203808744
28.218131346489482
40.92624093572841
35.79698106326686
30.97604990163447
23.07079222369037
35.21540258276455
41.67438385485795
37.70409674705157
5.540850181114183
24.31963591418511
30.310381885982512
27.795357951657262
36.825242390217504
70.31307457851426
12.748158357961897
36.91424030072749
29.850808396392402
27.761156232021236
39.696195721561246
40.89120395967777
32.83128075564138
21.970647050617945
29.319906657551638
36.64261003938225
46.371438004586366
50.59850058765823
41.67977903586412
30.471897945080745
21.47281883201945
49.01337584839321
24.710971049335235
34.983306021345165
45.55513739208267
62.078334312703866
38.117226991807485
-2.122241631607748
38.95116183060612
50.292537200468345
41.11784140869422
3.8826303068938075
18.059296969752374
12.898359771222403
39.136534733331835
46.14885735360958
30.903118891323196
48.471644339687906
27.595665217122647
25.743644101547982
14.539831630523125
39.83120655403418
49.9130542483656
21.35606152034843
55.63692975043156
25.479972845097638
10.930499163273659
35.460478783660655
22.175377752799108
42.22492277305778
21.915323637562732
24.74693026269751
50.13690033302103
43.74311316404671
19.24747239833842
32.38156960262126
43.45316267032865
50.553757306482304
20.435824946288758
27.11867866893162
16.894348559412077
30.866210610625302
44.342629875918476
34.039856366437945
40.595036136221196
28.06733219811596
20.316335147711207
11.594892870931629
26.24984889514554
26.897558169343696
26.446173881139227
30.504687656710697
34.779738210756854
60.648783631187165
42.87912017226428
53.15193729347107
20.54697210829344
27.839751363128578
23.69654297275609
31.041352948017995
22.06753822248235
27.521829812224286
27.8836110747518
63.78576311178063
29.795883009023242
26.272255179950314
47.56567672530093
8.14400213461175
39.43070939949149
28.865287680163927
33.11024369799524
33.41479827694535
25.859737128975492
27.278316601827328
26.68067958937436
39.88333762203937
29.378579910164827
30.335637496191897
38.62534936396501
78.87375953595388
46.765116522345885
25.307375553440792
53.78395002612605
38.367271118480296
44.58565266890112
-0.32307715844746526
13.063797950015273
28.272678414729896
36.26817117881918
21.758628684581545
26.469987616297786
31.909194956669108
21.626192890721516
27.40672566466791
40.11482602077335
21.8333368978719
29.335374035529714
37.33968184091324
33.701290358872114
31.899787631608373
25.13039546548047
26.37266855050017
26.489869874338538
30.19644738082432
31.003602163623498
29.019835392194278
18.793269485271935
31.017771917694034
22.523373206889524
47.13007708825399
24.87870654232123
34.166719055217435
27.277010632003677
25.467781704142357
28.347188116783514
37.58234291053364
23.884980634323753
37.62736297501442
45.503851748404145
22.064015188114414
25.84607863810239
33.988569766922964
27.002883310281224
33.79276711741426
40.85205531570979
30.701713704709483
30.309718343592728
29.23730851910085
39.36057952067557
24.160470379373926
40.68340979037222
30.753343793249755
39.24858924676517
29.782354947336703
40.45711444661285
25.603480758216843
33.813543522807294
26.702895509490233
39.721936633760045
33.93898986109523
34.11641535359397
14.398448317765208
31.516110858275695
22.529489483955896
28.483533933214474
30.43100374680868
22.1655569179798
27.935220649521032
21.32077417459654
31.00447377484555
29.3035882653661
31.967369131850937
22.45129564580443
38.54220281645818
35.729978551477295
38.39730661462016
30.49992672285259
33.02102897092924
45.39168746773835
31.358032500323738
35.244260153034325
27.658584444226115
37.144139101661615
25.431758479234745
23.129384903755277
37.06506030386305
28.79174423412751
22.50056875614806
33.29449433740246
27.390540963229135
23.566194964108817
25.78294050338828
27.417127935762462
39.75015808498686
39.93069865310644
32.258316894895174
26.35473868677332
44.26187276939802
29.56576133881989
40.206077015357025
30.076127088550795
32.05022713931333
29.532815264977277
35.66773312344099
25.858939097283276
9.98961811453788
27.197284378602916
23.870516240167657
26.538114403526134
36.88769906083172
24.706768048672302
34.59683814931564
26.987182803200493
28.67010267038775
20.675251840189514
34.55935291015667
22.862265995000744
30.530228767083337
31.054584100810754
22.122107057395386
27.43666255887502
34.78998169402336
27.784438087878765
30.88694201807293
29.74032492213888
32.276553101285046
30.456570850809644
33.24625347192755
33.33742063494145
27.94451682784578
25.036602654707487
24.618359402067146
26.674950239397692
22.439065942007485
36.586523187169995
22.836203293416233
32.89240993774978
32.02568382988729
26.180219530083694
23.754526131757103
32.05667196054703
31.097416013703853
48.72625732512132
39.72517184057456
32.94345411676833
25.36548371264031
29.423832419492193
27.07486626583247
33.1149291788062
33.516953371275555
42.092439171495776
26.529022873087904
36.816016093723945
40.55354342657279
31.804341557307552
34.70355661084938
34.25434424137047
31.59359869682638
31.493292930461667
22.65626288145031
31.16545316054454
20.934835049947072
24.19527768794869
29.276702870387144
29.930151915704737
40.66841540292299
32.31683704093679
37.13630771753304
24.616626074429956
32.79421612042981
29.1043227598713
40.147714601600555
32.52790291452605
31.596959976357418
37.210522498736154
33.51476901828686
30.8067418984401
41.59037515616066
40.55890561321396
51.65903325446227
36.05469341564351
31.268299765730784
32.355527202929835
45.944742392622366
43.90878191348124
30.14876802838011
29.227509918842813
31.777764190311018
28.31602331296023
34.08594188779982
18.004915367490913
27.871761411417083
30.97962608451529
29.22546847468911
38.4712195819256
39.49524450294849
45.43935898798834
40.04811610835878
27.09583539811429
20.770148766556712
29.527940652675056
23.52775911139576
35.936028039629534
41.75183716480951
17.576929378931073
42.137871428225544
22.78009539885324
29.241359941118397
33.40905292305032
22.48936181083806
22.849438834983864
44.99473693878021
45.48474926003431
43.02364809890477
22.544959247529768
54.11546655581278
35.46063074895738
28.32618303878597
32.05453169648701
28.485679418191726
30.064812248003676
32.381368521699486
35.90512480111397
26.112251478890737
24.10761128784828
33.41354118534865
23.45603243978725
36.7280918210012
40.17509282582096
50.69155765114991
41.46573045241373
35.635528656537154
28.4690683097866
43.78871885312779
27.406847555486134
32.34065468859668
37.67582291436451
31.168507632454098
39.4089335939868
46.25876854140683
41.89083591291797
37.619949650931595
38.36151572077348
35.6857815149131
28.02058008383105
45.95591434455414
43.04751349903268
35.571214233921744
37.16676471487808
38.94116677598231
42.36335613566237
55.22057469720807
41.26398212307631
39.51211162078769
42.3175416365775
45.34900378048515
43.18922971480533
35.46793779808726
42.75444351437752
32.75449270032974
26.062563799688128
39.95833671654275
38.12915633123647
43.295239983234865
30.720483608290785
40.638958841958924
41.50265075705934
36.99580625508277
45.656016985433915
44.19375103862994
29.25360873038591
40.58131930570182
53.535496494895014
42.288902218258166
37.78879032710121
25.359343619318867
35.60654840109908
32.543721605222125
39.966880796447
44.987072507329046
37.18438647501962
35.53140540303211
44.87422250794464
42.56757712932301
33.02653731573752
34.798304413559194
40.616777181230155
46.42078761448005
46.57193226862633
32.16418097731856
45.33454804135134
35.62691123728981
33.07219748927592
41.2351963760068
42.79794798231596
41.248037402620724
40.05985395588668
33.33779730336464
29.790099515200467
54.789319833677
43.9636407642843
43.0077776307359
42.15149693733992
39.6385299079636
41.07809915207979
41.944181479700674
55.067805843000386
33.54022066611879
29.365669315601654
43.28387014358103
35.776118897841286
34.95428034294451
41.595567821299255
27.928682661081574
42.49975185315852
52.21755776515121
35.54180145214136
19.594043419258096
31.390298030603535
35.381258745080096
24.054245035783865
37.5404335981766
34.11424929191925
39.48166082706509
33.891397469583595
53.57738580336125
44.43231594804785
42.29880632009236
34.639611091556375
31.519507596012556
35.801329479790475
42.37704466385528
34.23398165507509
30.721830618669358
30.836732186661173
29.64750456204128
41.201549944883155
34.62567540191199
33.48052605858707
26.424028808570124
36.57020848514339
46.70523441954464
52.56692882956035
21.921574343022247
28.907945074016183
34.01082187366929
39.65140088084721
51.22167233909613
38.66598459191743
34.327621879847555
57.58528586108992
40.37004554756729
38.68010836823157
38.01660740193623
46.534970223029696
32.69316235561329
36.015943220146404
53.525651523639915
34.320783130856555
39.18585395687132
33.89790617808897
40.30408808491631
23.166636059015403
41.4507803009746
24.35331847100832
43.5598391184799
41.33956306350287
30.21746522472985
22.813012661922645
37.473701661708084
29.427240722174005
28.644595908887897
28.77326599209534
25.935973295608623
29.577831465171236
47.2983215693065
51.021689282984
41.30907942122758
41.9049180316863
31.628116603531854
41.502277537581946
47.36793306830286
45.45941537524073
48.91075672568118
24.35967218811747
34.8097583812974
52.150156218549874
46.28292454028199
32.57620694500978
42.657061133504776
52.14464904539524
37.76962795177941
28.793888490231655
34.20214434110781
35.897436787126615
29.66481842998318
40.36419204168747
53.08119492198901
26.07839197668461
43.41756881726442
39.51832655053665
30.023134966922413
49.53157940927871
40.00380645875487
49.0587357574941
39.011213875188915
41.53764728681239
0.2266486218103129
2.368021546229837
8.74943762011681
21.99056253782133
19.92243281209476
25.42201015234854
-16.197959272881814
27.125141353169536
-13.221908234246632
5.647177753873416
0.7490359692901187
23.6065513442558
34.71469038611637
-11.037915854373578
58.83774031272841
-10.129378526972241
13.919578340842813
68.88886004272007
52.08323749846501
38.77415767786831
52.494356277819314
2.9378752807311264
14.701223470964159
-0.1959426069068242
65.96543223426306
31.855881475495938
-8.992006144732997
36.9975276794511
-24.845036759600777
19.036902865578107
69.91846013195793
-2.364160611622923
26.84500821186621
21.925673530146714
86.54907884005802
23.754233425725666
6.415914572775444
48.40268325076494
-29.834409463950813
-43.14728334531902
36.26265474515588
66.41966066619021
52.71580123092613
-0.3741992970806702
35.65381003834139
29.463181531607653
20.723960668527432
2.6818882416673913
4.283359558530551
15.475347112937394
32.821404632029605
40.047173506213575
-45.43663751676441
31.766409972999877
-14.277037495702123
15.836278961947393
56.22282913628109
52.94847816363696
35.66685785133441
26.887558179797832
70.24567386427934
5.954615873482902
-9.320875261509444
53.23990882814742
2.1335990026537948
20.109686762516155
18.69280547370831
16.287373640483445
47.07657784115333
78.77615559345354
9.300461992539653
48.73382107871766
8.447797765582747
20.855230478782275
11.047856757366159
25.289375570638562
16.38391575200692
43.97195474364265
26.652353962667085
91.55657343054581
9.295390557428494
11.220575963071022
-18.391155291352042
-38.133841999550064
-21.13123849868757
68.8141598048162
32.85712515147779
47.815377677190874
-37.50938111458888
14.990438915097874
2.0606948207587172
-37.365848622728706
-32.21294505060729
16.60385123702248
2.516974822278947
0.9904222479031077
28.968301904368456
-1.8894451162845016
33.43133793412033
18.672939053466145
29.02606977072124
51.760577884052495
13.252495395106731
-11.356881342200767
6.343736444913988
92.1939088181055
58.96483858961795
36.71378250432066
28.88782675569457
-3.1533532448740997
51.835099845447175
20.371076054757854
17.384603965008345
57.09663151150396
-1.3364872831225227
16.979808419084318
45.927953141623945
-32.701488358090565
70.1421793632964
41.359732993838264
14.580339245159678
52.454991093933224
68.70992746265247
44.655271694305995
-6.470141539861534
43.72960197346704
-8.235696236822546
-22.82683707514866
-18.42787086548591
2.1209132771069164
-6.236117363690811
36.80089087209053
9.266837081144892
29.292323763063045
-1.3088693024482063
-5.529298111882963
32.83912366353424
40.97309770459351
43.21900168086214
3.108421976364714
32.00627044555987
72.78970052129979
-2.5237018157685362
28.361508887172374
16.228113354172233
-1.8771614042841096
36.73119278562937
31.221681837600965
130.9806667147533
48.37536609516048
39.328393978725664
27.44453772421097
-4.455266642422454
33.85436654747768
-5.154284981189886
16.58099925429036
25.22978230136606
5.199228300371322
85.82543793978266
24.534884946266246
32.3458696102835
25.76789024510203
5.434609351458334
-29.866858859470586
25.394873076391946
1.2838583276459157
51.55700562620272
-3.026021985092301
-26.095161428918107
-22.30804412165184
-20.057526788124257
46.3957127971007
46.390991569564754
27.191271679071384
28.671371936124075
-4.410169742148149
-25.30401292144753
-14.765709736279728
19.41447506029587
58.59206218879646
3.9022111487009465
7.346804018723435
14.244752428832514
83.19130265169632
-4.224251193400112
58.2942652065322
22.416837589105903
-8.21301178285933
-13.230123692277761
35.098900213340826
27.631097333855237
9.264085441636125
52.277899099016096
36.523975755322375
-8.746103943431185
21.50914402117041
35.470275053317735
-11.0463227315814
29.734841810730035
-35.61076782501285
67.59701604873506
10.48217684257379
59.45106358185704
56.991847958794594
125.91635586828292
19.548934672569487
58.438396510742514
67.68931834925571
55.52804170462363
43.9257447892684
74.74977799360552
68.61322654108778
49.94576087774987
30.832636958971154
59.07284507362411
18.28062993310988
28.40176628142588
25.927195176419854
69.45788485787433
37.579319788051684
94.13676068040894
48.160212547496535
57.90479927590512
16.38487711772766
102.94632855219677
35.52260523449971
70.47121428584073
83.22684884198202
33.797355136200416
71.6452226123742
48.91789367055558
86.9449337872471
23.38812209047233
65.28503915918812
4.922429651263848
98.44789867286006
83.40053858218839
9.214391503322066
26.86368591630084
44.451238255708866
49.842696797442485
-5.645094653876782
58.89928437547397
45.65520465997884
66.8680584217811
37.35372353566724
21.45740076093227
34.85815917909457
12.08816786353524
74.42704305111134
116.06170940494209
109.63503670138856
77.66044319523735
8.95933067229599
64.11113627211849
64.53419710840107
95.36731491935649
39.99525233473304
62.92089321373258
79.62390990655389
10.191331702777793
22.59221970595155
58.409044434663805
-8.098161284319822
66.48424144831252
20.17060111442918
60.80701803900412
69.90751784510667
60.67975072668228
105.88250004841436
37.194164134926154
6.980184870082648
101.3014541227346
55.61918862394379
-3.4742639835197218
143.02619404749294
25.001449557383083
101.47345802529014
74.94302350913702
55.234629127558456
42.039811074335574
35.72044784044676
32.97594152783614
53.180162099690385
40.89113626925281
93.16784348601128
78.8457314586478
73.61594142286738
43.35540931865483
50.842882654124026
40.50394094118933
104.16972075923607
95.52388717915468
36.002045090674216
0.5888314578580924
43.311212897312046
62.90713469009102
63.59248025994351
39.46741746201096
15.003136444425943
54.86116661232912
36.69252015699733
90.19973875554085
61.29879388500643
23.342155902216717
56.26180777861985
72.20364514704941
51.92649443299109
62.46486693565226
71.04425587408628
49.138292904312905
48.736587344027726
25.56468223074438
41.04161472634502
83.02077530284966
64.94012545423432
94.68762217482818
44.1892830920936
46.83392053524545
36.166376262371124
45.32488745333333
28.691836856855126
44.5961917555919
92.6847009479627
35.90523324681231
19.57401612671913
54.68379210438176
84.86656986946255
78.6507317203241
73.83745542564944
105.90310415441263
80.03756477883265
26.775998594297718
-6.187968189488259
66.49529121951768
40.97178410817053
84.40626388529388
28.1181532764911
81.28160316796927
26.77837755436404
16.36047166641168
3.445173277101605
70.75485044264768
43.0429292460105
36.92483779428417
83.38444776148128
56.85474977706333
25.86074651797393
54.40542070682949
20.365600713919445
16.992113361416067
91.07356050705388
81.43743265395732
32.19611307686903
43.917359167790856
34.68349982551586
54.50118661873862
47.26967611355012
20.647694707598394
52.4493283140488
17.01201881377127
58.94311501260952
43.22228828071043
62.27538480950321
37.74699381556475
54.45863222713651
67.99951934160586
53.45635800976504
59.45583086923278
40.691183915714326
36.68938966044871
75.01733211817466
14.945695722566954
31.080878512682197
61.971914585738844
31.303522092198317
7.316853099811765
67.95660533684156
15.963268589526356
113.71244423875625
40.248086531053815
25.481248397222256
14.146683691841972
49.14821989924927
53.42354330246795
56.35341572596496
46.928672453142745
29.109862626747923
27.961432415057654
26.73268833941561
45.70179432770799
40.5602366483493
55.55315403848828
26.302367460441054
51.785402258753024
60.671920667393245
-4.173494801757421
90.30016565648431
-4.602778202829454
74.59562705138596
