TOT AVE RATIO:
1.1509372771128232
CALIBRATION CONSTANT:
0.6959372771128233
24.482102943966844
25.17012106202737
22.13911437644638
22.9504987644336
20.320185491187953
23.47491986607487
24.857798807303535
24.623750305884485
24.721328845559025
22.94526081184836
21.650721889061074
20.745376090535892
20.61053330806906
20.372932353699483
19.879817224616797
20.449610232013313
20.88035449183512
21.402752208201726
20.804983504087
20.825490970778137
20.546575150401235
20.809540909698732
20.16445607549631
20.26240771444632
19.61485464329565
19.671643765242024
19.645392429172173
19.456092502595393
19.76524600598493
19.737276315713196
19.984492893712428
20.697782330132103
20.83115566364085
21.23534519607765
21.953527195928718
22.0510587878924
22.10868904669261
22.124817552031345
22.079446417585284
22.226473361328267
22.48389876144606
22.253845136511767
22.595262143152226
22.090412939219327
22.1978350135646
22.10733802018197
21.811900667125975
22.10813502887692
22.02299725851449
22.06948804501826
22.270880543147744
22.114433004520873
21.73375349277358
21.478894044316046
21.04368440585738
20.990009670689613
20.789338041691938
20.836883943169447
20.643028501149903
20.65658324865077
20.7321515222083
20.68512912859969
20.821701266018355
20.618442990811197
20.596329594245418
20.400308306811894
20.4686116746404
20.48279695897904
20.428371670320505
20.606681650041143
21.018177150706983
20.966403397815807
21.11680386723562
20.973020979115304
21.179489394738727
21.16101714578682
21.05641404201837
20.96962393299479
20.977651324425384
21.092011041762582
20.935856396101517
20.84775007604759
20.93932316384161
20.976961179835268
21.09953735041341
21.31272201311603
21.353213560717826
21.34322667134882
21.43504549423867
21.33160771343606
21.58397138901245
21.4497737038934
21.546301682752315
21.497063921383987
21.44530217930742
21.445367650979172
21.237799539598342
21.300132311815908
21.152768298018575
21.105448788380833
20.88054894585175
20.830796473511946
20.852591230725686
20.91131792452427
20.92423034512456
20.96022207030392
21.152886727703248
21.25979479665101
21.24540044158654
21.3068202556181
21.509319466505968
21.52534961701504
21.495157961630348
21.565841697104688
21.656479753098267
21.539051031130263
21.70332324890625
21.692318045117485
21.534092103489513
21.48506465661369
21.546408143696684
21.540560794548487
21.617407682045393
21.743843936040992
21.706261640925543
21.717367534222376
21.682264087049234
21.710412043417463
21.816809727948478
21.865110834529517
21.892895951867278
21.87993667500743
21.921177882932362
21.90467526098274
21.8813846105666
21.932687775147283
21.85265059231672
21.83778949901985
21.776385666507654
21.729201841677185
21.68336702000632
21.679507676478487
21.637836376016068
21.67955299632578
21.69969613992561
21.608286556618662
21.583667307298736
21.511705991303195
21.464967231865316
21.45685672629945
21.367626178130827
21.33177061466911
21.24433403886188
21.17855986923398
21.15102473757176
21.072124186076863
21.162384418771726
21.164401183978
21.288775727762214
21.235441674388394
21.235317344517618
21.216109614469268
21.212593073366836
21.27662706025981
21.200872207205347
21.21502534095191
21.26445038597387
21.305185855674083
21.270629337627597
21.25056934807624
21.32457827051273
21.38846597195981
21.415155356325844
21.4965262489879
21.43221346461214
21.416329139215488
21.50680248685769
21.519740817850927
21.56804139106922
21.625529789917813
21.53376707121581
21.553339178719995
21.565203486548455
21.600026537146025
21.536074203725242
21.61879252131572
21.658120082811795
21.63356755265001
21.61864114750555
21.544590057771668
21.55103625470227
21.514673001275778
21.50611739981622
21.5014981470177
21.46558595239469
21.450395484387286
21.442200416200983
21.41077045863846
21.519805430241952
21.51300810513321
42.19235681809227
31.88162588713558
36.18006855010666
34.94941822072679
32.30756276770559
32.99209459164724
36.38911405741734
36.29098869614681
35.00331241449177
33.39608328553857
32.315664495762704
32.404219836606636
30.697757937623006
30.871840066471037
32.132899443371706
31.529289968977647
31.48013507493872
31.670360129022203
32.091473877739205
32.49896148919026
31.238903396989375
31.373310513965535
31.93653256324044
31.403973014223528
31.178864205286416
31.791048364136557
32.44751900598858
32.30512063210812
32.53098134555809
32.25963458439035
32.044236454682675
32.16364679947231
31.632570365231143
31.815706652722326
32.24734777125444
32.28803929054487
33.781107670569064
33.815085136849476
33.453997989234345
33.15685692026335
32.6664918856297
32.5878192747035
32.61095396080719
33.146700159680925
33.376469574542185
32.80330102029489
33.23256879470684
33.078693866625386
33.26307857563381
33.03967480622893
33.30228798221683
33.07053767140469
32.91467023426028
33.04327251459895
32.74519098184649
32.70226030694412
32.93308712650998
32.9248118747229
33.38384264857997
33.244269255696295
33.28932710530228
33.35429576401502
33.37709744531828
33.20578780436874
33.02624378609452
32.68814672804902
32.85186377493267
33.0845458465004
33.15388381563152
33.118853491779106
33.56657430111625
33.72329145615416
33.43019367441151
33.658778555723764
33.39713759939011
33.31223730329925
32.97468666944734
32.850333211134945
32.56414104750555
32.656201803432424
32.611161130516784
32.44593973085969
32.81365163832373
32.88823806259199
33.038632998129806
33.02999847781711
32.937483571590995
33.02761569721022
32.912342753143896
32.85062316812519
32.99263703574759
33.02322269680983
33.15263453391843
33.37726914169239
33.52400514474164
33.415323534312776
33.299909442852815
33.34072772919262
33.18170388750828
33.331102077966776
33.53047454012706
33.26781697424036
33.20540717712603
33.15010898387721
33.25716529009959
33.4169004468648
33.4413471266925
33.58120923599307
33.64940608161898
33.58845906426147
33.67978286103163
33.59117846040964
33.606277773950374
33.616341636584096
33.808727081430874
33.91253361848139
33.79237001910833
33.81978989114361
33.66511394266188
33.62270214607813
33.601892770429366
33.5586093209415
33.510331900681614
33.357080707042556
33.30694209553417
33.25650978460615
33.501129338345244
33.731154888956375
33.770934814634714
33.68620384696629
33.6911436739633
33.66622425708092
33.66165880509096
33.744838413458766
33.79707208932665
33.857154195943814
33.70313170995018
33.57150686274193
33.52664902159295
33.72751659440343
33.708074725867164
33.72806043818993
33.69399290116681
33.76117838345731
33.86001223940169
33.95117214600527
33.767419286774356
33.7129527465212
33.68484251007766
33.58326457663355
33.52005350982201
33.49714784805173
33.34640226304426
33.28960070842888
33.34002147097285
33.22056715211814
33.12870903522037
33.105386963805685
33.09764357238335
33.09904755705363
33.182259895182455
33.20911095009711
33.2021618616818
33.31396715176702
33.28316314847355
33.17182932605506
33.168744792308075
33.406597439327776
33.33822539685467
33.43517190595953
33.44751243772509
33.36145646176005
33.34119842877632
33.46527562537304
33.43461071907091
33.386787006529445
33.356588822329854
33.40207631801108
33.51731888730736
33.622184043027076
33.64022683603251
33.716196376203115
33.675220310632895
33.757709910962355
33.718340291511254
33.69368617530454
33.71122364587492
33.77169098871536
33.75636111119875
33.70931073282248
33.71519589787097
33.740378506842305
33.843063058612714
33.99046243209068
33.91603203203689
33.812775753712444
33.81570660834065
33.72036602831053
33.799407578470415
33.70359757938447
80.96383404901654
67.75123377107944
54.17245696757418
38.0716467308751
41.83939277644525
41.183428587317394
46.472682810075895
43.477605196700615
40.21328704391421
38.05793868979507
35.98562377650962
36.15767683058627
39.98589282413114
41.62350065789973
41.19912917662869
39.064995564447514
42.54443298615362
42.07212241096234
43.4867546642504
45.77285814627158
48.333503453616665
48.58237347091317
49.90748131462978
48.96122692396235
48.851566501917276
47.258123838016765
46.11466860736291
45.257392335106246
47.37234082380217
49.30340179298273
47.521199669271326
46.94507124336347
46.28905370948799
46.07334354605252
45.768213245682354
44.64187815004481
44.1123750963531
44.0377438001137
43.297971692616024
42.87790412629362
42.0893848900822
42.26179422196262
41.54714623570479
41.66425342420327
41.562216074781496
41.807321557119536
41.97958576843012
42.82593415658976
42.96724239337963
42.94402041359345
42.59967989406026
42.039988693674914
41.54710689490055
41.59175464513677
41.97449773108587
41.47479357264075
40.76438245868955
40.63755930155986
40.64225737551139
40.074321433421375
39.28185575940819
39.02404377045413
39.505000943498
39.89249998927607
39.80317579954139
40.76900257760751
41.29341589955152
41.992166906338994
42.055056828902146
42.241233370503245
42.11209734342589
42.52741074028531
42.33825076434932
42.397833718164584
42.2269182444898
41.91907651612378
41.88800012909192
41.83460558092109
43.27960975962976
42.90932848514387
43.17360712293234
42.812316745467086
42.926129685887446
42.673713074065134
42.57704619205143
43.17897434643459
42.85147333614633
42.71072599659597
42.480135733575196
42.721619213720885
42.803336206313595
42.75286818062274
42.51095158265982
41.793798956589434
41.974466400800594
42.39339111836743
42.5373100755728
42.43012637405257
42.840489824975656
42.6153674739039
42.515343013481676
42.78560265141436
42.460228603976695
42.704448698965365
42.24593029818768
42.253842627065
42.16744254681361
42.027509702537714
42.079738225999705
41.93961038717271
42.25170281826652
42.225978179838805
42.153790532574014
41.80520079906541
41.65405992356685
42.080807865729724
42.04494680974447
42.17583126924007
42.05642741671964
42.10646378525086
41.98824495472735
41.855832261052896
42.075023074091504
42.02432694320016
42.16066783932473
42.09620952841054
42.15860446638062
42.5319280622407
42.51609428579661
42.73822300251615
42.670434895575596
42.59595398964313
42.61042921465487
43.01423043732333
43.08171289349603
43.1494737120998
42.98810209354926
43.16017183630168
42.8485416427786
42.98407251382861
42.90207789588886
42.93018784861646
42.73567085500807
42.54354380250847
42.45263190487473
42.083637919341335
42.052510089111124
42.37232238553784
42.14070766121902
42.27074072557717
42.26966704643515
42.217468665533026
42.12799131703793
41.97775483402833
42.18369609818534
42.42944136679873
42.77457210406062
42.735113133106076
42.66745152660049
42.51205980228177
42.23388928030882
42.338809520126844
42.15837514063373
41.88012619084476
41.67768004541551
41.571392766288106
41.59522373993617
41.553385148529166
41.459105899494205
41.59040034757249
41.51452291978157
41.797634223296576
41.89853030489824
41.62855292423304
41.51345272849779
41.361591024358866
41.47765264855901
41.25316948002942
41.23475258952523
41.23969212584257
41.304010414444896
41.20873348412548
40.99175529744434
40.935183443976854
40.8430698668779
41.284310049441956
41.6931405877999
41.727856723146864
42.16350579003554
42.12294870695068
42.24542996551801
42.37455871041551
42.38517871993616
42.26597906479468
42.28603358711251
42.20165303585013
42.012719237893144
41.90487889863722
41.822137814676935
41.85743638926415
81.33472742325304
66.0364578276167
70.67040987208053
57.300031916312534
55.68414342724503
55.76100411712578
58.660388468920345
56.40968928583995
54.66184836258068
50.08153957135654
48.8146547705653
46.457255348560125
46.431658174578466
46.37058827363315
47.1912276710552
44.82402875899799
43.97848518002264
42.5110089181222
42.310641057988036
42.0459328952354
42.45294021415335
43.685892448288605
41.35633315920553
41.797673835523426
42.1476304112782
42.083649100965886
42.102594880935065
41.3492846977021
41.80797861341486
41.26392095566939
41.356440827162935
41.215646766978466
42.648863507035514
41.878624790280405
41.68882820302019
40.69429322725289
41.117346887151236
40.38727071845338
39.719685492995715
39.848344430130446
40.441140562054535
40.548535837140626
40.04111218131795
40.11693585145676
39.316842992071805
40.26796833066197
40.42220409253141
40.0418397600055
39.99749421697868
39.9255080863802
40.208452812975914
40.057041183431984
40.427405465758305
41.104051778859784
40.72573422349079
41.36061740050249
41.04285168416244
41.02049731449811
40.630589669365186
40.43799953304256
40.701109659799336
40.7294568938378
40.986735449787865
40.50270180038358
40.52512867255957
40.887257633585804
40.687810221250054
40.41347945560226
39.833010410728654
40.16707000801604
39.96618398318094
39.728476368379766
40.46283753818041
40.29406243412906
40.482468217217715
40.46899849545927
40.83748317730704
40.638898848005354
40.7522788671253
40.4357256099411
40.20539744716406
40.248957608741435
40.46836727495771
40.42687427409864
40.48561942254846
40.39714602140542
40.382756663681725
39.776786745197015
40.21845908141568
40.10368808948803
40.21947975632429
40.53558328528998
40.56491598458401
41.10141390204708
41.26095616521687
41.22485500795754
41.26241751066208
40.92960749474514
40.92656644607679
41.17606127341347
41.56896119691427
42.27082286520468
42.343673176457756
42.51237708917024
42.9731741160668
43.08513871231948
43.00303258204233
43.20374718099584
43.39860409999185
43.143033808506225
42.859626722341744
42.8660650994046
42.78479718733615
42.53164080960989
42.74867639399167
42.47585263052526
42.23377118134859
42.03294002652089
42.0006343164955
41.69877298755945
41.48222570258315
41.716149237522934
41.62613495856737
41.87670552337765
41.84286386894183
41.76002238362423
41.6885696153319
41.57360721772607
42.02812616813165
41.797281278604466
41.804306177809785
42.13512138352036
42.164452954587254
42.057153470893674
42.17822514735391
41.952999259022995
41.75695107182137
41.652191827733574
41.6571528668441
41.66726751231696
41.652937387541606
41.76720656228239
41.51164471331936
41.36561522362828
41.305157614153444
41.08292977213671
41.26321060394192
40.93654199450404
40.97790578606441
41.147752054352644
40.95954246934983
40.603921186687145
40.61838408926779
40.67842364632391
40.51091842708022
40.55156828807516
40.43860318790805
40.30367940726611
40.33208554418098
40.36605119374208
40.46748918534798
40.58969662816023
40.99952525956569
40.97846386808972
41.14565304312912
40.99219674531486
41.00375128881587
41.28536448696387
41.343353692611736
41.517926327505556
41.5353074937118
41.17625931399789
41.15439132754048
41.27694111777617
41.10629786794321
41.316902236500745
41.30686100732317
41.15151062090564
41.00784905677469
40.950950823777525
40.8344515114677
40.84228633576546
40.80157927005279
40.769139958127546
40.60200612118107
40.630567345099315
40.396335755319605
40.26937231839714
40.69795192776442
40.55969076661914
40.50294524519984
40.59171877970145
40.614260585537835
40.66230131617309
40.83233182342623
40.791313637132966
40.962973029396636
40.85741270196776
40.97616827266577
41.020735801902276
27.167638808375976
35.85941655301189
44.26735931038558
43.79879367728473
43.34116672489655
44.03971590427159
45.60069289594613
50.39145270845361
52.03701135085709
50.24966696696567
48.59025735169905
47.20992174887386
44.69083026938144
45.038663699947044
45.30228837756774
45.75517028897361
45.04146016123597
43.761314689411826
44.54783187096643
44.93586633109402
43.73877440243313
42.86730649395946
41.11420520658892
40.39802024960146
40.106037868042705
40.290568599395364
40.30109837433188
38.82120183121493
38.62791338449897
37.78284426212757
37.170006287121254
36.8906742342942
37.00074471665906
36.70804680742972
37.35097305448467
37.995251252007826
38.30240968702666
37.762623183640585
37.21711851166245
37.414312025469
36.891702656070386
37.68017486423164
37.48957598405908
37.45084145404452
37.69780059633693
37.531795027709556
38.49635231783604
39.70574149948934
39.433527461885994
38.649234171143995
38.907646761857954
38.9112016213078
38.13323212552036
37.99068893231663
38.47394795535079
38.71892451214818
39.51027652286071
39.25440113574354
39.06393609212004
39.32121583774352
39.03028653616143
38.98284414259717
38.12247692594356
38.246092156962156
37.69249267023497
37.98296550114239
37.725093617548346
37.28292711143366
37.24738294135643
37.334170216536236
36.94228274340765
36.89985757732934
36.63093767396948
36.600359084703385
36.40607254467459
37.20660305782649
36.72488407727348
36.681369886132074
36.68509362212009
36.69004228458264
36.53173591577273
36.338395588514004
36.54613339835156
36.857800388422355
36.57297019738201
36.36649768409455
36.14896929786776
36.02639077586144
35.56021487463557
35.8866658048893
35.99908309904353
35.90701660540026
35.88915547533381
35.678822767010715
35.52824186145078
35.61744632683604
35.45695263119375
35.51745955289946
35.44149876853756
35.34892700939991
35.52832698741559
35.28366882338165
35.05258297639026
35.37040582526493
35.3487879794453
35.34306604532404
35.375975599384674
35.25561835671026
35.08063871818107
35.1859987017309
35.36354430550389
35.31415073303085
35.392936469412
35.473465865070125
35.59492066094533
35.69690856484093
36.054478337899674
36.01895661438456
35.92765981807276
35.69286435877153
35.71744890353736
35.74804747537353
35.582645865031296
35.646421543315746
35.959270692483095
35.86468767595277
35.49364821348588
35.47076664591747
35.51903962456881
35.70227180700024
35.62175488485785
35.60127573961026
35.474881480191335
35.642167896372015
35.64832693616947
35.68954493128974
35.563428318890324
35.46731345696923
35.45333483528094
35.42105859016539
35.49068004074383
35.45710595642193
35.4524277259566
35.495195380516414
35.609294702360614
35.44286606719239
35.70784901676859
35.53160829559454
35.80020973766182
36.122076852879445
36.2510089793278
36.18998636021783
36.16868602700099
36.02292657089373
36.14279033142901
36.05614746076125
35.837634818859605
35.87856850538168
35.812670034014936
35.82688840265752
35.732085218382934
35.72625713847585
35.78262936290124
35.79890365766361
36.00173517367429
36.11444294088215
35.979246852567336
35.81758533676543
35.82479132576519
36.08157216413676
36.00682836087169
35.976920753969296
36.05118735679129
35.994260601517894
35.77929732462513
35.80081608176097
36.005739721748014
36.025478266987044
36.231708856763525
36.09243219250265
35.9320494154401
35.937794303103615
35.9245278650814
35.9559388306583
35.99416750230424
36.067651806941804
36.11164024661767
36.10068612381023
35.9670251862342
35.914871081601696
36.01571044485133
36.02332840887395
35.8881062020258
35.69407915099197
35.5912853661134
35.69713874833501
35.81745135208236
35.81380306988358
35.80402805129625
35.844218799109356
4.0665281040714705
13.140951774461524
18.241282020403673
27.625880467962403
33.30946562111028
32.89187210489712
30.33065546794414
29.79985262501574
29.977519145426733
30.8702064506971
28.56950243898094
28.784620429301746
28.782712033771254
28.54407523099603
26.96890332607911
27.962654808524565
27.607141077347528
27.231990617258067
26.596195592631926
26.838677163599787
25.514715330766307
25.54733245370263
25.211176931359343
25.048563583463558
25.329478496991495
25.544910298982725
25.79454432524963
25.062436436909532
26.140993695975787
26.82288573221584
26.806443485409623
26.20092774014173
25.906459145673885
25.23723803418701
25.587129010965246
24.979604346577457
25.359303568787258
25.213290961464757
25.0695645042618
25.679892284350817
25.566099623536417
25.06670251339697
25.505652883330697
25.045426092373155
24.939814172717437
24.842876850163783
24.97266905193167
25.045782308861444
25.034213364079918
25.32331674153672
25.10915068986082
25.62486377851861
25.9047351494319
25.91791126394235
25.925677867372254
25.98374009530244
25.964283533757982
25.923930256616487
25.672051217961936
25.86393215459498
26.371962668703436
26.212576976146753
26.2410748590959
26.05568819546709
26.547711470143934
27.153484702009443
27.344000242535525
27.135489008095373
26.64984048670806
26.617438347208346
26.101870345094582
25.87105792907691
25.788322248760856
25.836525293948746
25.744722219041254
26.280684024581838
26.08752661649962
25.898299336948497
25.911531360772333
25.952566924858786
25.91420548721294
25.84590921035679
25.92935634214123
25.835579118453495
25.462200972743048
25.4512063232882
25.285709891570566
25.27040071058326
24.94737288817792
24.675077039965068
24.43103584845668
24.67491889189882
24.280789334486478
24.39685655225042
24.303578191145704
24.310256018516313
24.120142594013345
24.41824302424441
24.502106389470104
24.483112857516776
24.45321965850537
24.273926028087715
24.35910973351101
24.459817303170116
24.67832625337731
24.456831647900913
24.749697660282184
24.671576781978587
24.61269620188729
24.680957298438905
24.83877689044761
24.788101600321905
24.91808981519493
25.052569871732537
25.147394208608652
25.02727321386605
24.908658245685267
24.887505553935956
24.678304669157068
24.912040549679038
24.92263162611905
25.010458567104923
25.082268261296278
25.089050649531828
24.970567264008857
24.8953409077529
24.965526383636455
24.99045121377309
24.87541626287778
24.926394548300266
25.114406620432884
25.029597134829032
25.03170173339534
24.917308310689407
24.916060939367004
24.91275328749003
24.91671274094515
24.89939078209374
24.799730273468082
24.785733107093954
24.787747869043603
24.720089619504314
24.86112184711081
24.947103090238304
24.945292705479382
24.81009217804087
25.013691026155403
24.99090464690309
25.080445826820846
25.209750080334437
25.24321691132989
25.213900471918866
25.25329419022551
25.261112445142295
25.20883375433881
25.260840976031
25.34822286070405
25.522159027345587
25.47424340259173
25.372050970508646
25.49496012886737
25.62086088729822
25.69814619633959
25.732835748838234
25.58108855589371
25.498970251962138
25.429400369391985
25.460713587697867
25.53597828658884
25.696834461959654
25.665697145186748
25.65796797861118
25.644658824167315
25.78879672377217
25.802216649672587
25.821328546587576
25.841571113762704
25.823187023629632
25.773620049977314
25.854166740286058
25.74430037469071
25.710210280247157
25.75727768346997
25.73502332419909
25.713118315710993
25.76245044521028
25.854947737694104
25.813181944832202
25.794313133116756
25.757089108546822
25.78049398190783
25.641755843135737
25.580934888849
25.54330592582997
25.483863468209343
25.47994375089274
25.36832815870216
25.465507496362314
25.36476989003349
25.364817809846137
42.58524370289694
61.079407722360244
47.40484847901754
39.10914725516266
31.610015195936878
29.11436200105642
30.21754941221673
28.8915859864423
28.703390310522742
31.105456603698986
31.01853033148536
33.2084543549525
33.001275854027874
33.38687691552817
32.02577658116778
32.27082141334843
31.208572094628863
31.682790761484
30.537224638911997
29.6001197261088
31.113350557856393
31.366353873061193
30.83560584172206
30.095020415157848
29.51960988440301
29.696460161501133
29.719595865297745
29.727581193570433
29.105590360596064
28.908897472148457
28.9893483442424
28.433690214982867
28.169243171741993
28.97214588570419
29.475967003656155
28.81467849070035
28.803084533488935
28.351673189274965
28.10717858336694
28.293843716830143
28.20048431165488
28.696558630728287
29.38878664625244
30.08667926114782
30.57874646374436
30.721333999940228
30.375144015021412
30.106018475940328
30.357468460763986
29.921042531668917
29.54020441302129
29.653166334709024
29.740088459301344
29.315225100839342
28.71658726683346
28.318562025992932
28.577769416941646
28.906127382218557
28.958878011626634
29.694073937258178
29.48415828383555
29.675743917554353
29.68136443609362
29.55549607477248
29.74099512002948
29.880734658750367
29.714163087742673
30.30632478421064
30.539718567739023
30.668352896795337
30.755321173492668
30.50830200095058
30.327714931878077
30.287671322375807
30.1138196586379
29.709194077587004
29.444781828783167
29.55742302129148
29.464786049779708
29.72615369119184
29.80033106263972
30.00706177403646
29.96228612289873
29.655851905702747
29.7149444961479
29.544825111193173
29.759715835942846
29.692765594725454
29.62884323931128
29.41271328731508
29.420089426634487
29.56758128970457
29.63652051642489
29.407895804847623
29.34648461601578
29.310660736783994
29.272461899351683
29.278743030912672
29.52325991018962
29.294252919411083
29.796170258796526
29.72514652420186
29.679723275780724
29.860035390512785
29.872425804176117
29.75794314211305
29.73194692356463
29.75786655644343
30.06621833764952
30.25572225770347
30.731213991731604
30.445840421978023
30.497407844600595
30.714669897018577
31.071998828114385
30.89200075616477
30.85914244235572
31.02647868902067
31.263695079885373
31.265251284036985
31.06886645252209
31.0241073568538
31.25773504709804
31.243124035943847
30.930505354831208
30.676274784160576
30.539267574373547
30.585336788144716
30.748955943046624
30.65733132116742
30.79226707938057
30.737648416021226
30.72177998544887
30.792765123848135
30.840509295292236
30.982961578511283
30.864084088680954
30.955717933177752
30.89395051915834
30.771219142660662
30.802635533276813
30.887264292655793
30.892475657166727
30.966606455449746
30.865509794126144
31.115494662451407
31.316941485920655
31.242660503561435
31.24285671554053
31.379808839502218
31.870747006130806
31.72788974856954
31.595935585946286
31.418957325460127
31.346501173881425
31.487948699289113
31.379407885572707
31.398133311470236
31.284858828138688
31.255137846644434
31.13739302072504
31.054278518816567
31.067959717356715
31.004878048748367
30.913029558307883
30.901241710795933
31.15536675728854
31.258779216662237
31.332578038560943
31.127902477422058
31.132000023003872
30.958513290002024
30.921292426272448
30.85959926989502
30.848297534028557
30.83106570400189
31.060175785270523
30.958360184685187
30.945055272601564
31.05863543447127
30.97151516974125
30.85933711221631
30.857164426683866
30.930454061540807
31.086061381689092
30.981377765718797
30.87012960188027
30.717496321693858
30.79950578009558
30.76376271333217
30.67038729805129
30.77922255618779
30.91674050042826
30.98031765475824
30.991110319438544
31.1476661732117
31.200561450810977
31.236322666372953
31.01979582279934
30.94309324279766
26.9172146142404
30.514934210133738
23.358886998548073
24.1193012024335
25.83010193354232
24.081827793580224
23.154495252807944
25.581884500643206
24.705603530713137
23.26113163785619
23.983148432649926
24.47472763725349
24.293806746638477
24.051286725615952
23.92478808788524
23.56141451330425
23.49333822669731
23.629089236487307
24.18793360091487
23.963673037027256
24.44552378385037
23.83772694522625
24.300806464259882
23.726192204738954
23.56730217459489
23.651561947973192
23.81050372617158
23.231903299305554
23.366769491863664
23.400518273611784
23.856459174427904
24.128443984264436
23.953544824507716
23.595430694617413
23.7695764489403
23.62092490006334
23.900849533468655
23.891530324242876
24.102791009369895
24.011368315251048
23.9370339523054
24.143880155883323
23.976396220853843
24.138997848303834
24.009917164996196
24.058269617512035
24.014396204394956
24.1695385881553
24.09462062536626
24.335876057313875
24.133703815168815
24.198201535024502
24.23037224184294
24.388822028311456
23.95826447440665
24.07307583545821
23.84733709113756
23.652115234559755
23.8388613173711
23.620562137666724
23.629962316941
23.562524678877445
23.63307250922004
23.688333029008398
23.59450325202503
23.5188161857087
23.560452002065453
23.42913851107386
23.53967247940524
23.506801769712215
23.465695381297735
23.81057388707487
23.704497121538967
23.799042636700136
23.810026495967914
23.7377016676124
23.674556491647873
23.67972482952737
23.621590292550707
23.546912401728008
23.456317322130744
23.540511583599812
23.549957768098047
23.617589696354816
23.63813293734459
23.53046224336597
23.651087279971502
23.814447954322024
23.90477628839574
23.86845403417331
24.067236915821596
24.066120765361386
24.03076398671156
24.15793957403604
24.213055787102473
24.21974899727685
24.370062409443232
24.401530343831304
24.23892046165231
24.187737347272524
24.07511078183939
23.917818889412185
23.95487405178919
23.75126868300516
23.854365870549838
23.9221922709393
23.892971442823296
23.762207518862628
23.836707864819303
23.844924234312213
23.88955532827908
23.858153997568145
23.739337230465363
23.7732919075288
23.87197774708378
23.879047987688345
23.87481452441048
23.785112641397514
23.824484503604562
23.773609964496863
23.73349397564775
23.785303969080665
23.756517258956233
23.72762603585732
23.71153498166218
23.758501715857772
23.677831282706663
23.791932287167423
23.729298080839467
23.691837382696075
23.73536201960879
23.6289844847375
23.57904119306567
23.56556676254749
23.542115818835303
23.636395629294846
23.778249612340133
23.874314396705383
23.782631037201824
23.749737766300388
23.69420071681028
23.73797616036571
23.727722333269465
23.824389672151767
23.818011050685264
23.852154740630677
23.91485085434527
23.962572188668545
23.935670822066186
23.96561730063402
23.9230786164916
23.970981064750948
23.918447119497987
23.9091803564446
23.836621935096545
23.806562404696287
23.82544033577886
23.84484919992976
23.891360833315087
23.877132415328262
23.862482035446064
23.826613202146458
23.827592264452047
23.807025266264507
23.859619553734706
23.818530394980456
23.837545980331953
23.918897016940058
23.888608729323156
23.862285435341867
23.977973736616683
24.08041620592802
24.196705309580377
24.19727684330602
24.2405365002369
24.247136585839137
24.32997303903564
24.397319401774187
24.389804462578113
24.386012725452275
24.430982226381765
24.424592650116395
24.41461668693193
24.39039238829776
24.3690232507375
24.34116309329568
24.352089895161118
24.335753448728063
24.36342943073339
24.471845068352838
24.471873540845507
24.449889036526194
24.365669272006514
24.401445634549475
24.30770090210808
24.329246142310794
24.353441816244576
24.25743817946278
24.28193447892073
24.223498753206954
22.592347810322277
29.726999024607583
24.62203157354277
23.013264106792334
27.017189861234538
30.197204754526126
31.690939795084322
30.838084090667078
33.5423114407668
33.75785520869637
32.59910668891922
31.50040446781132
31.440095252710975
31.450675866379843
30.670470315871395
31.232444568925917
30.795085521560775
30.110509836987863
30.27637756544048
29.48185508012877
30.007908404137954
29.874619043004344
29.497519518971583
29.573294552857945
29.538220897399047
29.297034233192317
29.942569066706007
29.718901685861624
29.581316486516382
29.79175224176773
29.91115837404309
30.25620372299644
31.170689204155625
31.58752367259152
31.73964496969171
31.471201633242515
31.547653853267906
31.708717409610344
31.97300806897997
32.036688899766474
32.10887597500626
32.19282281116794
32.122474922968365
32.23901840835604
32.59798721695519
32.770061442464595
32.70917588237527
32.595981872413844
32.758604532164966
32.921529515375845
32.89644666064317
32.90944576968308
33.01345150155572
32.67468746468962
32.51892835937912
32.66551338508431
32.60303927991925
32.40911199772501
32.34187382139184
32.339943347635675
32.43371235705281
32.24935523685292
32.2849295616693
32.159560960173124
32.06948305962951
32.13943775503839
32.23537530191278
32.174970629587804
31.94622979697407
31.963625465529088
31.969851612006753
32.18927933535254
32.311588143294514
32.290639336775016
32.213516839578745
32.427081259787386
32.460772922185996
32.33897573631754
32.30696541410064
32.22820508066165
32.63459935117999
32.84310121081636
32.89340402650938
32.94570655721157
33.02219016165883
32.9974819633437
33.10561262300004
33.11039946644288
33.17876364353359
33.39115867095442
33.34532742023288
33.269805113786425
33.379364965805564
33.39500974457064
33.58011913289926
33.657678418724316
33.51901321056837
33.59430388519723
33.59891609106538
33.68701373366055
33.611354736391185
33.54069600645758
33.52232749966253
33.5494169150274
33.514425372261364
33.50595225532332
33.33453604447334
33.319038661455785
33.37638703022561
33.39539167366187
33.26380387340574
33.19933943543544
33.19964079827571
33.14532655489207
33.09980406824634
33.09162886744797
33.08741953350503
32.95527180936989
32.98963152466236
32.96927762720478
33.07865448687613
33.09041138881428
33.05146279440017
33.120178004639826
33.166210937205875
33.13739383846842
33.16697921001509
33.059397771387154
33.04527678816625
33.15063712746652
33.01200990612706
32.9823674792433
32.921362223741006
32.88092977390817
33.032920230177595
33.16998500190265
33.03779043601048
32.94920409933754
33.00650577652902
33.01289933927128
33.14480803407263
33.25769434375957
33.224086507244444
33.338825409739854
33.231069211224394
33.21891685189111
33.18130564504616
33.1589999659578
33.13230399961408
33.14258770484415
33.27292907417236
33.26436470608566
33.29764698372402
33.2459762207894
33.244235891046024
33.16728016459466
33.249041711874234
33.204461416028366
33.30642039150559
33.3186231398335
33.30112406153959
33.301232958653905
33.27811704152404
33.301488908037456
33.25458267086351
33.214553475003505
33.153529635155444
33.06988343583135
33.084115498880585
33.19284398238053
33.20485437702874
33.214706466971215
33.131209111945296
33.10715894645932
33.149804699636555
33.14096314091675
33.239522309996545
33.122029097374956
33.03369936723865
33.12927827991293
33.15546072659348
33.130233880365445
33.22041380952543
33.2466764464563
33.254828943580605
33.19077117481702
33.20867422986906
33.190875764672164
33.151230519786616
33.2043623976343
33.255930264771635
33.15528437298585
33.17424824101552
33.23207559996189
33.18126636888104
33.249882747793194
33.26122607428887
33.24754819345506
33.23747658649045
33.247679971628166
31.857683890807678
34.36067993632223
39.62600938370991
43.31986165031805
39.702224384765316
51.97269189259823
47.62775648905083
44.414055150834464
47.433604652093116
45.67663316739095
42.10725371886106
40.88626780534332
44.473237298605596
44.1493625947504
50.9301488770217
48.17777600059492
45.58965655620755
48.00012906787759
54.15280208269312
58.264964736025476
61.550386471897085
60.81022788265701
60.36491333883466
58.968069056329
60.75296891071094
61.82270484978656
60.910423088241345
62.21165614497547
60.650064788097914
60.46473710939791
64.21177512180986
62.69657761588175
63.51424084091292
63.68626395310524
64.75717030880176
63.54233882602042
63.040622248262466
63.94534362579293
62.53355473228714
60.466166704644266
60.21299448927505
63.41546814362154
65.92543192395178
64.78881484912202
63.57686166445135
64.139816242429
65.09677301241656
64.11508002471916
63.55821316858424
62.575300427466296
62.28010465950203
62.57332305352014
61.22401961302241
62.732913475250044
61.54985299874673
61.94228101284185
61.819233668156066
60.76229317412258
61.29998146335968
60.610263762947824
62.599072728478895
62.387889158683976
61.377416510176936
64.28522180720316
63.337129107350904
62.40735306754466
62.83438672750354
63.21993304339391
63.78769561857872
65.5494682871223
64.89250268318902
65.50090147272778
64.99877199796717
66.37262488651119
66.33113143603845
66.1466353003704
65.74117820061328
65.68019507507121
66.02011600433391
65.92654943527936
65.87031652869388
66.20821969659761
65.53323807903645
64.51582476503559
64.20993244764102
64.53750901210628
64.76861459581501
64.82472717761779
64.4274970695915
64.82928207089613
65.04486028876073
64.19461509649305
64.02701059059471
63.519864005835764
62.93373086466305
62.957975164548714
63.254509407683166
62.93543693956965
62.886989139126065
62.489937305841224
63.13716200164291
64.10284228676788
63.793438968104894
63.41353381572826
62.890692785045196
63.53720232190897
64.83574407819178
65.33951137995146
65.04278762249797
65.24480767874873
66.20719145195501
66.15127959779547
65.66455636532643
65.79321608835014
65.39324165143151
65.1052766429976
64.69557018993869
64.683944893406
64.77657851824583
64.50035637450121
64.04527647065274
64.31636743454452
64.83233896321578
65.52761901849492
64.94387997527457
64.80068892858411
64.5206422162158
63.998725162063124
63.46699879094762
63.306107028119435
62.82761677533207
62.56218454319809
62.123892902944135
61.98646793976296
61.66828624491616
61.199405802425744
61.06720310782425
61.10682031714914
61.00268193660216
60.87626514006892
60.601750078357156
61.28886015055072
60.79447173181393
60.93982370052717
60.48148490188014
60.299446072621706
60.07694397879137
60.23487543911057
61.93597293481553
62.10462512816943
62.01047999173075
61.80971109923066
61.72978346162968
61.61473259144018
61.500684877122964
61.419641344221326
61.36552938209442
61.21586120547963
61.68611625871504
61.66471916018549
61.74863637391824
61.45419852710659
61.55778579316745
60.96640040585341
60.86231000875977
60.74915475977558
60.54973324306016
60.62573985382374
60.37327291983033
60.36256211548399
59.99105179199734
59.693689027502636
59.564225580164475
59.56775399002816
59.59577810010101
59.4476495897318
59.34889710728487
59.06209147624722
58.896610720206304
59.08384893741244
58.66440243613043
58.360300301712705
58.33092848514143
58.84280963787721
58.53230711655441
58.81887078085913
58.79103355042181
58.65324456965095
58.55094481611006
58.48192562732173
58.20222661746733
58.06954089551906
58.02280767838082
57.78019875116128
57.449045930595766
57.387101373247305
57.508479214138255
57.299634304798225
57.390481364686224
57.54464439322963
45.32841387526516
19.413064213052326
36.73780464409222
32.11303285962833
40.172761579054985
32.3757415023574
34.31676900309015
39.26469907894877
47.889135441828586
46.808263043583516
43.52852566178281
45.40491783547037
46.502816094639954
43.482252424662775
39.58647052767101
35.33707320701219
34.74956536909451
35.62854287768903
35.56428535352965
33.23641688740021
34.94157448529624
33.52620803615971
34.261024928329746
33.1934701452037
36.25766917987945
33.07799017691163
32.039018356123655
32.50918796580768
31.902773536413903
32.259316859904054
33.01689154538454
34.35828541280913
34.67440743714556
33.96676777070351
32.563342744454694
35.70667132969026
36.52934765283246
35.30388259391656
34.43723587109801
33.672230227170616
32.89969513838662
31.043826043634187
32.08349499489568
31.9616872767269
31.486246311173353
30.639537902988653
30.118084221684956
30.239099523523063
29.582778711977763
29.178184767621772
30.657700832393378
32.27499768419868
33.37999762901149
33.0665823427477
34.350688207676924
34.64330198515185
35.32093553399546
35.776183821074795
36.01740279896049
36.53648477629208
35.72730566999957
35.085376989963834
34.80669716905823
33.93943581861305
35.384328978979944
34.53797701784379
34.13916328868102
33.32049376502881
33.42847078172334
34.64544849260761
34.32536309207994
33.183825680908676
33.76329997616223
33.97650342766641
33.719375676674396
34.63937809471821
34.182321375944774
34.50145070507274
34.63976705666355
34.72608277479721
34.480490237752385
34.07983837743479
33.86559252685747
34.222762079636816
33.666143427728635
34.40952924261472
35.1205457173523
35.59088775250568
35.747605891775876
35.39337895738165
34.84313472826588
35.31060593047492
35.59923324565168
35.75963248949975
35.47923915179973
35.39290672810482
35.77747370068028
36.243021114615786
36.0815624235674
35.093283935846735
34.87115126377233
34.55783916522978
35.07723781927383
35.130740487804246
35.07950191343215
34.99225299932157
34.59336746641923
34.440150999957346
34.404013995844046
34.386586645185986
34.72947438868188
34.67556874627886
34.332354667796096
34.25444619435285
34.13012876975271
34.36361284654087
35.093145570549275
34.93318866534027
35.02639856315294
34.762566528536055
34.82770067063088
34.655328518639244
34.63336135206951
34.96935625123908
34.68066031671051
34.595163519300435
34.614631840280374
34.73983069486954
34.90249101735539
34.97707678682558
35.521199187896116
35.96828689665714
35.74232139668735
35.44400176793681
35.831324853183865
35.68026564852097
35.783504528020316
35.653320664871096
36.06137168121723
35.89931173132105
35.66512252355122
35.41879724288517
35.439920360987124
35.340321625335484
35.10104330982278
35.289807639670954
35.408240112225315
35.16769326059052
35.07081069112455
34.78364457056643
34.615351837366084
34.81916959273985
35.15863215425153
34.920562509003446
34.93734013559221
35.03350940035781
34.71456008511535
34.899768784183756
34.50403194388849
34.67498234337147
34.41925806896726
34.5559324542938
34.64834745384963
34.62830894365593
34.53432937317081
34.364758245561866
34.45891413366511
34.35633784587532
34.451877218231786
34.66665708082291
34.33292655211885
34.1358500034051
33.77948688657854
33.61377679260553
33.558554746461695
33.328188651763476
33.1973783520116
33.33180301041407
33.013656784325086
33.50326242737551
33.55011509988132
33.43976628016485
33.20572761771258
33.149186363629624
33.06435203132007
33.63581679006699
33.33635745679002
33.14306568578278
33.082417667835855
32.998400380424734
32.59628664588659
32.258401650486405
32.457801867274036
32.40865772904788
32.54631170966308
32.511814533362575
32.20430969754209
32.55672759933511
32.17697301289683
32.26415133912205
