103 205 4 4 2397
102 204 6 6 5165
101 203 8 8 8319
100 202 10 10 13515
99 201 12 12 18414
98 200 14 14 25474
97 199 16 16 32757
96 198 18 18 40413
103 205 4 4 1993
102 204 6 6 3992
101 203 8 8 7149
100 202 10 10 11526
99 201 12 12 16125
98 200 14 14 21354
97 199 16 16 28403
96 198 18 18 35864
103 205 4 4 1683
102 204 6 6 4282
101 203 8 8 7758
100 202 10 10 11911
99 201 12 12 17164
98 200 14 14 23251
97 199 16 16 31957
96 198 18 18 40150
103 205 4 4 1756
102 204 6 6 3941
101 203 8 8 7143
100 202 10 10 11538
99 201 12 12 17797
98 200 14 14 23866
97 199 16 16 31311
96 198 18 18 38954
103 205 4 4 2090
102 204 6 6 4753
101 203 8 8 8347
100 202 10 10 12094
99 201 12 12 17466
98 200 14 14 24639
97 199 16 16 31760
96 198 18 18 39660
103 205 4 4 1701
102 204 6 6 4662
101 203 8 8 8683
100 202 10 10 12799
99 201 12 12 18294
98 200 14 14 25316
97 199 16 16 32081
96 198 18 18 41425
103 205 4 4 1856
102 204 6 6 4240
101 203 8 8 7018
100 202 10 10 11474
99 201 12 12 16748
98 200 14 14 23168
97 199 16 16 29500
96 198 18 18 37894
103 205 4 4 2150
102 204 6 6 4256
101 203 8 8 7372
100 202 10 10 11704
99 201 12 12 17016
98 200 14 14 22670
97 199 16 16 30108
96 198 18 18 38307
103 205 4 4 2356
102 204 6 6 4889
101 203 8 8 8217
100 202 10 10 12626
99 201 12 12 19245
98 200 14 14 25120
97 199 16 16 32203
96 198 18 18 40073
103 205 4 4 1995
102 204 6 6 3986
101 203 8 8 7502
100 202 10 10 11878
99 201 12 12 16934
98 200 14 14 22947
97 199 16 16 32249
96 198 18 18 39559
103 205 4 4 2684
102 204 6 6 5848
101 203 8 8 9078
100 202 10 10 12809
99 201 12 12 17544
98 200 14 14 23622
97 199 16 16 30272
96 198 18 18 38039
103 205 4 4 2478
102 204 6 6 5345
101 203 8 8 8235
100 202 10 10 12212
99 201 12 12 17233
98 200 14 14 24159
97 199 16 16 31213
96 198 18 18 40927
103 205 4 4 1543
102 204 6 6 3577
101 203 8 8 6686
100 202 10 10 10330
99 201 12 12 15990
98 200 14 14 22035
97 199 16 16 28648
96 198 18 18 35851
103 205 4 4 1946
102 204 6 6 4115
101 203 8 8 7472
100 202 10 10 12721
99 201 12 12 17480
98 200 14 14 22861
97 199 16 16 30596
96 198 18 18 39552
103 205 4 4 1574
102 204 6 6 3771
101 203 8 8 6436
100 202 10 10 10236
99 201 12 12 16210
98 200 14 14 22681
97 199 16 16 29738
96 198 18 18 37236
103 205 4 4 1828
102 204 6 6 4370
101 203 8 8 7829
100 202 10 10 11464
99 201 12 12 16804
98 200 14 14 23161
97 199 16 16 31017
96 198 18 18 39249
103 205 4 4 1645
102 204 6 6 4450
101 203 8 8 7140
100 202 10 10 11702
99 201 12 12 18285
98 200 14 14 25431
97 199 16 16 33650
96 198 18 18 43702
103 205 4 4 1817
102 204 6 6 4180
101 203 8 8 7256
100 202 10 10 10910
99 201 12 12 16542
98 200 14 14 23090
97 199 16 16 30088
96 198 18 18 37657
103 205 4 4 1802
102 204 6 6 4225
101 203 8 8 7731
100 202 10 10 12410
99 201 12 12 17768
98 200 14 14 24438
97 199 16 16 32178
96 198 18 18 41310
103 205 4 4 2277
102 204 6 6 4556
101 203 8 8 7672
100 202 10 10 11430
99 201 12 12 17211
98 200 14 14 23568
97 199 16 16 31074
96 198 18 18 39587
103 205 4 4 1833
102 204 6 6 3998
101 203 8 8 7580
100 202 10 10 12261
99 201 12 12 17364
98 200 14 14 23045
97 199 16 16 29841
96 198 18 18 38279
103 205 4 4 1873
102 204 6 6 3881
101 203 8 8 6953
100 202 10 10 10750
99 201 12 12 15992
98 200 14 14 23188
97 199 16 16 30723
96 198 18 18 38361
103 205 4 4 1796
102 204 6 6 4635
101 203 8 8 8984
100 202 10 10 13154
99 201 12 12 19965
98 200 14 14 25943
97 199 16 16 32842
96 198 18 18 40759
103 205 4 4 2071
102 204 6 6 4663
101 203 8 8 8436
100 202 10 10 13306
99 201 12 12 19438
98 200 14 14 26937
97 199 16 16 35872
96 198 18 18 44768
103 205 4 4 1655
102 204 6 6 4414
101 203 8 8 7612
100 202 10 10 12419
99 201 12 12 18143
98 200 14 14 24801
97 199 16 16 32009
96 198 18 18 40071
103 205 4 4 49296
102 204 6 6 87411
101 203 8 8 136506
100 202 10 10 187116
99 201 12 12 251796
98 200 14 14 328701
97 199 16 16 417337
96 198 18 18 520394
103 205 4 4 55989
102 204 6 6 98255
101 203 8 8 140014
100 202 10 10 194922
99 201 12 12 257283
98 200 14 14 333605
97 199 16 16 416237
96 198 18 18 510877
103 205 4 4 59479
102 204 6 6 94156
101 203 8 8 138741
100 202 10 10 192500
99 201 12 12 251279
98 200 14 14 325346
97 199 16 16 407194
96 198 18 18 504727
103 205 4 4 56622
102 204 6 6 89706
101 203 8 8 129124
100 202 10 10 173617
99 201 12 12 234313
98 200 14 14 309568
97 199 16 16 401802
96 198 18 18 494393
103 205 4 4 56598
102 204 6 6 98388
101 203 8 8 137883
100 202 10 10 189258
99 201 12 12 257437
98 200 14 14 333245
97 199 16 16 424474
96 198 18 18 521377
103 205 4 4 63294
102 204 6 6 100202
101 203 8 8 141771
100 202 10 10 194892
99 201 12 12 255819
98 200 14 14 321246
97 199 16 16 409712
96 198 18 18 509289
103 205 4 4 55321
102 204 6 6 91871
101 203 8 8 142377
100 202 10 10 197654
99 201 12 12 260660
98 200 14 14 336168
97 199 16 16 428351
96 198 18 18 523779
103 205 4 4 60441
102 204 6 6 99014
101 203 8 8 144385
100 202 10 10 199209
99 201 12 12 264210
98 200 14 14 349784
97 199 16 16 439214
96 198 18 18 540104
103 205 4 4 56083
102 204 6 6 92020
101 203 8 8 130564
100 202 10 10 181630
99 201 12 12 246476
98 200 14 14 313410
97 199 16 16 399825
96 198 18 18 494160
103 205 4 4 58543
102 204 6 6 93753
101 203 8 8 136627
100 202 10 10 187813
99 201 12 12 244984
98 200 14 14 313498
97 199 16 16 399931
96 198 18 18 496188
103 205 4 4 61880
102 204 6 6 103806
101 203 8 8 150688
100 202 10 10 203265
99 201 12 12 266678
98 200 14 14 345062
97 199 16 16 428577
96 198 18 18 537017
103 205 4 4 63053
102 204 6 6 102595
101 203 8 8 144247
100 202 10 10 196267
99 201 12 12 253362
98 200 14 14 326843
97 199 16 16 414861
96 198 18 18 508738
103 205 4 4 66817
102 204 6 6 102725
101 203 8 8 145830
100 202 10 10 196995
99 201 12 12 266234
98 200 14 14 340133
97 199 16 16 428917
96 198 18 18 523850
103 205 4 4 58646
102 204 6 6 97040
101 203 8 8 142984
100 202 10 10 188681
99 201 12 12 248763
98 200 14 14 320979
97 199 16 16 405001
96 198 18 18 508283
103 205 4 4 59217
102 204 6 6 101660
101 203 8 8 145955
100 202 10 10 197074
99 201 12 12 256827
98 200 14 14 330983
97 199 16 16 417567
96 198 18 18 504862
103 205 4 4 58299
102 204 6 6 96212
101 203 8 8 136597
100 202 10 10 189648
99 201 12 12 254549
98 200 14 14 327361
97 199 16 16 412041
96 198 18 18 504979
103 205 4 4 62047
102 204 6 6 99835
101 203 8 8 147450
100 202 10 10 201582
99 201 12 12 256453
98 200 14 14 329448
97 199 16 16 420865
96 198 18 18 515904
103 205 4 4 56540
102 204 6 6 98370
101 203 8 8 137696
100 202 10 10 192200
99 201 12 12 254601
98 200 14 14 332965
97 199 16 16 408303
96 198 18 18 501880
103 205 4 4 60674
102 204 6 6 100740
101 203 8 8 147122
100 202 10 10 204903
99 201 12 12 263031
98 200 14 14 342567
97 199 16 16 420023
96 198 18 18 511061
103 205 4 4 59992
102 204 6 6 99855
101 203 8 8 143032
100 202 10 10 202052
99 201 12 12 262933
98 200 14 14 334390
97 199 16 16 419106
96 198 18 18 520612
103 205 4 4 53843
102 204 6 6 96328
101 203 8 8 136967
100 202 10 10 191355
99 201 12 12 252491
98 200 14 14 324703
97 199 16 16 408622
96 198 18 18 501035
103 205 4 4 63233
102 204 6 6 97187
101 203 8 8 139637
100 202 10 10 191855
99 201 12 12 259252
98 200 14 14 335082
97 199 16 16 415402
96 198 18 18 510517
103 205 4 4 61255
102 204 6 6 96840
101 203 8 8 136701
100 202 10 10 192330
99 201 12 12 245876
98 200 14 14 312572
97 199 16 16 396184
96 198 18 18 492273
103 205 4 4 59168
102 204 6 6 94737
101 203 8 8 136612
100 202 10 10 184617
99 201 12 12 244560
98 200 14 14 315806
97 199 16 16 396716
96 198 18 18 487602
103 205 4 4 66723
102 204 6 6 110086
101 203 8 8 152396
100 202 10 10 207344
99 201 12 12 269440
98 200 14 14 341504
97 199 16 16 413855
96 198 18 18 509634
103 205 4 4 67520
102 204 6 6 104723
101 203 8 8 149496
100 202 10 10 198634
99 201 12 12 269056
98 200 14 14 341386
97 199 16 16 426571
96 198 18 18 519679
103 205 4 4 55486
102 204 6 6 97845
101 203 8 8 137356
100 202 10 10 192176
99 201 12 12 251110
98 200 14 14 326109
97 199 16 16 403334
96 198 18 18 505567
103 205 4 4 58672
102 204 6 6 97920
101 203 8 8 140950
100 202 10 10 193745
99 201 12 12 259710
98 200 14 14 329348
97 199 16 16 420167
96 198 18 18 525634
103 205 4 4 57807
102 204 6 6 102046
101 203 8 8 143913
100 202 10 10 198954
99 201 12 12 264616
98 200 14 14 342709
97 199 16 16 432532
96 198 18 18 531129
103 205 4 4 47909
102 204 6 6 89689
101 203 8 8 139066
100 202 10 10 193964
99 201 12 12 254350
98 200 14 14 330115
97 199 16 16 420364
96 198 18 18 522228
103 205 4 4 51791
102 204 6 6 89729
101 203 8 8 133751
100 202 10 10 192199
99 201 12 12 255113
98 200 14 14 330396
97 199 16 16 410676
96 198 18 18 508456
103 205 4 4 57090
102 204 6 6 95767
101 203 8 8 139259
100 202 10 10 194314
99 201 12 12 256128
98 200 14 14 336536
97 199 16 16 423016
96 198 18 18 515433
103 205 4 4 58244
102 204 6 6 97816
101 203 8 8 141136
100 202 10 10 191892
99 201 12 12 257918
98 200 14 14 315702
97 199 16 16 398173
96 198 18 18 498725
103 205 4 4 57467
102 204 6 6 97133
101 203 8 8 141703
100 202 10 10 190939
99 201 12 12 251483
98 200 14 14 325803
97 199 16 16 409975
96 198 18 18 507489
103 205 4 4 71869
102 204 6 6 108115
101 203 8 8 153969
100 202 10 10 215543
99 201 12 12 273379
98 200 14 14 346184
97 199 16 16 427287
96 198 18 18 524816
103 205 4 4 56822
102 204 6 6 89483
101 203 8 8 130073
100 202 10 10 185272
99 201 12 12 248748
98 200 14 14 322226
97 199 16 16 402808
96 198 18 18 499198
103 205 4 4 61844
102 204 6 6 102013
101 203 8 8 147774
100 202 10 10 197110
99 201 12 12 262266
98 200 14 14 330439
97 199 16 16 419998
96 198 18 18 516642
103 205 4 4 65444
102 204 6 6 100425
101 203 8 8 146234
100 202 10 10 197644
99 201 12 12 255739
98 200 14 14 327476
97 199 16 16 408154
96 198 18 18 507756
103 205 4 4 63876
102 204 6 6 98767
101 203 8 8 138939
100 202 10 10 190340
99 201 12 12 255004
98 200 14 14 327766
97 199 16 16 412621
96 198 18 18 507252
103 205 4 4 58215
102 204 6 6 94296
101 203 8 8 143286
100 202 10 10 198586
99 201 12 12 258195
98 200 14 14 330067
97 199 16 16 421081
96 198 18 18 516656
103 205 4 4 61563
102 204 6 6 99522
101 203 8 8 138503
100 202 10 10 192391
99 201 12 12 254992
98 200 14 14 327961
97 199 16 16 412423
96 198 18 18 510289
103 205 4 4 60352
102 204 6 6 98711
101 203 8 8 138883
100 202 10 10 191299
99 201 12 12 250285
98 200 14 14 319797
97 199 16 16 412015
96 198 18 18 510702
103 205 4 4 60366
102 204 6 6 97059
101 203 8 8 138594
100 202 10 10 188890
99 201 12 12 241372
98 200 14 14 318152
97 199 16 16 394736
96 198 18 18 482356
103 205 4 4 61487
102 204 6 6 96081
101 203 8 8 136478
100 202 10 10 184203
99 201 12 12 244274
98 200 14 14 312504
97 199 16 16 400794
96 198 18 18 502702
103 205 4 4 54225
102 204 6 6 93480
101 203 8 8 132555
100 202 10 10 181030
99 201 12 12 241406
98 200 14 14 314401
97 199 16 16 394249
96 198 18 18 494066
103 205 4 4 53610
102 204 6 6 90480
101 203 8 8 132090
100 202 10 10 175366
99 201 12 12 233442
98 200 14 14 298679
97 199 16 16 379487
96 198 18 18 473599
103 205 4 4 62107
102 204 6 6 99789
101 203 8 8 143644
100 202 10 10 199740
99 201 12 12 254120
98 200 14 14 325725
97 199 16 16 408491
96 198 18 18 501427
103 205 4 4 60768
102 204 6 6 93553
101 203 8 8 129233
100 202 10 10 178108
99 201 12 12 240929
98 200 14 14 304939
97 199 16 16 383083
96 198 18 18 472661
103 205 4 4 62342
102 204 6 6 100806
101 203 8 8 142307
100 202 10 10 192873
99 201 12 12 253877
98 200 14 14 323204
97 199 16 16 407729
96 198 18 18 496469
103 205 4 4 65450
102 204 6 6 99755
101 203 8 8 143199
100 202 10 10 190400
99 201 12 12 253771
98 200 14 14 328351
97 199 16 16 417527
96 198 18 18 511000
103 205 4 4 64306
102 204 6 6 98054
101 203 8 8 145867
100 202 10 10 198778
99 201 12 12 257274
98 200 14 14 328919
97 199 16 16 414227
96 198 18 18 504693
103 205 4 4 57356
102 204 6 6 93973
101 203 8 8 132120
100 202 10 10 178029
99 201 12 12 239547
98 200 14 14 309087
97 199 16 16 393095
96 198 18 18 480072
103 205 4 4 62372
102 204 6 6 100597
101 203 8 8 142284
100 202 10 10 190830
99 201 12 12 247517
98 200 14 14 318487
97 199 16 16 404384
96 198 18 18 497159
103 205 4 4 67778
102 204 6 6 105671
101 203 8 8 153452
100 202 10 10 203682
99 201 12 12 264510
98 200 14 14 340764
97 199 16 16 422172
96 198 18 18 521857
103 205 4 4 63084
102 204 6 6 101967
101 203 8 8 141393
100 202 10 10 196517
99 201 12 12 254680
98 200 14 14 327288
97 199 16 16 413922
96 198 18 18 505313
103 205 4 4 70369
102 204 6 6 105954
101 203 8 8 145383
100 202 10 10 200341
99 201 12 12 263645
98 200 14 14 338157
97 199 16 16 421732
96 198 18 18 516530
103 205 4 4 59057
102 204 6 6 98103
101 203 8 8 142485
100 202 10 10 198400
99 201 12 12 258059
98 200 14 14 322861
97 199 16 16 413378
96 198 18 18 499651
103 205 4 4 62013
102 204 6 6 98865
101 203 8 8 140483
100 202 10 10 190594
99 201 12 12 244989
98 200 14 14 315247
97 199 16 16 398635
96 198 18 18 490778
103 205 4 4 64828
102 204 6 6 107233
101 203 8 8 148825
100 202 10 10 194263
99 201 12 12 250102
98 200 14 14 324086
97 199 16 16 407123
96 198 18 18 504520
103 205 4 4 59248
102 204 6 6 96352
101 203 8 8 140866
100 202 10 10 187730
99 201 12 12 246346
98 200 14 14 318028
97 199 16 16 395292
96 198 18 18 482508
103 205 4 4 60747
102 204 6 6 99479
101 203 8 8 137785
100 202 10 10 186496
99 201 12 12 249122
98 200 14 14 321905
97 199 16 16 401965
96 198 18 18 494628
103 205 4 4 65393
102 204 6 6 102335
101 203 8 8 141666
100 202 10 10 188101
99 201 12 12 245985
98 200 14 14 319181
97 199 16 16 407627
96 198 18 18 508577
103 205 4 4 63376
102 204 6 6 98525
101 203 8 8 144042
100 202 10 10 200112
99 201 12 12 258451
98 200 14 14 331818
97 199 16 16 423436
96 198 18 18 518694
103 205 4 4 63433
102 204 6 6 96500
101 203 8 8 141277
100 202 10 10 188390
99 201 12 12 249796
98 200 14 14 323528
97 199 16 16 404860
96 198 18 18 496651
103 205 4 4 62775
102 204 6 6 97895
101 203 8 8 133710
100 202 10 10 189594
99 201 12 12 252363
98 200 14 14 325317
97 199 16 16 409513
96 198 18 18 497101
103 205 4 4 67294
102 204 6 6 106119
101 203 8 8 143432
100 202 10 10 191406
99 201 12 12 253154
98 200 14 14 323814
97 199 16 16 407503
96 198 18 18 496034
103 205 4 4 62570
102 204 6 6 98261
101 203 8 8 142239
100 202 10 10 188149
99 201 12 12 242701
98 200 14 14 314080
97 199 16 16 393214
96 198 18 18 487900
103 205 4 4 59347
102 204 6 6 99130
101 203 8 8 141086
100 202 10 10 192548
99 201 12 12 256545
98 200 14 14 334676
97 199 16 16 410294
96 198 18 18 502590
103 205 4 4 71391
102 204 6 6 103402
101 203 8 8 145212
100 202 10 10 192915
99 201 12 12 250481
98 200 14 14 316459
97 199 16 16 386630
96 198 18 18 482944
103 205 4 4 61742
102 204 6 6 99480
101 203 8 8 141170
100 202 10 10 195740
99 201 12 12 262299
98 200 14 14 340537
97 199 16 16 418262
96 198 18 18 518178
103 205 4 4 70126
102 204 6 6 107185
101 203 8 8 147616
100 202 10 10 196524
99 201 12 12 261173
98 200 14 14 335692
97 199 16 16 415951
96 198 18 18 524836
103 205 4 4 60625
102 204 6 6 99389
101 203 8 8 142937
100 202 10 10 195644
99 201 12 12 259903
98 200 14 14 326463
97 199 16 16 402634
96 198 18 18 502031
103 205 4 4 58248
102 204 6 6 98805
101 203 8 8 149060
100 202 10 10 191114
99 201 12 12 249136
98 200 14 14 321773
97 199 16 16 395882
96 198 18 18 494660
103 205 4 4 58900
102 204 6 6 95552
101 203 8 8 138451
100 202 10 10 188575
99 201 12 12 250701
98 200 14 14 323667
97 199 16 16 401259
96 198 18 18 493454
103 205 4 4 58699
102 204 6 6 93762
101 203 8 8 133565
100 202 10 10 183265
99 201 12 12 241758
98 200 14 14 316650
97 199 16 16 401203
96 198 18 18 495228
103 205 4 4 65703
102 204 6 6 100504
101 203 8 8 136838
100 202 10 10 187820
99 201 12 12 244830
98 200 14 14 326775
97 199 16 16 406379
96 198 18 18 498046
103 205 4 4 62010
102 204 6 6 99859
101 203 8 8 140690
100 202 10 10 195040
99 201 12 12 251318
98 200 14 14 326848
97 199 16 16 409674
96 198 18 18 504016
103 205 4 4 58219
102 204 6 6 94766
101 203 8 8 138752
100 202 10 10 187682
99 201 12 12 246699
98 200 14 14 318994
97 199 16 16 407881
96 198 18 18 505128
103 205 4 4 60581
102 204 6 6 98925
101 203 8 8 143510
100 202 10 10 195542
99 201 12 12 252340
98 200 14 14 322185
97 199 16 16 406301
96 198 18 18 506386
103 205 4 4 57419
102 204 6 6 94581
101 203 8 8 131903
100 202 10 10 183612
99 201 12 12 239305
98 200 14 14 311628
97 199 16 16 400300
96 198 18 18 501467
103 205 4 4 68739
102 204 6 6 113324
101 203 8 8 154541
100 202 10 10 206990
99 201 12 12 271330
98 200 14 14 341204
97 199 16 16 422926
96 198 18 18 522492
103 205 4 4 58264
102 204 6 6 92362
101 203 8 8 137576
100 202 10 10 189268
99 201 12 12 249123
98 200 14 14 319152
97 199 16 16 398430
96 198 18 18 499397
103 205 4 4 63906
102 204 6 6 102269
101 203 8 8 144327
100 202 10 10 192864
99 201 12 12 255603
98 200 14 14 327427
97 199 16 16 419600
96 198 18 18 516703
103 205 4 4 61020
102 204 6 6 96464
101 203 8 8 138395
100 202 10 10 186895
99 201 12 12 253348
98 200 14 14 319147
97 199 16 16 410706
96 198 18 18 499437
103 205 4 4 62174
102 204 6 6 97960
101 203 8 8 146239
100 202 10 10 196796
99 201 12 12 261960
98 200 14 14 332432
97 199 16 16 409188
96 198 18 18 514046
103 205 4 4 58619
102 204 6 6 91592
101 203 8 8 133313
100 202 10 10 181435
99 201 12 12 245218
98 200 14 14 316796
97 199 16 16 397737
96 198 18 18 494418
103 205 4 4 65654
102 204 6 6 99464
101 203 8 8 140783
100 202 10 10 188675
99 201 12 12 246241
98 200 14 14 315149
97 199 16 16 398765
96 198 18 18 489658
103 205 4 4 66755
102 204 6 6 101205
101 203 8 8 137144
100 202 10 10 194049
99 201 12 12 252151
98 200 14 14 320989
97 199 16 16 407281
96 198 18 18 502217
103 205 4 4 60762
102 204 6 6 101986
101 203 8 8 146550
100 202 10 10 198468
99 201 12 12 263916
98 200 14 14 337129
97 199 16 16 421812
96 198 18 18 513448
103 205 4 4 65376
102 204 6 6 103568
101 203 8 8 145846
100 202 10 10 200682
99 201 12 12 260168
98 200 14 14 330118
97 199 16 16 411966
96 198 18 18 506326
103 205 4 4 61137
102 204 6 6 97869
101 203 8 8 141272
100 202 10 10 196284
99 201 12 12 252713
98 200 14 14 314676
97 199 16 16 398472
96 198 18 18 493305
103 205 4 4 62216
102 204 6 6 97547
101 203 8 8 137513
100 202 10 10 187952
99 201 12 12 243866
98 200 14 14 313376
97 199 16 16 394938
96 198 18 18 493457
103 205 4 4 57264
102 204 6 6 92979
101 203 8 8 127702
100 202 10 10 179017
99 201 12 12 242547
98 200 14 14 310897
97 199 16 16 390942
96 198 18 18 482001
103 205 4 4 59593
102 204 6 6 96092
101 203 8 8 138625
100 202 10 10 187125
99 201 12 12 248378
98 200 14 14 317641
97 199 16 16 399287
96 198 18 18 490794
103 205 4 4 62400
102 204 6 6 101706
101 203 8 8 143984
100 202 10 10 191986
99 201 12 12 255460
98 200 14 14 325248
97 199 16 16 409534
96 198 18 18 507076
103 205 4 4 61971
102 204 6 6 97278
101 203 8 8 138439
100 202 10 10 185582
99 201 12 12 246395
98 200 14 14 311210
97 199 16 16 405688
96 198 18 18 505909
103 205 4 4 65458
102 204 6 6 104189
101 203 8 8 146418
100 202 10 10 202520
99 201 12 12 266037
98 200 14 14 335337
97 199 16 16 416564
96 198 18 18 508936
103 205 4 4 65366
102 204 6 6 98704
101 203 8 8 146994
100 202 10 10 193427
99 201 12 12 252380
98 200 14 14 326304
97 199 16 16 413299
96 198 18 18 507405
103 205 4 4 59725
102 204 6 6 95785
101 203 8 8 139124
100 202 10 10 186797
99 201 12 12 245178
98 200 14 14 318205
97 199 16 16 404582
96 198 18 18 492503
103 205 4 4 54691
102 204 6 6 96486
101 203 8 8 140134
100 202 10 10 189812
99 201 12 12 254259
98 200 14 14 323163
97 199 16 16 404222
96 198 18 18 493877
103 205 4 4 57218
102 204 6 6 91636
101 203 8 8 128948
100 202 10 10 182135
99 201 12 12 238039
98 200 14 14 305133
97 199 16 16 387436
96 198 18 18 488466
103 205 4 4 66107
102 204 6 6 103234
101 203 8 8 150522
100 202 10 10 197119
99 201 12 12 261357
98 200 14 14 328244
97 199 16 16 411549
96 198 18 18 500794
103 205 4 4 66651
102 204 6 6 106302
101 203 8 8 151749
100 202 10 10 198558
99 201 12 12 253173
98 200 14 14 315035
97 199 16 16 399597
96 198 18 18 483069
103 205 4 4 60832
102 204 6 6 105167
101 203 8 8 147479
100 202 10 10 200095
99 201 12 12 260016
98 200 14 14 325385
97 199 16 16 403351
96 198 18 18 499200
103 205 4 4 62291
102 204 6 6 98644
101 203 8 8 138375
100 202 10 10 184608
99 201 12 12 243121
98 200 14 14 310161
97 199 16 16 392608
96 198 18 18 486706
103 205 4 4 66659
102 204 6 6 103078
101 203 8 8 147116
100 202 10 10 200120
99 201 12 12 261660
98 200 14 14 333302
97 199 16 16 412021
96 198 18 18 504631
103 205 4 4 70137
102 204 6 6 100695
101 203 8 8 143407
100 202 10 10 192503
99 201 12 12 256550
98 200 14 14 330767
97 199 16 16 413680
96 198 18 18 498003
103 205 4 4 58585
102 204 6 6 97467
101 203 8 8 137091
100 202 10 10 185241
99 201 12 12 247917
98 200 14 14 317161
97 199 16 16 398286
96 198 18 18 497342
103 205 4 4 57665
102 204 6 6 92810
101 203 8 8 131362
100 202 10 10 184665
99 201 12 12 244577
98 200 14 14 321207
97 199 16 16 400105
96 198 18 18 495408
103 205 4 4 53287
102 204 6 6 91680
101 203 8 8 137546
100 202 10 10 190722
99 201 12 12 250561
98 200 14 14 325171
97 199 16 16 419185
96 198 18 18 514163
103 205 4 4 59301
102 204 6 6 94019
101 203 8 8 127262
100 202 10 10 177289
99 201 12 12 240022
98 200 14 14 305474
97 199 16 16 380072
96 198 18 18 469633
103 205 4 4 64001
102 204 6 6 97634
101 203 8 8 136701
100 202 10 10 185549
99 201 12 12 249555
98 200 14 14 318876
97 199 16 16 396536
96 198 18 18 491450
103 205 4 4 67000
102 204 6 6 97604
101 203 8 8 139178
100 202 10 10 189230
99 201 12 12 249919
98 200 14 14 316521
97 199 16 16 395685
96 198 18 18 485358
103 205 4 4 59452
102 204 6 6 95946
101 203 8 8 132067
100 202 10 10 191102
99 201 12 12 250603
98 200 14 14 323356
97 199 16 16 408964
96 198 18 18 501419
103 205 4 4 63599
102 204 6 6 102906
101 203 8 8 138740
100 202 10 10 189950
99 201 12 12 246919
98 200 14 14 320802
97 199 16 16 402039
96 198 18 18 496460
103 205 4 4 58846
102 204 6 6 96689
101 203 8 8 141154
100 202 10 10 187012
99 201 12 12 249369
98 200 14 14 320440
97 199 16 16 400320
96 198 18 18 493632
103 205 4 4 58325
102 204 6 6 95832
101 203 8 8 135969
100 202 10 10 188300
99 201 12 12 252409
98 200 14 14 330911
97 199 16 16 415781
96 198 18 18 502060
103 205 4 4 68365
102 204 6 6 101558
101 203 8 8 140236
100 202 10 10 191423
99 201 12 12 246909
98 200 14 14 327888
97 199 16 16 403388
96 198 18 18 498163
103 205 4 4 66810
102 204 6 6 100504
101 203 8 8 138243
100 202 10 10 188397
99 201 12 12 245975
98 200 14 14 307118
97 199 16 16 382355
96 198 18 18 475421
103 205 4 4 61189
102 204 6 6 97531
101 203 8 8 139367
100 202 10 10 186139
99 201 12 12 243769
98 200 14 14 309592
97 199 16 16 388697
96 198 18 18 488296
103 205 4 4 55904
102 204 6 6 92647
101 203 8 8 135116
100 202 10 10 188600
99 201 12 12 254121
98 200 14 14 318862
97 199 16 16 401716
96 198 18 18 496105
103 205 4 4 59001
102 204 6 6 94919
101 203 8 8 137365
100 202 10 10 196852
99 201 12 12 258443
98 200 14 14 326129
97 199 16 16 417399
96 198 18 18 517057
103 205 4 4 65954
102 204 6 6 109169
101 203 8 8 149431
100 202 10 10 203976
99 201 12 12 270026
98 200 14 14 340112
97 199 16 16 427759
96 198 18 18 518533
103 205 4 4 66289
102 204 6 6 105146
101 203 8 8 149678
100 202 10 10 203187
99 201 12 12 264864
98 200 14 14 332201
97 199 16 16 410712
96 198 18 18 507920
103 205 4 4 61297
102 204 6 6 99904
101 203 8 8 142223
100 202 10 10 196262
99 201 12 12 253625
98 200 14 14 323173
97 199 16 16 404818
96 198 18 18 505354
103 205 4 4 58544
102 204 6 6 98916
101 203 8 8 132945
100 202 10 10 186449
99 201 12 12 250565
98 200 14 14 327501
97 199 16 16 408751
96 198 18 18 499567
103 205 4 4 58111
102 204 6 6 92595
101 203 8 8 137294
100 202 10 10 185929
99 201 12 12 246060
98 200 14 14 314926
97 199 16 16 402475
96 198 18 18 510936
103 205 4 4 62481
102 204 6 6 99976
101 203 8 8 141360
100 202 10 10 188383
99 201 12 12 245076
98 200 14 14 319169
97 199 16 16 398833
96 198 18 18 501641
103 205 4 4 54242
102 204 6 6 93602
101 203 8 8 135871
100 202 10 10 181715
99 201 12 12 241564
98 200 14 14 309431
97 199 16 16 387746
96 198 18 18 483995
103 205 4 4 62251
102 204 6 6 94809
101 203 8 8 134859
100 202 10 10 183503
99 201 12 12 245533
98 200 14 14 323584
97 199 16 16 410069
96 198 18 18 507484
103 205 4 4 62605
102 204 6 6 95791
101 203 8 8 134203
100 202 10 10 183043
99 201 12 12 244746
98 200 14 14 312973
97 199 16 16 399227
96 198 18 18 488721
103 205 4 4 59747
102 204 6 6 97361
101 203 8 8 139744
100 202 10 10 190460
99 201 12 12 254674
98 200 14 14 320857
97 199 16 16 403722
96 198 18 18 503641
103 205 4 4 64735
102 204 6 6 105035
101 203 8 8 145184
100 202 10 10 191326
99 201 12 12 249247
98 200 14 14 324616
97 199 16 16 403561
96 198 18 18 495669
103 205 4 4 63200
102 204 6 6 98387
101 203 8 8 144671
100 202 10 10 197661
99 201 12 12 257063
98 200 14 14 332629
97 199 16 16 412856
96 198 18 18 506266
103 205 4 4 62257
102 204 6 6 95812
101 203 8 8 131770
100 202 10 10 183114
99 201 12 12 240006
98 200 14 14 318571
97 199 16 16 403564
96 198 18 18 496537
103 205 4 4 62912
102 204 6 6 99173
101 203 8 8 138232
100 202 10 10 190335
99 201 12 12 251714
98 200 14 14 320020
97 199 16 16 393799
96 198 18 18 492547
103 205 4 4 63082
102 204 6 6 92487
101 203 8 8 127794
100 202 10 10 178222
99 201 12 12 242849
98 200 14 14 312644
97 199 16 16 390813
96 198 18 18 487476
103 205 4 4 58977
102 204 6 6 94212
101 203 8 8 132217
100 202 10 10 187099
99 201 12 12 243546
98 200 14 14 306344
97 199 16 16 381471
96 198 18 18 467284
103 205 4 4 62162
102 204 6 6 92626
101 203 8 8 131956
100 202 10 10 178563
99 201 12 12 239765
98 200 14 14 312484
97 199 16 16 392209
96 198 18 18 480539
103 205 4 4 61150
102 204 6 6 94007
101 203 8 8 137904
100 202 10 10 192902
99 201 12 12 253270
98 200 14 14 322173
97 199 16 16 401084
96 198 18 18 491170
103 205 4 4 62117
102 204 6 6 96965
101 203 8 8 142511
100 202 10 10 196093
99 201 12 12 258791
98 200 14 14 328504
97 199 16 16 417695
96 198 18 18 508990
103 205 4 4 55355
102 204 6 6 83891
101 203 8 8 123458
100 202 10 10 171940
99 201 12 12 231880
98 200 14 14 302427
97 199 16 16 385878
96 198 18 18 484785
103 205 4 4 66743
102 204 6 6 103927
101 203 8 8 149803
100 202 10 10 198795
99 201 12 12 251557
98 200 14 14 317894
97 199 16 16 399146
96 198 18 18 495271
103 205 4 4 59352
102 204 6 6 90633
101 203 8 8 131412
100 202 10 10 182771
99 201 12 12 239191
98 200 14 14 311773
97 199 16 16 388715
96 198 18 18 489923
103 205 4 4 64426
102 204 6 6 99324
101 203 8 8 143927
100 202 10 10 193927
99 201 12 12 255454
98 200 14 14 327277
97 199 16 16 410656
96 198 18 18 503972
103 205 4 4 62907
102 204 6 6 97504
101 203 8 8 136832
100 202 10 10 188270
99 201 12 12 247937
98 200 14 14 316663
97 199 16 16 396864
96 198 18 18 491054
103 205 4 4 66845
102 204 6 6 100059
101 203 8 8 136665
100 202 10 10 185770
99 201 12 12 240805
98 200 14 14 312874
97 199 16 16 396297
96 198 18 18 487343
103 205 4 4 55929
102 204 6 6 93613
101 203 8 8 133764
100 202 10 10 177621
99 201 12 12 234369
98 200 14 14 303438
97 199 16 16 382363
96 198 18 18 477145
103 205 4 4 59526
102 204 6 6 93037
101 203 8 8 128152
100 202 10 10 179901
99 201 12 12 236329
98 200 14 14 309343
97 199 16 16 392044
96 198 18 18 491412
103 205 4 4 57332
102 204 6 6 90687
101 203 8 8 142254
100 202 10 10 188848
99 201 12 12 242375
98 200 14 14 310767
97 199 16 16 393247
96 198 18 18 490828
103 205 4 4 63025
102 204 6 6 98533
101 203 8 8 137529
100 202 10 10 182084
99 201 12 12 244471
98 200 14 14 317182
97 199 16 16 402977
96 198 18 18 494614
103 205 4 4 64655
102 204 6 6 97533
101 203 8 8 137659
100 202 10 10 184659
99 201 12 12 235834
98 200 14 14 303472
97 199 16 16 386596
96 198 18 18 479367
103 205 4 4 67461
102 204 6 6 107321
101 203 8 8 144975
100 202 10 10 191086
99 201 12 12 247149
98 200 14 14 322016
97 199 16 16 404539
96 198 18 18 494207
103 205 4 4 60332
102 204 6 6 100305
101 203 8 8 142918
100 202 10 10 188358
99 201 12 12 248452
98 200 14 14 327611
97 199 16 16 401978
96 198 18 18 498119
103 205 4 4 62458
102 204 6 6 101994
101 203 8 8 144200
100 202 10 10 187432
99 201 12 12 247145
98 200 14 14 318054
97 199 16 16 398309
96 198 18 18 496405
103 205 4 4 58261
102 204 6 6 96705
101 203 8 8 136840
100 202 10 10 188244
99 201 12 12 248327
98 200 14 14 312289
97 199 16 16 389884
96 198 18 18 482054
103 205 4 4 62961
102 204 6 6 99224
101 203 8 8 138821
100 202 10 10 195251
99 201 12 12 250667
98 200 14 14 326342
97 199 16 16 398493
96 198 18 18 484421
103 205 4 4 59084
102 204 6 6 99761
101 203 8 8 138972
100 202 10 10 187007
99 201 12 12 242291
98 200 14 14 314020
97 199 16 16 410235
96 198 18 18 504020
103 205 4 4 60049
102 204 6 6 93595
101 203 8 8 132185
100 202 10 10 184529
99 201 12 12 244042
98 200 14 14 306980
97 199 16 16 387051
96 198 18 18 482060
103 205 4 4 66587
102 204 6 6 96248
101 203 8 8 142713
100 202 10 10 192338
99 201 12 12 250002
98 200 14 14 320405
97 199 16 16 400921
96 198 18 18 501684
103 205 4 4 60581
102 204 6 6 91283
101 203 8 8 132646
100 202 10 10 181657
99 201 12 12 237452
98 200 14 14 309197
97 199 16 16 391550
96 198 18 18 483570
103 205 4 4 61786
102 204 6 6 93418
101 203 8 8 134753
100 202 10 10 183415
99 201 12 12 243624
98 200 14 14 322703
97 199 16 16 400266
96 198 18 18 489680
103 205 4 4 64198
102 204 6 6 97926
101 203 8 8 141681
100 202 10 10 191005
99 201 12 12 251998
98 200 14 14 321607
97 199 16 16 400073
96 198 18 18 490759
103 205 4 4 57621
102 204 6 6 93977
101 203 8 8 136025
100 202 10 10 183080
99 201 12 12 239883
98 200 14 14 307672
97 199 16 16 388883
96 198 18 18 481600
103 205 4 4 53353
102 204 6 6 89595
101 203 8 8 129415
100 202 10 10 181254
99 201 12 12 237877
98 200 14 14 312623
97 199 16 16 395990
96 198 18 18 484497
103 205 4 4 59204
102 204 6 6 96865
101 203 8 8 142315
100 202 10 10 194288
99 201 12 12 247536
98 200 14 14 319816
97 199 16 16 399141
96 198 18 18 491618
103 205 4 4 59489
102 204 6 6 97099
101 203 8 8 133817
100 202 10 10 185385
99 201 12 12 243010
98 200 14 14 308459
97 199 16 16 384588
96 198 18 18 482296
103 205 4 4 56424
102 204 6 6 86735
101 203 8 8 131237
100 202 10 10 179227
99 201 12 12 238898
98 200 14 14 305307
97 199 16 16 386301
96 198 18 18 487183
103 205 4 4 62441
102 204 6 6 99898
101 203 8 8 142611
100 202 10 10 196620
99 201 12 12 251796
98 200 14 14 329907
97 199 16 16 415438
96 198 18 18 506094
103 205 4 4 62219
102 204 6 6 92402
101 203 8 8 136632
100 202 10 10 185010
99 201 12 12 249610
98 200 14 14 316719
97 199 16 16 393925
96 198 18 18 484477
103 205 4 4 63551
102 204 6 6 98597
101 203 8 8 138752
100 202 10 10 187245
99 201 12 12 241993
98 200 14 14 308399
97 199 16 16 386989
96 198 18 18 477387
103 205 4 4 60851
102 204 6 6 98090
101 203 8 8 137606
100 202 10 10 188324
99 201 12 12 244563
98 200 14 14 312289
97 199 16 16 394875
96 198 18 18 489365
103 205 4 4 61263
102 204 6 6 102839
101 203 8 8 140242
100 202 10 10 185698
99 201 12 12 238246
98 200 14 14 302270
97 199 16 16 384485
96 198 18 18 476288
103 205 4 4 63064
102 204 6 6 95643
101 203 8 8 134036
100 202 10 10 180442
99 201 12 12 233179
98 200 14 14 307036
97 199 16 16 389669
96 198 18 18 484064
103 205 4 4 64987
102 204 6 6 103085
101 203 8 8 140754
100 202 10 10 188203
99 201 12 12 252803
98 200 14 14 321065
97 199 16 16 400084
96 198 18 18 494876
103 205 4 4 58804
102 204 6 6 88402
101 203 8 8 125714
100 202 10 10 177566
99 201 12 12 234462
98 200 14 14 309542
97 199 16 16 389450
96 198 18 18 484855
103 205 4 4 59647
102 204 6 6 96300
101 203 8 8 141148
100 202 10 10 194769
99 201 12 12 256544
98 200 14 14 327912
97 199 16 16 410811
96 198 18 18 493087
103 205 4 4 61013
102 204 6 6 93412
101 203 8 8 135751
100 202 10 10 192066
99 201 12 12 246821
98 200 14 14 319252
97 199 16 16 401571
96 198 18 18 487906
103 205 4 4 57267
102 204 6 6 89072
101 203 8 8 132426
100 202 10 10 178790
99 201 12 12 241261
98 200 14 14 313984
97 199 16 16 396017
96 198 18 18 492533
103 205 4 4 60410
102 204 6 6 92712
101 203 8 8 131827
100 202 10 10 180331
99 201 12 12 244932
98 200 14 14 313847
97 199 16 16 391407
96 198 18 18 483334
103 205 4 4 66877
102 204 6 6 106703
101 203 8 8 144468
100 202 10 10 196518
99 201 12 12 252868
98 200 14 14 325428
97 199 16 16 405603
96 198 18 18 500445
103 205 4 4 62039
102 204 6 6 99723
101 203 8 8 134834
100 202 10 10 186017
99 201 12 12 247612
98 200 14 14 316755
97 199 16 16 404735
96 198 18 18 493124
103 205 4 4 60240
102 204 6 6 97517
101 203 8 8 138833
100 202 10 10 188295
99 201 12 12 248251
98 200 14 14 317447
97 199 16 16 405393
96 198 18 18 503650
103 205 4 4 61173
102 204 6 6 92860
101 203 8 8 136574
100 202 10 10 192202
99 201 12 12 249155
98 200 14 14 323792
97 199 16 16 409309
96 198 18 18 501881
103 205 4 4 56784
102 204 6 6 97133
101 203 8 8 139588
100 202 10 10 190648
99 201 12 12 239064
98 200 14 14 308972
97 199 16 16 385566
96 198 18 18 482526
103 205 4 4 61175
102 204 6 6 92630
101 203 8 8 135896
100 202 10 10 188992
99 201 12 12 250616
98 200 14 14 318058
97 199 16 16 395644
96 198 18 18 493296
103 205 4 4 65365
102 204 6 6 97106
101 203 8 8 136373
100 202 10 10 181596
99 201 12 12 238758
98 200 14 14 312012
97 199 16 16 406801
96 198 18 18 499256
103 205 4 4 55748
102 204 6 6 92793
101 203 8 8 132570
100 202 10 10 184178
99 201 12 12 243145
98 200 14 14 312872
97 199 16 16 396303
96 198 18 18 491543
103 205 4 4 66073
102 204 6 6 100754
101 203 8 8 140632
100 202 10 10 190057
99 201 12 12 242851
98 200 14 14 309527
97 199 16 16 390014
96 198 18 18 474248
103 205 4 4 60723
102 204 6 6 94764
101 203 8 8 133775
100 202 10 10 180587
99 201 12 12 235589
98 200 14 14 305554
97 199 16 16 390061
96 198 18 18 479008
103 205 4 4 56021
102 204 6 6 92539
101 203 8 8 133786
100 202 10 10 180151
99 201 12 12 234908
98 200 14 14 299334
97 199 16 16 387298
96 198 18 18 488428
103 205 4 4 60329
102 204 6 6 93092
101 203 8 8 133452
100 202 10 10 177781
99 201 12 12 237421
98 200 14 14 300854
97 199 16 16 385830
96 198 18 18 478902
103 205 4 4 58739
102 204 6 6 93801
101 203 8 8 128112
100 202 10 10 169331
99 201 12 12 231114
98 200 14 14 300512
97 199 16 16 381109
96 198 18 18 474166
103 205 4 4 58686
102 204 6 6 93494
101 203 8 8 136350
100 202 10 10 184036
99 201 12 12 247657
98 200 14 14 313326
97 199 16 16 381817
96 198 18 18 469138
103 205 4 4 67435
102 204 6 6 101340
101 203 8 8 143335
100 202 10 10 188380
99 201 12 12 247253
98 200 14 14 311291
97 199 16 16 403506
96 198 18 18 490853
103 205 4 4 63196
102 204 6 6 101087
101 203 8 8 146160
100 202 10 10 194649
99 201 12 12 259946
98 200 14 14 325620
97 199 16 16 405152
96 198 18 18 501399
103 205 4 4 58418
102 204 6 6 92501
101 203 8 8 130522
100 202 10 10 178016
99 201 12 12 242806
98 200 14 14 305977
97 199 16 16 391977
96 198 18 18 479163
103 205 4 4 61077
102 204 6 6 97179
101 203 8 8 137635
100 202 10 10 183332
99 201 12 12 240914
98 200 14 14 305246
97 199 16 16 388647
96 198 18 18 489323
103 205 4 4 60870
102 204 6 6 98326
101 203 8 8 137838
100 202 10 10 186490
99 201 12 12 247372
98 200 14 14 319556
97 199 16 16 400906
96 198 18 18 491368
103 205 4 4 55015
102 204 6 6 91564
101 203 8 8 130625
100 202 10 10 180696
99 201 12 12 235820
98 200 14 14 310564
97 199 16 16 387693
96 198 18 18 476370
103 205 4 4 53236
102 204 6 6 90157
101 203 8 8 137199
100 202 10 10 184869
99 201 12 12 241334
98 200 14 14 306440
97 199 16 16 387942
96 198 18 18 478447
103 205 4 4 62314
102 204 6 6 98562
101 203 8 8 139571
100 202 10 10 189648
99 201 12 12 248243
98 200 14 14 312876
97 199 16 16 391902
96 198 18 18 492233
103 205 4 4 60624
102 204 6 6 94872
101 203 8 8 135748
100 202 10 10 180652
99 201 12 12 233132
98 200 14 14 298836
97 199 16 16 381158
96 198 18 18 472499
103 205 4 4 64082
102 204 6 6 99427
101 203 8 8 136826
100 202 10 10 180960
99 201 12 12 239792
98 200 14 14 310116
97 199 16 16 389396
96 198 18 18 475161
103 205 4 4 58050
102 204 6 6 88542
101 203 8 8 127698
100 202 10 10 180787
99 201 12 12 238490
98 200 14 14 305172
97 199 16 16 394257
96 198 18 18 483724
103 205 4 4 60316
102 204 6 6 98961
101 203 8 8 137103
100 202 10 10 184345
99 201 12 12 240936
98 200 14 14 311062
97 199 16 16 385460
96 198 18 18 468433
103 205 4 4 63562
102 204 6 6 99758
101 203 8 8 140137
100 202 10 10 189930
99 201 12 12 248084
98 200 14 14 317850
97 199 16 16 401495
96 198 18 18 495153
103 205 4 4 58447
102 204 6 6 89935
101 203 8 8 133627
100 202 10 10 178203
99 201 12 12 240150
98 200 14 14 310062
97 199 16 16 391850
96 198 18 18 480300
103 205 4 4 68528
102 204 6 6 104035
101 203 8 8 146898
100 202 10 10 195952
99 201 12 12 252643
98 200 14 14 323987
97 199 16 16 402637
96 198 18 18 499467
103 205 4 4 58292
102 204 6 6 96733
101 203 8 8 133636
100 202 10 10 182832
99 201 12 12 243787
98 200 14 14 312174
97 199 16 16 389468
96 198 18 18 485146
103 205 4 4 62427
102 204 6 6 98489
101 203 8 8 132327
100 202 10 10 187596
99 201 12 12 245347
98 200 14 14 323060
97 199 16 16 399415
96 198 18 18 498795
103 205 4 4 59619
102 204 6 6 93808
101 203 8 8 135704
100 202 10 10 186182
99 201 12 12 249179
98 200 14 14 315223
97 199 16 16 396035
96 198 18 18 492999
103 205 4 4 58346
102 204 6 6 93729
101 203 8 8 136306
100 202 10 10 186414
99 201 12 12 243458
98 200 14 14 311170
97 199 16 16 397220
96 198 18 18 486661
103 205 4 4 64552
102 204 6 6 97360
101 203 8 8 138044
100 202 10 10 186701
99 201 12 12 246158
98 200 14 14 316055
97 199 16 16 396679
96 198 18 18 493909
103 205 4 4 62557
102 204 6 6 101624
101 203 8 8 145695
100 202 10 10 192800
99 201 12 12 253140
98 200 14 14 329585
97 199 16 16 410468
96 198 18 18 508191
103 205 4 4 63583
102 204 6 6 99219
101 203 8 8 143753
100 202 10 10 193954
99 201 12 12 253815
98 200 14 14 325442
97 199 16 16 404871
96 198 18 18 494155
103 205 4 4 62272
102 204 6 6 93818
101 203 8 8 134743
100 202 10 10 186252
99 201 12 12 247216
98 200 14 14 314922
97 199 16 16 398840
96 198 18 18 493555
103 205 4 4 62486
102 204 6 6 94414
101 203 8 8 131800
100 202 10 10 182876
99 201 12 12 239321
98 200 14 14 303009
97 199 16 16 383832
96 198 18 18 472612
103 205 4 4 56496
102 204 6 6 84853
101 203 8 8 125803
100 202 10 10 170012
99 201 12 12 228288
98 200 14 14 297877
97 199 16 16 366748
96 198 18 18 464178
103 205 4 4 57951
102 204 6 6 91905
101 203 8 8 134871
100 202 10 10 179581
99 201 12 12 240945
98 200 14 14 311485
97 199 16 16 399532
96 198 18 18 497424
103 205 4 4 63497
102 204 6 6 101299
101 203 8 8 139190
100 202 10 10 185659
99 201 12 12 246532
98 200 14 14 319614
97 199 16 16 399178
96 198 18 18 492116
103 205 4 4 66484
102 204 6 6 96090
101 203 8 8 133592
100 202 10 10 180639
99 201 12 12 242516
98 200 14 14 312919
97 199 16 16 387391
96 198 18 18 485342
103 205 4 4 63774
102 204 6 6 99338
101 203 8 8 139816
100 202 10 10 185872
99 201 12 12 241111
98 200 14 14 308811
97 199 16 16 391040
96 198 18 18 468788
103 205 4 4 59972
102 204 6 6 91510
101 203 8 8 134472
100 202 10 10 185906
99 201 12 12 246670
98 200 14 14 314876
97 199 16 16 391616
96 198 18 18 479634
103 205 4 4 52443
102 204 6 6 91453
101 203 8 8 134891
100 202 10 10 184567
99 201 12 12 244531
98 200 14 14 325632
97 199 16 16 401856
96 198 18 18 490497
103 205 4 4 56433
102 204 6 6 94235
101 203 8 8 133254
100 202 10 10 183463
99 201 12 12 237476
98 200 14 14 308542
97 199 16 16 387292
96 198 18 18 476099
103 205 4 4 64180
102 204 6 6 95740
101 203 8 8 139932
100 202 10 10 185663
99 201 12 12 247140
98 200 14 14 310284
97 199 16 16 392672
96 198 18 18 480311
103 205 4 4 71363
102 204 6 6 107224
101 203 8 8 146949
100 202 10 10 199687
99 201 12 12 254694
98 200 14 14 318806
97 199 16 16 398808
96 198 18 18 491413
103 205 4 4 66942
102 204 6 6 101556
101 203 8 8 138105
100 202 10 10 193194
99 201 12 12 261593
98 200 14 14 336549
97 199 16 16 417787
96 198 18 18 511237
103 205 4 4 64025
102 204 6 6 94888
101 203 8 8 136102
100 202 10 10 184323
99 201 12 12 236253
98 200 14 14 305465
97 199 16 16 387109
96 198 18 18 476862
103 205 4 4 63542
102 204 6 6 100337
101 203 8 8 137822
100 202 10 10 184546
99 201 12 12 244588
98 200 14 14 313240
97 199 16 16 386020
96 198 18 18 477996
103 205 4 4 62317
102 204 6 6 95520
101 203 8 8 132239
100 202 10 10 181311
99 201 12 12 238215
98 200 14 14 298857
97 199 16 16 379105
96 198 18 18 472970
103 205 4 4 60136
102 204 6 6 95214
101 203 8 8 139051
100 202 10 10 184321
99 201 12 12 239347
98 200 14 14 303526
97 199 16 16 387148
96 198 18 18 475971
103 205 4 4 61125
102 204 6 6 94395
101 203 8 8 137690
100 202 10 10 185787
99 201 12 12 240884
98 200 14 14 308010
97 199 16 16 390643
96 198 18 18 483959
103 205 4 4 57170
102 204 6 6 92438
101 203 8 8 131222
100 202 10 10 180173
99 201 12 12 236664
98 200 14 14 307022
97 199 16 16 389872
96 198 18 18 481925
103 205 4 4 61878
102 204 6 6 93986
101 203 8 8 130535
100 202 10 10 177031
99 201 12 12 236813
98 200 14 14 303729
97 199 16 16 391582
96 198 18 18 483374
103 205 4 4 62391
102 204 6 6 92410
101 203 8 8 127243
100 202 10 10 182898
99 201 12 12 240319
98 200 14 14 305039
97 199 16 16 385697
96 198 18 18 477501
103 205 4 4 67007
102 204 6 6 103868
101 203 8 8 134272
100 202 10 10 190724
99 201 12 12 248260
98 200 14 14 319608
97 199 16 16 397779
96 198 18 18 494877
103 205 4 4 65744
102 204 6 6 101073
101 203 8 8 140189
100 202 10 10 187752
99 201 12 12 246479
98 200 14 14 314943
97 199 16 16 401173
96 198 18 18 496921
103 205 4 4 58864
102 204 6 6 91567
101 203 8 8 130378
100 202 10 10 180810
99 201 12 12 235201
98 200 14 14 301634
97 199 16 16 376898
96 198 18 18 473388
103 205 4 4 57315
102 204 6 6 95863
101 203 8 8 139273
100 202 10 10 186795
99 201 12 12 243269
98 200 14 14 319646
97 199 16 16 402981
96 198 18 18 491995
103 205 4 4 67313
102 204 6 6 103845
101 203 8 8 143168
100 202 10 10 190554
99 201 12 12 255512
98 200 14 14 333656
97 199 16 16 417697
96 198 18 18 515457
103 205 4 4 61546
102 204 6 6 96977
101 203 8 8 140873
100 202 10 10 187351
99 201 12 12 239474
98 200 14 14 304729
97 199 16 16 378313
96 198 18 18 471606
103 205 4 4 62811
102 204 6 6 97456
101 203 8 8 137997
100 202 10 10 181833
99 201 12 12 239968
98 200 14 14 313588
97 199 16 16 397986
96 198 18 18 498270
103 205 4 4 60310
102 204 6 6 100019
101 203 8 8 131964
100 202 10 10 180289
99 201 12 12 240929
98 200 14 14 307301
97 199 16 16 392451
96 198 18 18 485101
103 205 4 4 57609
102 204 6 6 88755
101 203 8 8 125601
100 202 10 10 178234
99 201 12 12 245558
98 200 14 14 321510
97 199 16 16 398524
96 198 18 18 484147
103 205 4 4 61721
102 204 6 6 94671
101 203 8 8 135343
100 202 10 10 192810
99 201 12 12 254133
98 200 14 14 321994
97 199 16 16 399819
96 198 18 18 499115
103 205 4 4 57974
102 204 6 6 95236
101 203 8 8 135787
100 202 10 10 186994
99 201 12 12 252103
98 200 14 14 320024
97 199 16 16 401922
96 198 18 18 495991
103 205 4 4 58019
102 204 6 6 92967
101 203 8 8 131226
100 202 10 10 177793
99 201 12 12 241163
98 200 14 14 312221
97 199 16 16 388369
96 198 18 18 480286
103 205 4 4 56864
102 204 6 6 87425
101 203 8 8 128863
100 202 10 10 178008
99 201 12 12 241659
98 200 14 14 302282
97 199 16 16 379982
96 198 18 18 472787
103 205 4 4 61646
102 204 6 6 92638
101 203 8 8 131950
100 202 10 10 183080
99 201 12 12 238776
98 200 14 14 306182
97 199 16 16 385693
96 198 18 18 480356
103 205 4 4 58550
102 204 6 6 92790
101 203 8 8 133944
100 202 10 10 179504
99 201 12 12 235122
98 200 14 14 303267
97 199 16 16 381839
96 198 18 18 472648
103 205 4 4 65181
102 204 6 6 98137
101 203 8 8 132082
100 202 10 10 177435
99 201 12 12 239504
98 200 14 14 306559
97 199 16 16 384562
96 198 18 18 475378
103 205 4 4 63737
102 204 6 6 100518
101 203 8 8 135990
100 202 10 10 186474
99 201 12 12 247983
98 200 14 14 321655
97 199 16 16 406362
96 198 18 18 490257
103 205 4 4 55899
102 204 6 6 88599
101 203 8 8 128801
100 202 10 10 177025
99 201 12 12 230640
98 200 14 14 302875
97 199 16 16 385411
96 198 18 18 471206
103 205 4 4 66099
102 204 6 6 99895
101 203 8 8 139321
100 202 10 10 186968
99 201 12 12 238893
98 200 14 14 305401
97 199 16 16 389981
96 198 18 18 476688
103 205 4 4 62049
102 204 6 6 95984
101 203 8 8 136568
100 202 10 10 192287
99 201 12 12 252786
98 200 14 14 324401
97 199 16 16 397021
96 198 18 18 493957
103 205 4 4 64209
102 204 6 6 97383
101 203 8 8 137554
100 202 10 10 189815
99 201 12 12 250950
98 200 14 14 318916
97 199 16 16 395626
96 198 18 18 493320
103 205 4 4 60508
102 204 6 6 93644
101 203 8 8 139434
100 202 10 10 190858
99 201 12 12 252274
98 200 14 14 316454
97 199 16 16 391209
96 198 18 18 485685
103 205 4 4 63824
102 204 6 6 100552
101 203 8 8 140324
100 202 10 10 190034
99 201 12 12 246137
98 200 14 14 316288
97 199 16 16 397341
96 198 18 18 492430
103 205 4 4 68434
102 204 6 6 101758
101 203 8 8 141482
100 202 10 10 194766
99 201 12 12 255056
98 200 14 14 324012
97 199 16 16 410886
96 198 18 18 501835
103 205 4 4 61214
102 204 6 6 97835
101 203 8 8 136235
100 202 10 10 190551
99 201 12 12 246349
98 200 14 14 319485
97 199 16 16 394075
96 198 18 18 486737
103 205 4 4 62869
102 204 6 6 98416
101 203 8 8 142555
100 202 10 10 186668
99 201 12 12 239202
98 200 14 14 301040
97 199 16 16 384056
96 198 18 18 478998
