372 213 4 4 1718
371 212 6 6 4013
370 211 8 8 7782
369 210 10 10 12112
368 209 12 12 17492
367 208 14 14 23729
366 207 16 16 31399
365 206 18 18 39307
372 213 4 4 1886
371 212 6 6 3899
370 211 8 8 7154
369 210 10 10 11207
368 209 12 12 16610
367 208 14 14 24644
366 207 16 16 32862
365 206 18 18 39941
372 213 4 4 2580
371 212 6 6 4837
370 211 8 8 8752
369 210 10 10 14101
368 209 12 12 18840
367 208 14 14 24717
366 207 16 16 31799
365 206 18 18 40506
372 213 4 4 2132
371 212 6 6 4520
370 211 8 8 8579
369 210 10 10 13031
368 209 12 12 18346
367 208 14 14 25431
366 207 16 16 32335
365 206 18 18 41277
372 213 4 4 1750
371 212 6 6 4411
370 211 8 8 8235
369 210 10 10 12519
368 209 12 12 18589
367 208 14 14 24726
366 207 16 16 32129
365 206 18 18 40766
372 213 4 4 2174
371 212 6 6 4603
370 211 8 8 7636
369 210 10 10 12444
368 209 12 12 18032
367 208 14 14 24470
366 207 16 16 31957
365 206 18 18 41499
372 213 4 4 1919
371 212 6 6 4173
370 211 8 8 7150
369 210 10 10 11390
368 209 12 12 16929
367 208 14 14 24008
366 207 16 16 31165
365 206 18 18 39044
372 213 4 4 1662
371 212 6 6 4538
370 211 8 8 7655
369 210 10 10 11861
368 209 12 12 16695
367 208 14 14 23970
366 207 16 16 31558
365 206 18 18 40199
372 213 4 4 2821
371 212 6 6 4840
370 211 8 8 8233
369 210 10 10 12399
368 209 12 12 16967
367 208 14 14 23731
366 207 16 16 30900
365 206 18 18 39806
372 213 4 4 1691
371 212 6 6 4141
370 211 8 8 7566
369 210 10 10 11541
368 209 12 12 16840
367 208 14 14 22320
366 207 16 16 28889
365 206 18 18 36877
372 213 4 4 1939
371 212 6 6 4656
370 211 8 8 9418
369 210 10 10 14048
368 209 12 12 19183
367 208 14 14 25316
366 207 16 16 32359
365 206 18 18 40120
372 213 4 4 2802
371 212 6 6 5345
370 211 8 8 8853
369 210 10 10 13531
368 209 12 12 19730
367 208 14 14 25692
366 207 16 16 33277
365 206 18 18 41439
372 213 4 4 1486
371 212 6 6 3402
370 211 8 8 6058
369 210 10 10 10778
368 209 12 12 16328
367 208 14 14 21890
366 207 16 16 28766
365 206 18 18 36906
372 213 4 4 1924
371 212 6 6 4167
370 211 8 8 8341
369 210 10 10 12824
368 209 12 12 18176
367 208 14 14 24084
366 207 16 16 31385
365 206 18 18 38433
372 213 4 4 2704
371 212 6 6 5754
370 211 8 8 8869
369 210 10 10 12526
368 209 12 12 17738
367 208 14 14 23117
366 207 16 16 28829
365 206 18 18 35776
372 213 4 4 2005
371 212 6 6 4108
370 211 8 8 7950
369 210 10 10 12096
368 209 12 12 17009
367 208 14 14 23551
366 207 16 16 31574
365 206 18 18 39303
372 213 4 4 2057
371 212 6 6 4457
370 211 8 8 7499
369 210 10 10 11802
368 209 12 12 17155
367 208 14 14 22439
366 207 16 16 30157
365 206 18 18 37327
372 213 4 4 1666
371 212 6 6 3846
370 211 8 8 6911
369 210 10 10 10797
368 209 12 12 16649
367 208 14 14 23185
366 207 16 16 29882
365 206 18 18 37834
372 213 4 4 2524
371 212 6 6 4812
370 211 8 8 8038
369 210 10 10 13158
368 209 12 12 19365
367 208 14 14 26074
366 207 16 16 33019
365 206 18 18 42307
372 213 4 4 1734
371 212 6 6 3990
370 211 8 8 7434
369 210 10 10 12093
368 209 12 12 18987
367 208 14 14 24798
366 207 16 16 32571
365 206 18 18 40107
372 213 4 4 1629
371 212 6 6 4118
370 211 8 8 7903
369 210 10 10 11777
368 209 12 12 16734
367 208 14 14 23275
366 207 16 16 30807
365 206 18 18 39866
372 213 4 4 1897
371 212 6 6 4170
370 211 8 8 7454
369 210 10 10 11539
368 209 12 12 17086
367 208 14 14 22554
366 207 16 16 30020
365 206 18 18 37944
372 213 4 4 1794
371 212 6 6 3868
370 211 8 8 6787
369 210 10 10 10546
368 209 12 12 16187
367 208 14 14 23667
366 207 16 16 32457
365 206 18 18 40604
372 213 4 4 3527
371 212 6 6 9992
370 211 8 8 17869
369 210 10 10 28186
368 209 12 12 41673
367 208 14 14 56915
366 207 16 16 71652
365 206 18 18 89179
372 213 4 4 1904
371 212 6 6 5029
370 211 8 8 8510
369 210 10 10 14140
368 209 12 12 21116
367 208 14 14 29621
366 207 16 16 37381
365 206 18 18 45947
372 213 4 4 131948
371 212 6 6 263595
370 211 8 8 448796
369 210 10 10 678349
368 209 12 12 959847
367 208 14 14 1304952
366 207 16 16 1677939
365 206 18 18 2098330
372 213 4 4 135811
371 212 6 6 273195
370 211 8 8 450173
369 210 10 10 680093
368 209 12 12 960953
367 208 14 14 1282536
366 207 16 16 1637861
365 206 18 18 2048233
372 213 4 4 145357
371 212 6 6 281232
370 211 8 8 464668
369 210 10 10 695532
368 209 12 12 981114
367 208 14 14 1301200
366 207 16 16 1682931
365 206 18 18 2095700
372 213 4 4 142496
371 212 6 6 286945
370 211 8 8 466139
369 210 10 10 681673
368 209 12 12 963637
367 208 14 14 1279892
366 207 16 16 1648870
365 206 18 18 2064845
372 213 4 4 145153
371 212 6 6 292291
370 211 8 8 469872
369 210 10 10 709707
368 209 12 12 999781
367 208 14 14 1338297
366 207 16 16 1714869
365 206 18 18 2138078
372 213 4 4 149272
371 212 6 6 293905
370 211 8 8 475718
369 210 10 10 708127
368 209 12 12 997776
367 208 14 14 1318130
366 207 16 16 1667390
365 206 18 18 2096633
372 213 4 4 138344
371 212 6 6 269601
370 211 8 8 443055
369 210 10 10 672120
368 209 12 12 950518
367 208 14 14 1274668
366 207 16 16 1662673
365 206 18 18 2108190
372 213 4 4 140627
371 212 6 6 275179
370 211 8 8 461189
369 210 10 10 695668
368 209 12 12 966194
367 208 14 14 1296548
366 207 16 16 1671369
365 206 18 18 2084752
372 213 4 4 139133
371 212 6 6 271746
370 211 8 8 446817
369 210 10 10 662305
368 209 12 12 930319
367 208 14 14 1239171
366 207 16 16 1613885
365 206 18 18 2040204
372 213 4 4 138324
371 212 6 6 268306
370 211 8 8 441782
369 210 10 10 667810
368 209 12 12 949076
367 208 14 14 1268645
366 207 16 16 1656532
365 206 18 18 2085403
372 213 4 4 139247
371 212 6 6 273257
370 211 8 8 454335
369 210 10 10 679426
368 209 12 12 970741
367 208 14 14 1292588
366 207 16 16 1662730
365 206 18 18 2083805
372 213 4 4 135853
371 212 6 6 266913
370 211 8 8 445726
369 210 10 10 660507
368 209 12 12 950893
367 208 14 14 1274126
366 207 16 16 1647057
365 206 18 18 2083304
372 213 4 4 145918
371 212 6 6 285735
370 211 8 8 453833
369 210 10 10 675880
368 209 12 12 949276
367 208 14 14 1281291
366 207 16 16 1658913
365 206 18 18 2092744
372 213 4 4 132496
371 212 6 6 271316
370 211 8 8 453379
369 210 10 10 667492
368 209 12 12 947970
367 208 14 14 1279882
366 207 16 16 1669671
365 206 18 18 2098378
372 213 4 4 135061
371 212 6 6 277108
370 211 8 8 459131
369 210 10 10 676267
368 209 12 12 947865
367 208 14 14 1273476
366 207 16 16 1656020
365 206 18 18 2067887
372 213 4 4 129939
371 212 6 6 264806
370 211 8 8 448034
369 210 10 10 669296
368 209 12 12 946342
367 208 14 14 1282407
366 207 16 16 1646628
365 206 18 18 2086662
372 213 4 4 144553
371 212 6 6 284743
370 211 8 8 482670
369 210 10 10 722955
368 209 12 12 993839
367 208 14 14 1320812
366 207 16 16 1682712
365 206 18 18 2103405
372 213 4 4 133459
371 212 6 6 269619
370 211 8 8 458724
369 210 10 10 693097
368 209 12 12 962209
367 208 14 14 1287556
366 207 16 16 1657724
365 206 18 18 2074827
372 213 4 4 132394
371 212 6 6 268380
370 211 8 8 459848
369 210 10 10 686221
368 209 12 12 968862
367 208 14 14 1283764
366 207 16 16 1659193
365 206 18 18 2089864
372 213 4 4 133033
371 212 6 6 266027
370 211 8 8 453488
369 210 10 10 671712
368 209 12 12 936112
367 208 14 14 1251274
366 207 16 16 1629672
365 206 18 18 2058213
372 213 4 4 133663
371 212 6 6 261599
370 211 8 8 447920
369 210 10 10 685466
368 209 12 12 947090
367 208 14 14 1277429
366 207 16 16 1650529
365 206 18 18 2071338
372 213 4 4 136811
371 212 6 6 278477
370 211 8 8 456780
369 210 10 10 685806
368 209 12 12 957467
367 208 14 14 1274754
366 207 16 16 1647666
365 206 18 18 2064492
372 213 4 4 137224
371 212 6 6 279292
370 211 8 8 456811
369 210 10 10 686284
368 209 12 12 942065
367 208 14 14 1256411
366 207 16 16 1637948
365 206 18 18 2066705
372 213 4 4 130612
371 212 6 6 260501
370 211 8 8 442477
369 210 10 10 671052
368 209 12 12 936718
367 208 14 14 1265746
366 207 16 16 1632479
365 206 18 18 2021293
372 213 4 4 145271
371 212 6 6 277832
370 211 8 8 460112
369 210 10 10 688299
368 209 12 12 959134
367 208 14 14 1278400
366 207 16 16 1633887
365 206 18 18 2062008
372 213 4 4 135310
371 212 6 6 276790
370 211 8 8 461772
369 210 10 10 698762
368 209 12 12 976058
367 208 14 14 1301867
366 207 16 16 1654680
365 206 18 18 2069962
372 213 4 4 145519
371 212 6 6 279345
370 211 8 8 461002
369 210 10 10 683748
368 209 12 12 951304
367 208 14 14 1273321
366 207 16 16 1643669
365 206 18 18 2058967
372 213 4 4 136493
371 212 6 6 265412
370 211 8 8 441446
369 210 10 10 642294
368 209 12 12 910956
367 208 14 14 1224198
366 207 16 16 1601889
365 206 18 18 2037720
372 213 4 4 130065
371 212 6 6 261388
370 211 8 8 425825
369 210 10 10 651598
368 209 12 12 938074
367 208 14 14 1255672
366 207 16 16 1632726
365 206 18 18 2042511
372 213 4 4 139112
371 212 6 6 275999
370 211 8 8 454848
369 210 10 10 673161
368 209 12 12 943315
367 208 14 14 1273405
366 207 16 16 1650741
365 206 18 18 2069673
372 213 4 4 144886
371 212 6 6 278933
370 211 8 8 449472
369 210 10 10 682640
368 209 12 12 952862
367 208 14 14 1276162
366 207 16 16 1663281
365 206 18 18 2101772
372 213 4 4 129148
371 212 6 6 269428
370 211 8 8 441977
369 210 10 10 663400
368 209 12 12 943434
367 208 14 14 1253936
366 207 16 16 1617498
365 206 18 18 2048805
372 213 4 4 135924
371 212 6 6 269590
370 211 8 8 448982
369 210 10 10 680232
368 209 12 12 950414
367 208 14 14 1260888
366 207 16 16 1638257
365 206 18 18 2055037
372 213 4 4 138337
371 212 6 6 278873
370 211 8 8 466313
369 210 10 10 691878
368 209 12 12 966142
367 208 14 14 1282169
366 207 16 16 1642714
365 206 18 18 2057202
372 213 4 4 130615
371 212 6 6 264011
370 211 8 8 441727
369 210 10 10 651655
368 209 12 12 914346
367 208 14 14 1231244
366 207 16 16 1604117
365 206 18 18 2033055
372 213 4 4 137958
371 212 6 6 276145
370 211 8 8 455725
369 210 10 10 685088
368 209 12 12 957602
367 208 14 14 1264765
366 207 16 16 1617034
365 206 18 18 2025381
372 213 4 4 140284
371 212 6 6 269974
370 211 8 8 452608
369 210 10 10 691236
368 209 12 12 978297
367 208 14 14 1303022
366 207 16 16 1680333
365 206 18 18 2097116
372 213 4 4 132869
371 212 6 6 264911
370 211 8 8 437657
369 210 10 10 648724
368 209 12 12 911736
367 208 14 14 1229762
366 207 16 16 1605672
365 206 18 18 2031427
372 213 4 4 136239
371 212 6 6 267884
370 211 8 8 441318
369 210 10 10 670447
368 209 12 12 928593
367 208 14 14 1234383
366 207 16 16 1588822
365 206 18 18 2022530
372 213 4 4 130036
371 212 6 6 261762
370 211 8 8 436586
369 210 10 10 677461
368 209 12 12 959233
367 208 14 14 1283457
366 207 16 16 1639801
365 206 18 18 2035472
372 213 4 4 128070
371 212 6 6 259497
370 211 8 8 431349
369 210 10 10 657860
368 209 12 12 942357
367 208 14 14 1254076
366 207 16 16 1618333
365 206 18 18 2046892
372 213 4 4 137464
371 212 6 6 270245
370 211 8 8 439732
369 210 10 10 673048
368 209 12 12 944525
367 208 14 14 1273081
366 207 16 16 1635649
365 206 18 18 2033937
372 213 4 4 135942
371 212 6 6 263184
370 211 8 8 440275
369 210 10 10 663990
368 209 12 12 929655
367 208 14 14 1235143
366 207 16 16 1587864
365 206 18 18 2003517
372 213 4 4 126651
371 212 6 6 256584
370 211 8 8 415104
369 210 10 10 633103
368 209 12 12 902906
367 208 14 14 1240459
366 207 16 16 1595281
365 206 18 18 1998422
372 213 4 4 132759
371 212 6 6 257448
370 211 8 8 425833
369 210 10 10 638871
368 209 12 12 915677
367 208 14 14 1225073
366 207 16 16 1587819
365 206 18 18 1992461
372 213 4 4 133466
371 212 6 6 271053
370 211 8 8 455586
369 210 10 10 673266
368 209 12 12 927287
367 208 14 14 1228707
366 207 16 16 1589558
365 206 18 18 2005950
372 213 4 4 135914
371 212 6 6 283422
370 211 8 8 452385
369 210 10 10 669203
368 209 12 12 942743
367 208 14 14 1254696
366 207 16 16 1608336
365 206 18 18 1997631
372 213 4 4 129903
371 212 6 6 256601
370 211 8 8 436483
369 210 10 10 660388
368 209 12 12 922651
367 208 14 14 1238302
366 207 16 16 1613764
365 206 18 18 2026366
372 213 4 4 140001
371 212 6 6 278951
370 211 8 8 453053
369 210 10 10 671999
368 209 12 12 954847
367 208 14 14 1280091
366 207 16 16 1638199
365 206 18 18 2045934
372 213 4 4 137934
371 212 6 6 276333
370 211 8 8 450605
369 210 10 10 676914
368 209 12 12 948139
367 208 14 14 1261943
366 207 16 16 1617554
365 206 18 18 2050217
372 213 4 4 129048
371 212 6 6 254679
370 211 8 8 421594
369 210 10 10 648767
368 209 12 12 902763
367 208 14 14 1216156
366 207 16 16 1587211
365 206 18 18 2018037
372 213 4 4 138220
371 212 6 6 272304
370 211 8 8 446616
369 210 10 10 654119
368 209 12 12 931430
367 208 14 14 1239798
366 207 16 16 1598206
365 206 18 18 1992775
372 213 4 4 134500
371 212 6 6 282790
370 211 8 8 455628
369 210 10 10 672766
368 209 12 12 949461
367 208 14 14 1275344
366 207 16 16 1644169
365 206 18 18 2056859
372 213 4 4 143174
371 212 6 6 283767
370 211 8 8 464939
369 210 10 10 692188
368 209 12 12 956569
367 208 14 14 1286128
366 207 16 16 1643666
365 206 18 18 2036524
372 213 4 4 138979
371 212 6 6 261091
370 211 8 8 430688
369 210 10 10 640923
368 209 12 12 904907
367 208 14 14 1226074
366 207 16 16 1596015
365 206 18 18 2031974
372 213 4 4 133541
371 212 6 6 262797
370 211 8 8 432354
369 210 10 10 643557
368 209 12 12 920205
367 208 14 14 1233642
366 207 16 16 1593816
365 206 18 18 2006465
372 213 4 4 140916
371 212 6 6 279644
370 211 8 8 460839
369 210 10 10 675226
368 209 12 12 940370
367 208 14 14 1247917
366 207 16 16 1614804
365 206 18 18 2018481
372 213 4 4 124215
371 212 6 6 267085
370 211 8 8 454227
369 210 10 10 677574
368 209 12 12 943063
367 208 14 14 1276225
366 207 16 16 1625929
365 206 18 18 2048413
372 213 4 4 131084
371 212 6 6 268990
370 211 8 8 437732
369 210 10 10 661532
368 209 12 12 951172
367 208 14 14 1268292
366 207 16 16 1620769
365 206 18 18 2029802
372 213 4 4 131220
371 212 6 6 265366
370 211 8 8 443747
369 210 10 10 657343
368 209 12 12 925185
367 208 14 14 1240909
366 207 16 16 1594659
365 206 18 18 2014611
372 213 4 4 141682
371 212 6 6 281923
370 211 8 8 457554
369 210 10 10 678379
368 209 12 12 935998
367 208 14 14 1253283
366 207 16 16 1619806
365 206 18 18 2035500
372 213 4 4 137453
371 212 6 6 263539
370 211 8 8 443562
369 210 10 10 662730
368 209 12 12 924995
367 208 14 14 1233403
366 207 16 16 1593742
365 206 18 18 1998218
372 213 4 4 143136
371 212 6 6 279956
370 211 8 8 455805
369 210 10 10 658305
368 209 12 12 913896
367 208 14 14 1212266
366 207 16 16 1574146
365 206 18 18 1970015
372 213 4 4 139857
371 212 6 6 280436
370 211 8 8 462175
369 210 10 10 695067
368 209 12 12 944807
367 208 14 14 1267145
366 207 16 16 1644041
365 206 18 18 2049018
372 213 4 4 125137
371 212 6 6 255164
370 211 8 8 436508
369 210 10 10 666246
368 209 12 12 936294
367 208 14 14 1245502
366 207 16 16 1585793
365 206 18 18 1992245
372 213 4 4 126728
371 212 6 6 256804
370 211 8 8 429318
369 210 10 10 657332
368 209 12 12 935699
367 208 14 14 1236116
366 207 16 16 1590466
365 206 18 18 1999721
372 213 4 4 141129
371 212 6 6 273496
370 211 8 8 439981
369 210 10 10 650987
368 209 12 12 929883
367 208 14 14 1274547
366 207 16 16 1618578
365 206 18 18 2046861
372 213 4 4 140235
371 212 6 6 281042
370 211 8 8 451646
369 210 10 10 675901
368 209 12 12 947939
367 208 14 14 1262053
366 207 16 16 1629642
365 206 18 18 2020075
372 213 4 4 135943
371 212 6 6 271223
370 211 8 8 450048
369 210 10 10 676965
368 209 12 12 931735
367 208 14 14 1250006
366 207 16 16 1621733
365 206 18 18 2026694
372 213 4 4 136546
371 212 6 6 283614
370 211 8 8 477239
369 210 10 10 700533
368 209 12 12 975112
367 208 14 14 1286432
366 207 16 16 1652414
365 206 18 18 2069025
372 213 4 4 131102
371 212 6 6 259048
370 211 8 8 438572
369 210 10 10 668593
368 209 12 12 940999
367 208 14 14 1272189
366 207 16 16 1639666
365 206 18 18 2060716
372 213 4 4 138775
371 212 6 6 263850
370 211 8 8 430173
369 210 10 10 643583
368 209 12 12 912900
367 208 14 14 1224653
366 207 16 16 1581624
365 206 18 18 1976717
372 213 4 4 128280
371 212 6 6 256704
370 211 8 8 436346
369 210 10 10 647968
368 209 12 12 919602
367 208 14 14 1231735
366 207 16 16 1586816
365 206 18 18 1988977
372 213 4 4 137116
371 212 6 6 269629
370 211 8 8 450210
369 210 10 10 660552
368 209 12 12 924092
367 208 14 14 1245106
366 207 16 16 1612253
365 206 18 18 2031565
372 213 4 4 131400
371 212 6 6 265362
370 211 8 8 439096
369 210 10 10 652732
368 209 12 12 917888
367 208 14 14 1230844
366 207 16 16 1593584
365 206 18 18 1999049
372 213 4 4 132200
371 212 6 6 281112
370 211 8 8 457474
369 210 10 10 678993
368 209 12 12 943331
367 208 14 14 1240740
366 207 16 16 1594424
365 206 18 18 1995972
372 213 4 4 143451
371 212 6 6 269495
370 211 8 8 452030
369 210 10 10 678317
368 209 12 12 945321
367 208 14 14 1249063
366 207 16 16 1612361
365 206 18 18 2008461
372 213 4 4 134255
371 212 6 6 279679
370 211 8 8 447398
369 210 10 10 672844
368 209 12 12 952234
367 208 14 14 1274206
366 207 16 16 1647936
365 206 18 18 2066200
372 213 4 4 137798
371 212 6 6 276025
370 211 8 8 458458
369 210 10 10 661768
368 209 12 12 932111
367 208 14 14 1243197
366 207 16 16 1607592
365 206 18 18 2040326
372 213 4 4 135062
371 212 6 6 272070
370 211 8 8 455668
369 210 10 10 690620
368 209 12 12 963175
367 208 14 14 1294711
366 207 16 16 1659865
365 206 18 18 2067819
372 213 4 4 137058
371 212 6 6 272369
370 211 8 8 444222
369 210 10 10 677707
368 209 12 12 945269
367 208 14 14 1261509
366 207 16 16 1619032
365 206 18 18 2029579
372 213 4 4 138439
371 212 6 6 277915
370 211 8 8 460847
369 210 10 10 674532
368 209 12 12 942985
367 208 14 14 1267530
366 207 16 16 1621036
365 206 18 18 2016999
372 213 4 4 135729
371 212 6 6 271099
370 211 8 8 436014
369 210 10 10 668212
368 209 12 12 923835
367 208 14 14 1241106
366 207 16 16 1594911
365 206 18 18 1973877
372 213 4 4 139592
371 212 6 6 280974
370 211 8 8 466637
369 210 10 10 692404
368 209 12 12 961814
367 208 14 14 1278183
366 207 16 16 1631541
365 206 18 18 2033068
372 213 4 4 130473
371 212 6 6 262620
370 211 8 8 444503
369 210 10 10 683556
368 209 12 12 953353
367 208 14 14 1259663
366 207 16 16 1614256
365 206 18 18 2040369
372 213 4 4 138052
371 212 6 6 263357
370 211 8 8 455416
369 210 10 10 676320
368 209 12 12 934767
367 208 14 14 1246178
366 207 16 16 1615354
365 206 18 18 2026904
372 213 4 4 138478
371 212 6 6 265498
370 211 8 8 444005
369 210 10 10 674033
368 209 12 12 958221
367 208 14 14 1273424
366 207 16 16 1638873
365 206 18 18 2059446
372 213 4 4 138431
371 212 6 6 277388
370 211 8 8 449681
369 210 10 10 681082
368 209 12 12 946223
367 208 14 14 1253397
366 207 16 16 1624501
365 206 18 18 2041245
372 213 4 4 130467
371 212 6 6 267782
370 211 8 8 438964
369 210 10 10 647264
368 209 12 12 913112
367 208 14 14 1236930
366 207 16 16 1589423
365 206 18 18 1996113
372 213 4 4 133079
371 212 6 6 269161
370 211 8 8 445010
369 210 10 10 662782
368 209 12 12 926738
367 208 14 14 1228002
366 207 16 16 1596792
365 206 18 18 2012461
372 213 4 4 127802
371 212 6 6 263165
370 211 8 8 441988
369 210 10 10 654647
368 209 12 12 932945
367 208 14 14 1238074
366 207 16 16 1592315
365 206 18 18 1990807
372 213 4 4 140263
371 212 6 6 274494
370 211 8 8 462064
369 210 10 10 686544
368 209 12 12 940694
367 208 14 14 1240328
366 207 16 16 1600930
365 206 18 18 1991456
372 213 4 4 148425
371 212 6 6 286047
370 211 8 8 479539
369 210 10 10 692861
368 209 12 12 946521
367 208 14 14 1268009
366 207 16 16 1615110
365 206 18 18 2035068
372 213 4 4 138104
371 212 6 6 267990
370 211 8 8 424528
369 210 10 10 639603
368 209 12 12 899748
367 208 14 14 1216155
366 207 16 16 1569862
365 206 18 18 1994779
372 213 4 4 125480
371 212 6 6 267979
370 211 8 8 453783
369 210 10 10 661515
368 209 12 12 938140
367 208 14 14 1248310
366 207 16 16 1618594
365 206 18 18 2024662
372 213 4 4 135270
371 212 6 6 277346
370 211 8 8 444901
369 210 10 10 653851
368 209 12 12 905351
367 208 14 14 1221495
366 207 16 16 1603792
365 206 18 18 2018689
372 213 4 4 142359
371 212 6 6 277507
370 211 8 8 457859
369 210 10 10 674632
368 209 12 12 941467
367 208 14 14 1257203
366 207 16 16 1608661
365 206 18 18 2011345
372 213 4 4 136650
371 212 6 6 269070
370 211 8 8 454563
369 210 10 10 669117
368 209 12 12 931806
367 208 14 14 1246158
366 207 16 16 1620184
365 206 18 18 2029605
372 213 4 4 130098
371 212 6 6 259243
370 211 8 8 430851
369 210 10 10 648809
368 209 12 12 921206
367 208 14 14 1237365
366 207 16 16 1604731
365 206 18 18 2016864
372 213 4 4 138261
371 212 6 6 267706
370 211 8 8 432829
369 210 10 10 654958
368 209 12 12 906842
367 208 14 14 1215683
366 207 16 16 1569686
365 206 18 18 1988408
372 213 4 4 136598
371 212 6 6 266006
370 211 8 8 436921
369 210 10 10 656463
368 209 12 12 933249
367 208 14 14 1238484
366 207 16 16 1595810
365 206 18 18 2008687
372 213 4 4 129245
371 212 6 6 273237
370 211 8 8 446299
369 210 10 10 659116
368 209 12 12 909190
367 208 14 14 1206403
366 207 16 16 1584591
365 206 18 18 2000442
372 213 4 4 136494
371 212 6 6 267916
370 211 8 8 440568
369 210 10 10 676012
368 209 12 12 940101
367 208 14 14 1241877
366 207 16 16 1608241
365 206 18 18 2020448
372 213 4 4 133047
371 212 6 6 261275
370 211 8 8 436989
369 210 10 10 656244
368 209 12 12 927039
367 208 14 14 1228556
366 207 16 16 1582577
365 206 18 18 2000571
372 213 4 4 131908
371 212 6 6 269359
370 211 8 8 432956
369 210 10 10 664767
368 209 12 12 927959
367 208 14 14 1247996
366 207 16 16 1613254
365 206 18 18 2011613
372 213 4 4 133455
371 212 6 6 262955
370 211 8 8 435480
369 210 10 10 653579
368 209 12 12 924791
367 208 14 14 1238264
366 207 16 16 1599666
365 206 18 18 2000330
372 213 4 4 131384
371 212 6 6 271009
370 211 8 8 442958
369 210 10 10 663350
368 209 12 12 931695
367 208 14 14 1236140
366 207 16 16 1577886
365 206 18 18 1981189
372 213 4 4 130022
371 212 6 6 266607
370 211 8 8 431484
369 210 10 10 646050
368 209 12 12 918318
367 208 14 14 1232500
366 207 16 16 1585702
365 206 18 18 1981304
372 213 4 4 131407
371 212 6 6 270714
370 211 8 8 449298
369 210 10 10 653766
368 209 12 12 913417
367 208 14 14 1214598
366 207 16 16 1584165
365 206 18 18 1976752
372 213 4 4 138593
371 212 6 6 269005
370 211 8 8 440030
369 210 10 10 664211
368 209 12 12 927607
367 208 14 14 1241198
366 207 16 16 1595928
365 206 18 18 2010936
372 213 4 4 143541
371 212 6 6 274502
370 211 8 8 456231
369 210 10 10 673247
368 209 12 12 941744
367 208 14 14 1261631
366 207 16 16 1618683
365 206 18 18 2004582
372 213 4 4 141467
371 212 6 6 263245
370 211 8 8 434276
369 210 10 10 642411
368 209 12 12 903910
367 208 14 14 1207022
366 207 16 16 1549947
365 206 18 18 1938147
372 213 4 4 124576
371 212 6 6 259904
370 211 8 8 437737
369 210 10 10 662128
368 209 12 12 913542
367 208 14 14 1227448
366 207 16 16 1588597
365 206 18 18 1986291
372 213 4 4 133944
371 212 6 6 261700
370 211 8 8 440131
369 210 10 10 661610
368 209 12 12 921982
367 208 14 14 1248278
366 207 16 16 1610142
365 206 18 18 2022772
372 213 4 4 133800
371 212 6 6 268064
370 211 8 8 432174
369 210 10 10 646181
368 209 12 12 919961
367 208 14 14 1224787
366 207 16 16 1593344
365 206 18 18 1994418
372 213 4 4 138957
371 212 6 6 266613
370 211 8 8 424587
369 210 10 10 650758
368 209 12 12 923187
367 208 14 14 1252327
366 207 16 16 1617834
365 206 18 18 2015825
372 213 4 4 128467
371 212 6 6 250840
370 211 8 8 419409
369 210 10 10 648035
368 209 12 12 911431
367 208 14 14 1222071
366 207 16 16 1573865
365 206 18 18 1962671
372 213 4 4 133296
371 212 6 6 281571
370 211 8 8 468366
369 210 10 10 693127
368 209 12 12 951838
367 208 14 14 1276075
366 207 16 16 1646255
365 206 18 18 2059900
372 213 4 4 128441
371 212 6 6 268177
370 211 8 8 444939
369 210 10 10 667313
368 209 12 12 947521
367 208 14 14 1264908
366 207 16 16 1628541
365 206 18 18 2048142
372 213 4 4 132952
371 212 6 6 262393
370 211 8 8 435481
369 210 10 10 644116
368 209 12 12 929588
367 208 14 14 1232289
366 207 16 16 1598375
365 206 18 18 2011400
372 213 4 4 141269
371 212 6 6 279293
370 211 8 8 445661
369 210 10 10 656195
368 209 12 12 923887
367 208 14 14 1219289
366 207 16 16 1579753
365 206 18 18 1992461
372 213 4 4 137509
371 212 6 6 265961
370 211 8 8 450880
369 210 10 10 670567
368 209 12 12 947486
367 208 14 14 1258975
366 207 16 16 1622600
365 206 18 18 2031327
372 213 4 4 130168
371 212 6 6 259242
370 211 8 8 439874
369 210 10 10 651423
368 209 12 12 913109
367 208 14 14 1234263
366 207 16 16 1584626
365 206 18 18 1997441
372 213 4 4 130578
371 212 6 6 262000
370 211 8 8 436055
369 210 10 10 646978
368 209 12 12 909901
367 208 14 14 1240354
366 207 16 16 1597703
365 206 18 18 2010518
372 213 4 4 135026
371 212 6 6 258476
370 211 8 8 438656
369 210 10 10 643594
368 209 12 12 905539
367 208 14 14 1208635
366 207 16 16 1573787
365 206 18 18 1962442
372 213 4 4 138592
371 212 6 6 279010
370 211 8 8 456492
369 210 10 10 682161
368 209 12 12 949281
367 208 14 14 1262616
366 207 16 16 1624225
365 206 18 18 2037606
372 213 4 4 134825
371 212 6 6 258412
370 211 8 8 432929
369 210 10 10 662235
368 209 12 12 933827
367 208 14 14 1253199
366 207 16 16 1613226
365 206 18 18 2018990
372 213 4 4 123400
371 212 6 6 244650
370 211 8 8 420545
369 210 10 10 636497
368 209 12 12 903940
367 208 14 14 1202719
366 207 16 16 1548430
365 206 18 18 1945162
372 213 4 4 134247
371 212 6 6 278055
370 211 8 8 451756
369 210 10 10 670186
368 209 12 12 916319
367 208 14 14 1208798
366 207 16 16 1557180
365 206 18 18 1955152
372 213 4 4 137360
371 212 6 6 262431
370 211 8 8 435990
369 210 10 10 660965
368 209 12 12 936626
367 208 14 14 1239617
366 207 16 16 1591983
365 206 18 18 1997281
372 213 4 4 137668
371 212 6 6 275019
370 211 8 8 458477
369 210 10 10 681978
368 209 12 12 934464
367 208 14 14 1250366
366 207 16 16 1603081
365 206 18 18 2011893
372 213 4 4 129887
371 212 6 6 259474
370 211 8 8 439584
369 210 10 10 657426
368 209 12 12 928155
367 208 14 14 1231139
366 207 16 16 1584591
365 206 18 18 1987586
372 213 4 4 145438
371 212 6 6 272446
370 211 8 8 447050
369 210 10 10 670959
368 209 12 12 928493
367 208 14 14 1236237
366 207 16 16 1590203
365 206 18 18 1995804
372 213 4 4 140340
371 212 6 6 271297
370 211 8 8 440125
369 210 10 10 661856
368 209 12 12 926913
367 208 14 14 1255021
366 207 16 16 1590495
365 206 18 18 1997360
372 213 4 4 132426
371 212 6 6 264755
370 211 8 8 449816
369 210 10 10 669608
368 209 12 12 924111
367 208 14 14 1232444
366 207 16 16 1595746
365 206 18 18 2006287
372 213 4 4 144411
371 212 6 6 257706
370 211 8 8 430855
369 210 10 10 652819
368 209 12 12 906824
367 208 14 14 1222134
366 207 16 16 1581095
365 206 18 18 1983773
372 213 4 4 132221
371 212 6 6 252649
370 211 8 8 427304
369 210 10 10 640826
368 209 12 12 904766
367 208 14 14 1208998
366 207 16 16 1559927
365 206 18 18 1960214
372 213 4 4 131382
371 212 6 6 263887
370 211 8 8 448146
369 210 10 10 658666
368 209 12 12 916599
367 208 14 14 1225095
366 207 16 16 1576608
365 206 18 18 1982572
372 213 4 4 128228
371 212 6 6 260249
370 211 8 8 422947
369 210 10 10 644670
368 209 12 12 918062
367 208 14 14 1217080
366 207 16 16 1569378
365 206 18 18 1990516
372 213 4 4 140931
371 212 6 6 270314
370 211 8 8 440321
369 210 10 10 665162
368 209 12 12 931738
367 208 14 14 1240826
366 207 16 16 1595235
365 206 18 18 1995393
372 213 4 4 134316
371 212 6 6 274903
370 211 8 8 439926
369 210 10 10 663998
368 209 12 12 926945
367 208 14 14 1230486
366 207 16 16 1607061
365 206 18 18 2002214
372 213 4 4 147665
371 212 6 6 280267
370 211 8 8 454687
369 210 10 10 675200
368 209 12 12 935161
367 208 14 14 1239081
366 207 16 16 1592008
365 206 18 18 1995500
372 213 4 4 136070
371 212 6 6 275004
370 211 8 8 438493
369 210 10 10 662275
368 209 12 12 925684
367 208 14 14 1237128
366 207 16 16 1581823
365 206 18 18 2012182
372 213 4 4 141156
371 212 6 6 281009
370 211 8 8 458504
369 210 10 10 680948
368 209 12 12 951237
367 208 14 14 1271791
366 207 16 16 1634160
365 206 18 18 2054475
372 213 4 4 127063
371 212 6 6 260997
370 211 8 8 436762
369 210 10 10 651031
368 209 12 12 925983
367 208 14 14 1246437
366 207 16 16 1605241
365 206 18 18 2007590
372 213 4 4 130801
371 212 6 6 265330
370 211 8 8 439471
369 210 10 10 655456
368 209 12 12 904749
367 208 14 14 1215873
366 207 16 16 1551364
365 206 18 18 1957847
372 213 4 4 127349
371 212 6 6 256493
370 211 8 8 427390
369 210 10 10 638469
368 209 12 12 894909
367 208 14 14 1208643
366 207 16 16 1572615
365 206 18 18 1961589
372 213 4 4 137252
371 212 6 6 264203
370 211 8 8 429880
369 210 10 10 645418
368 209 12 12 897114
367 208 14 14 1201479
366 207 16 16 1564837
365 206 18 18 1974801
372 213 4 4 128472
371 212 6 6 268240
370 211 8 8 438754
369 210 10 10 657591
368 209 12 12 922166
367 208 14 14 1236953
366 207 16 16 1585657
365 206 18 18 1969510
372 213 4 4 141732
371 212 6 6 266434
370 211 8 8 430933
369 210 10 10 644051
368 209 12 12 907252
367 208 14 14 1210822
366 207 16 16 1572948
365 206 18 18 1981035
372 213 4 4 132364
371 212 6 6 268458
370 211 8 8 434547
369 210 10 10 641783
368 209 12 12 904878
367 208 14 14 1217190
366 207 16 16 1568439
365 206 18 18 1974450
372 213 4 4 139525
371 212 6 6 262370
370 211 8 8 429940
369 210 10 10 636828
368 209 12 12 891272
367 208 14 14 1196265
366 207 16 16 1555786
365 206 18 18 1949909
372 213 4 4 148673
371 212 6 6 287872
370 211 8 8 455828
369 210 10 10 676384
368 209 12 12 938351
367 208 14 14 1238932
366 207 16 16 1598739
365 206 18 18 1999026
372 213 4 4 137512
371 212 6 6 262625
370 211 8 8 430583
369 210 10 10 642247
368 209 12 12 907079
367 208 14 14 1214667
366 207 16 16 1563458
365 206 18 18 1939126
372 213 4 4 134675
371 212 6 6 263115
370 211 8 8 424640
369 210 10 10 637006
368 209 12 12 896676
367 208 14 14 1202731
366 207 16 16 1536914
365 206 18 18 1935277
372 213 4 4 133517
371 212 6 6 271850
370 211 8 8 432324
369 210 10 10 645366
368 209 12 12 913913
367 208 14 14 1213092
366 207 16 16 1564463
365 206 18 18 1969440
372 213 4 4 126746
371 212 6 6 255847
370 211 8 8 413020
369 210 10 10 623434
368 209 12 12 888181
367 208 14 14 1198252
366 207 16 16 1547864
365 206 18 18 1962050
372 213 4 4 137147
371 212 6 6 260895
370 211 8 8 449294
369 210 10 10 667180
368 209 12 12 948130
367 208 14 14 1250207
366 207 16 16 1615626
365 206 18 18 2020012
372 213 4 4 148741
371 212 6 6 285317
370 211 8 8 456895
369 210 10 10 678338
368 209 12 12 928288
367 208 14 14 1238799
366 207 16 16 1578152
365 206 18 18 1991819
372 213 4 4 131337
371 212 6 6 260335
370 211 8 8 435684
369 210 10 10 663234
368 209 12 12 915038
367 208 14 14 1213297
366 207 16 16 1557717
365 206 18 18 1972009
372 213 4 4 133198
371 212 6 6 263950
370 211 8 8 441967
369 210 10 10 654413
368 209 12 12 925236
367 208 14 14 1243223
366 207 16 16 1593715
365 206 18 18 2006524
372 213 4 4 134191
371 212 6 6 283096
370 211 8 8 464306
369 210 10 10 685533
368 209 12 12 951869
367 208 14 14 1266764
366 207 16 16 1619535
365 206 18 18 2030658
372 213 4 4 133752
371 212 6 6 256174
370 211 8 8 422079
369 210 10 10 631583
368 209 12 12 889198
367 208 14 14 1190002
366 207 16 16 1531494
365 206 18 18 1923958
372 213 4 4 123998
371 212 6 6 256841
370 211 8 8 432393
369 210 10 10 644256
368 209 12 12 902340
367 208 14 14 1203589
366 207 16 16 1552583
365 206 18 18 1960627
372 213 4 4 130652
371 212 6 6 261633
370 211 8 8 436147
369 210 10 10 662667
368 209 12 12 926755
367 208 14 14 1231579
366 207 16 16 1577048
365 206 18 18 1980589
372 213 4 4 134292
371 212 6 6 259158
370 211 8 8 428798
369 210 10 10 640038
368 209 12 12 903267
367 208 14 14 1202355
366 207 16 16 1553562
365 206 18 18 1960314
372 213 4 4 142856
371 212 6 6 272229
370 211 8 8 440668
369 210 10 10 660915
368 209 12 12 909321
367 208 14 14 1183708
366 207 16 16 1556542
365 206 18 18 1951427
372 213 4 4 120435
371 212 6 6 250566
370 211 8 8 416574
369 210 10 10 624294
368 209 12 12 876738
367 208 14 14 1184794
366 207 16 16 1555475
365 206 18 18 1962274
372 213 4 4 137478
371 212 6 6 280674
370 211 8 8 445056
369 210 10 10 662537
368 209 12 12 929819
367 208 14 14 1235945
366 207 16 16 1583930
365 206 18 18 1984189
372 213 4 4 137208
371 212 6 6 263789
370 211 8 8 435118
369 210 10 10 642932
368 209 12 12 914164
367 208 14 14 1210686
366 207 16 16 1558531
365 206 18 18 1955268
372 213 4 4 136524
371 212 6 6 260047
370 211 8 8 428159
369 210 10 10 647172
368 209 12 12 897739
367 208 14 14 1206847
366 207 16 16 1547366
365 206 18 18 1958011
372 213 4 4 138603
371 212 6 6 271952
370 211 8 8 432987
369 210 10 10 650618
368 209 12 12 910049
367 208 14 14 1199737
366 207 16 16 1563140
365 206 18 18 1952399
372 213 4 4 145004
371 212 6 6 279240
370 211 8 8 448896
369 210 10 10 665126
368 209 12 12 923244
367 208 14 14 1253129
366 207 16 16 1609842
365 206 18 18 2026769
372 213 4 4 142640
371 212 6 6 274815
370 211 8 8 443731
369 210 10 10 657432
368 209 12 12 915059
367 208 14 14 1220404
366 207 16 16 1564310
365 206 18 18 1963729
372 213 4 4 127789
371 212 6 6 258922
370 211 8 8 428931
369 210 10 10 648364
368 209 12 12 906751
367 208 14 14 1202246
366 207 16 16 1550690
365 206 18 18 1957260
372 213 4 4 131342
371 212 6 6 261760
370 211 8 8 426089
369 210 10 10 651611
368 209 12 12 929432
367 208 14 14 1244058
366 207 16 16 1610757
365 206 18 18 2015177
372 213 4 4 132866
371 212 6 6 260272
370 211 8 8 427605
369 210 10 10 636245
368 209 12 12 900208
367 208 14 14 1212385
366 207 16 16 1568649
365 206 18 18 1962837
372 213 4 4 141558
371 212 6 6 280478
370 211 8 8 447093
369 210 10 10 656472
368 209 12 12 911442
367 208 14 14 1221789
366 207 16 16 1585816
365 206 18 18 1988486
372 213 4 4 132130
371 212 6 6 256389
370 211 8 8 446374
369 210 10 10 673077
368 209 12 12 938138
367 208 14 14 1240593
366 207 16 16 1600463
365 206 18 18 2014295
372 213 4 4 133080
371 212 6 6 261584
370 211 8 8 430469
369 210 10 10 646454
368 209 12 12 908279
367 208 14 14 1213673
366 207 16 16 1568144
365 206 18 18 1972285
372 213 4 4 133405
371 212 6 6 273984
370 211 8 8 443275
369 210 10 10 666629
368 209 12 12 929750
367 208 14 14 1234489
366 207 16 16 1585721
365 206 18 18 1971293
372 213 4 4 131843
371 212 6 6 266504
370 211 8 8 429854
369 210 10 10 644784
368 209 12 12 911033
367 208 14 14 1221820
366 207 16 16 1582576
365 206 18 18 1976604
372 213 4 4 137788
371 212 6 6 270181
370 211 8 8 437201
369 210 10 10 648785
368 209 12 12 898135
367 208 14 14 1202381
366 207 16 16 1562422
365 206 18 18 1961471
372 213 4 4 127266
371 212 6 6 247222
370 211 8 8 426517
369 210 10 10 637778
368 209 12 12 907777
367 208 14 14 1213030
366 207 16 16 1554073
365 206 18 18 1945440
372 213 4 4 137184
371 212 6 6 264689
370 211 8 8 438661
369 210 10 10 660516
368 209 12 12 919764
367 208 14 14 1236349
366 207 16 16 1596740
365 206 18 18 2005160
372 213 4 4 134821
371 212 6 6 276769
370 211 8 8 446173
369 210 10 10 668215
368 209 12 12 921490
367 208 14 14 1238676
366 207 16 16 1591726
365 206 18 18 1982178
372 213 4 4 128265
371 212 6 6 253605
370 211 8 8 425905
369 210 10 10 636946
368 209 12 12 910858
367 208 14 14 1219654
366 207 16 16 1554515
365 206 18 18 1963717
372 213 4 4 136634
371 212 6 6 273037
370 211 8 8 446159
369 210 10 10 663151
368 209 12 12 936829
367 208 14 14 1250431
366 207 16 16 1602389
365 206 18 18 2002833
372 213 4 4 121631
371 212 6 6 261066
370 211 8 8 434425
369 210 10 10 653972
368 209 12 12 908012
367 208 14 14 1206556
366 207 16 16 1546146
365 206 18 18 1953068
372 213 4 4 131631
371 212 6 6 259905
370 211 8 8 431401
369 210 10 10 647123
368 209 12 12 908798
367 208 14 14 1194398
366 207 16 16 1546391
365 206 18 18 1950154
372 213 4 4 134470
371 212 6 6 273376
370 211 8 8 445004
369 210 10 10 663168
368 209 12 12 917506
367 208 14 14 1236884
366 207 16 16 1596272
365 206 18 18 1986477
372 213 4 4 124810
371 212 6 6 251835
370 211 8 8 424951
369 210 10 10 635003
368 209 12 12 898358
367 208 14 14 1199686
366 207 16 16 1560979
365 206 18 18 1946169
372 213 4 4 142654
371 212 6 6 269979
370 211 8 8 435944
369 210 10 10 647330
368 209 12 12 911864
367 208 14 14 1226911
366 207 16 16 1583264
365 206 18 18 1980583
372 213 4 4 135575
371 212 6 6 273581
370 211 8 8 445131
369 210 10 10 661395
368 209 12 12 921395
367 208 14 14 1234516
366 207 16 16 1594100
365 206 18 18 1996728
372 213 4 4 131225
371 212 6 6 257530
370 211 8 8 439657
369 210 10 10 648106
368 209 12 12 909562
367 208 14 14 1206187
366 207 16 16 1569023
365 206 18 18 1965723
372 213 4 4 129739
371 212 6 6 261602
370 211 8 8 444648
369 210 10 10 667930
368 209 12 12 934919
367 208 14 14 1237685
366 207 16 16 1596015
365 206 18 18 2000322
372 213 4 4 135727
371 212 6 6 260245
370 211 8 8 449368
369 210 10 10 670774
368 209 12 12 945737
367 208 14 14 1255479
366 207 16 16 1609375
365 206 18 18 1991254
372 213 4 4 140446
371 212 6 6 269662
370 211 8 8 440451
369 210 10 10 650435
368 209 12 12 897834
367 208 14 14 1207008
366 207 16 16 1567187
365 206 18 18 1967135
372 213 4 4 140561
371 212 6 6 271992
370 211 8 8 445565
369 210 10 10 660994
368 209 12 12 932357
367 208 14 14 1238341
366 207 16 16 1580864
365 206 18 18 1986793
372 213 4 4 131628
371 212 6 6 252857
370 211 8 8 418342
369 210 10 10 635749
368 209 12 12 891567
367 208 14 14 1202071
366 207 16 16 1548118
365 206 18 18 1952185
372 213 4 4 134082
371 212 6 6 263493
370 211 8 8 436102
369 210 10 10 659180
368 209 12 12 912979
367 208 14 14 1217050
366 207 16 16 1550353
365 206 18 18 1948800
372 213 4 4 133050
371 212 6 6 264245
370 211 8 8 426528
369 210 10 10 632112
368 209 12 12 882476
367 208 14 14 1195948
366 207 16 16 1549729
365 206 18 18 1961178
372 213 4 4 145332
371 212 6 6 267000
370 211 8 8 435069
369 210 10 10 644913
368 209 12 12 901501
367 208 14 14 1188272
366 207 16 16 1512375
365 206 18 18 1918814
372 213 4 4 132258
371 212 6 6 256128
370 211 8 8 421488
369 210 10 10 648767
368 209 12 12 908689
367 208 14 14 1207790
366 207 16 16 1555755
365 206 18 18 1971108
372 213 4 4 140991
371 212 6 6 272721
370 211 8 8 443625
369 210 10 10 656127
368 209 12 12 917778
367 208 14 14 1226893
366 207 16 16 1580864
365 206 18 18 1991500
372 213 4 4 125462
371 212 6 6 247451
370 211 8 8 420118
369 210 10 10 637254
368 209 12 12 895682
367 208 14 14 1189901
366 207 16 16 1538630
365 206 18 18 1943665
372 213 4 4 138775
371 212 6 6 255368
370 211 8 8 422561
369 210 10 10 640409
368 209 12 12 909858
367 208 14 14 1209707
366 207 16 16 1549714
365 206 18 18 1965814
372 213 4 4 131082
371 212 6 6 253786
370 211 8 8 424355
369 210 10 10 629670
368 209 12 12 886741
367 208 14 14 1186380
366 207 16 16 1535273
365 206 18 18 1932692
372 213 4 4 126121
371 212 6 6 263485
370 211 8 8 427775
369 210 10 10 642240
368 209 12 12 924687
367 208 14 14 1229223
366 207 16 16 1596686
365 206 18 18 2010166
372 213 4 4 138116
371 212 6 6 274287
370 211 8 8 438049
369 210 10 10 654716
368 209 12 12 910151
367 208 14 14 1226778
366 207 16 16 1593737
365 206 18 18 1995729
372 213 4 4 132632
371 212 6 6 265600
370 211 8 8 445762
369 210 10 10 663931
368 209 12 12 901961
367 208 14 14 1223499
366 207 16 16 1566123
365 206 18 18 1952645
372 213 4 4 127715
371 212 6 6 254018
370 211 8 8 423141
369 210 10 10 633534
368 209 12 12 894022
367 208 14 14 1193283
366 207 16 16 1560846
365 206 18 18 1963664
372 213 4 4 132488
371 212 6 6 268980
370 211 8 8 452105
369 210 10 10 680741
368 209 12 12 953554
367 208 14 14 1264549
366 207 16 16 1617290
365 206 18 18 2031489
372 213 4 4 132634
371 212 6 6 263354
370 211 8 8 429773
369 210 10 10 647949
368 209 12 12 893327
367 208 14 14 1199471
366 207 16 16 1557235
365 206 18 18 1958826
372 213 4 4 131657
371 212 6 6 259780
370 211 8 8 427467
369 210 10 10 642570
368 209 12 12 900664
367 208 14 14 1205151
366 207 16 16 1543595
365 206 18 18 1947810
372 213 4 4 128549
371 212 6 6 256532
370 211 8 8 423518
369 210 10 10 653877
368 209 12 12 911429
367 208 14 14 1227247
366 207 16 16 1579679
365 206 18 18 1976597
372 213 4 4 124142
371 212 6 6 248064
370 211 8 8 421014
369 210 10 10 633212
368 209 12 12 893888
367 208 14 14 1207097
366 207 16 16 1566159
365 206 18 18 1954722
372 213 4 4 133714
371 212 6 6 269658
370 211 8 8 450093
369 210 10 10 664760
368 209 12 12 931568
367 208 14 14 1228355
366 207 16 16 1580489
365 206 18 18 1963555
372 213 4 4 129160
371 212 6 6 256797
370 211 8 8 425803
369 210 10 10 656806
368 209 12 12 911020
367 208 14 14 1208506
366 207 16 16 1568702
365 206 18 18 1975095
372 213 4 4 138129
371 212 6 6 277353
370 211 8 8 454118
369 210 10 10 674597
368 209 12 12 922095
367 208 14 14 1252381
366 207 16 16 1596972
365 206 18 18 2018399
372 213 4 4 126231
371 212 6 6 249456
370 211 8 8 427198
369 210 10 10 642957
368 209 12 12 898767
367 208 14 14 1200363
366 207 16 16 1547450
365 206 18 18 1951291
372 213 4 4 135340
371 212 6 6 267175
370 211 8 8 436452
369 210 10 10 652815
368 209 12 12 919000
367 208 14 14 1233108
366 207 16 16 1595691
365 206 18 18 2005619
372 213 4 4 138662
371 212 6 6 260721
370 211 8 8 432927
369 210 10 10 646729
368 209 12 12 905561
367 208 14 14 1224227
366 207 16 16 1577532
365 206 18 18 1973082
372 213 4 4 130615
371 212 6 6 254645
370 211 8 8 411193
369 210 10 10 621204
368 209 12 12 887050
367 208 14 14 1186460
366 207 16 16 1528096
365 206 18 18 1930412
372 213 4 4 136137
371 212 6 6 273642
370 211 8 8 445223
369 210 10 10 660730
368 209 12 12 917071
367 208 14 14 1228753
366 207 16 16 1583147
365 206 18 18 1979515
372 213 4 4 127429
371 212 6 6 252023
370 211 8 8 421014
369 210 10 10 625396
368 209 12 12 893412
367 208 14 14 1192443
366 207 16 16 1544924
365 206 18 18 1930692
372 213 4 4 133387
371 212 6 6 265049
370 211 8 8 427504
369 210 10 10 640643
368 209 12 12 905754
367 208 14 14 1214725
366 207 16 16 1569436
365 206 18 18 1991567
372 213 4 4 132640
371 212 6 6 261453
370 211 8 8 415944
369 210 10 10 629264
368 209 12 12 884345
367 208 14 14 1175416
366 207 16 16 1533981
365 206 18 18 1917036
372 213 4 4 123920
371 212 6 6 253622
370 211 8 8 431248
369 210 10 10 650045
368 209 12 12 919513
367 208 14 14 1231280
366 207 16 16 1585937
365 206 18 18 1990258
372 213 4 4 129931
371 212 6 6 256638
370 211 8 8 440781
369 210 10 10 656488
368 209 12 12 911636
367 208 14 14 1209761
366 207 16 16 1565465
365 206 18 18 1970075
372 213 4 4 137500
371 212 6 6 260587
370 211 8 8 429117
369 210 10 10 639142
368 209 12 12 894196
367 208 14 14 1196961
366 207 16 16 1547155
365 206 18 18 1935547
372 213 4 4 129325
371 212 6 6 256402
370 211 8 8 427661
369 210 10 10 645156
368 209 12 12 903524
367 208 14 14 1227837
366 207 16 16 1595021
365 206 18 18 1983176
372 213 4 4 136186
371 212 6 6 273978
370 211 8 8 454960
369 210 10 10 664870
368 209 12 12 919650
367 208 14 14 1225545
366 207 16 16 1588335
365 206 18 18 1974826
372 213 4 4 135612
371 212 6 6 265285
370 211 8 8 433387
369 210 10 10 642285
368 209 12 12 913070
367 208 14 14 1197195
366 207 16 16 1537129
365 206 18 18 1952291
372 213 4 4 143510
371 212 6 6 279030
370 211 8 8 453437
369 210 10 10 675331
368 209 12 12 930354
367 208 14 14 1243425
366 207 16 16 1593983
365 206 18 18 1998494
372 213 4 4 130705
371 212 6 6 264788
370 211 8 8 434357
369 210 10 10 644014
368 209 12 12 913552
367 208 14 14 1213547
366 207 16 16 1562208
365 206 18 18 1958813
372 213 4 4 126549
371 212 6 6 250393
370 211 8 8 423391
369 210 10 10 627284
368 209 12 12 906505
367 208 14 14 1207754
366 207 16 16 1567386
365 206 18 18 1966533
372 213 4 4 134403
371 212 6 6 258232
370 211 8 8 428947
369 210 10 10 644998
368 209 12 12 915705
367 208 14 14 1221460
366 207 16 16 1574008
365 206 18 18 1975100
372 213 4 4 132964
371 212 6 6 264572
370 211 8 8 433818
369 210 10 10 641158
368 209 12 12 910806
367 208 14 14 1213145
366 207 16 16 1559392
365 206 18 18 1977129
372 213 4 4 138069
371 212 6 6 267146
370 211 8 8 443520
369 210 10 10 661851
368 209 12 12 929870
367 208 14 14 1235700
366 207 16 16 1591670
365 206 18 18 1985973
372 213 4 4 131954
371 212 6 6 252289
370 211 8 8 414134
369 210 10 10 623295
368 209 12 12 884912
367 208 14 14 1192395
366 207 16 16 1526682
365 206 18 18 1936122
372 213 4 4 137155
371 212 6 6 266528
370 211 8 8 429956
369 210 10 10 654050
368 209 12 12 924411
367 208 14 14 1234795
366 207 16 16 1605649
365 206 18 18 2001717
372 213 4 4 134460
371 212 6 6 268358
370 211 8 8 435738
369 210 10 10 659134
368 209 12 12 917964
367 208 14 14 1215902
366 207 16 16 1563625
365 206 18 18 1968542
372 213 4 4 130157
371 212 6 6 258064
370 211 8 8 424934
369 210 10 10 640601
368 209 12 12 894543
367 208 14 14 1186359
366 207 16 16 1548243
365 206 18 18 1948699
372 213 4 4 130940
371 212 6 6 264839
370 211 8 8 431766
369 210 10 10 642905
368 209 12 12 905853
367 208 14 14 1213859
366 207 16 16 1567428
365 206 18 18 1981148
372 213 4 4 133694
371 212 6 6 259618
370 211 8 8 412079
369 210 10 10 620732
368 209 12 12 868997
367 208 14 14 1176028
366 207 16 16 1524244
365 206 18 18 1934025
372 213 4 4 147066
371 212 6 6 286392
370 211 8 8 458993
369 210 10 10 664008
368 209 12 12 921918
367 208 14 14 1227641
366 207 16 16 1597589
365 206 18 18 2011231
372 213 4 4 136068
371 212 6 6 260941
370 211 8 8 437518
369 210 10 10 647239
368 209 12 12 902993
367 208 14 14 1203391
366 207 16 16 1564505
365 206 18 18 1978839
372 213 4 4 138755
371 212 6 6 273495
370 211 8 8 450759
369 210 10 10 677021
368 209 12 12 917789
367 208 14 14 1215626
366 207 16 16 1568422
365 206 18 18 1964473
372 213 4 4 135221
371 212 6 6 266393
370 211 8 8 440720
369 210 10 10 673324
368 209 12 12 927172
367 208 14 14 1217506
366 207 16 16 1552516
365 206 18 18 1948975
372 213 4 4 133269
371 212 6 6 266798
370 211 8 8 438022
369 210 10 10 647564
368 209 12 12 907555
367 208 14 14 1216440
366 207 16 16 1556006
365 206 18 18 1954272
372 213 4 4 142339
371 212 6 6 281280
370 211 8 8 454651
369 210 10 10 682771
368 209 12 12 943628
367 208 14 14 1255156
366 207 16 16 1601369
365 206 18 18 1974400
372 213 4 4 136189
371 212 6 6 259663
370 211 8 8 429548
369 210 10 10 644014
368 209 12 12 909315
367 208 14 14 1211742
366 207 16 16 1581082
365 206 18 18 1975002
372 213 4 4 132247
371 212 6 6 260794
370 211 8 8 440427
369 210 10 10 660728
368 209 12 12 912731
367 208 14 14 1211022
366 207 16 16 1560003
365 206 18 18 1956130
372 213 4 4 144313
371 212 6 6 271883
370 211 8 8 442208
369 210 10 10 667316
368 209 12 12 922015
367 208 14 14 1227768
366 207 16 16 1578599
365 206 18 18 1994278
372 213 4 4 139378
371 212 6 6 269532
370 211 8 8 444953
369 210 10 10 663379
368 209 12 12 913716
367 208 14 14 1225957
366 207 16 16 1586221
365 206 18 18 1985522
372 213 4 4 145461
371 212 6 6 264232
370 211 8 8 432090
369 210 10 10 648358
368 209 12 12 919912
367 208 14 14 1226317
366 207 16 16 1593863
365 206 18 18 1985771
372 213 4 4 141943
371 212 6 6 263991
370 211 8 8 434673
369 210 10 10 653720
368 209 12 12 927943
367 208 14 14 1229193
366 207 16 16 1568659
365 206 18 18 1967303
372 213 4 4 140698
371 212 6 6 262542
370 211 8 8 435416
369 210 10 10 653601
368 209 12 12 914073
367 208 14 14 1217080
366 207 16 16 1561051
365 206 18 18 1977080
372 213 4 4 130252
371 212 6 6 254879
370 211 8 8 423644
369 210 10 10 634340
368 209 12 12 885049
367 208 14 14 1194869
366 207 16 16 1562726
365 206 18 18 1961414
372 213 4 4 138905
371 212 6 6 264532
370 211 8 8 432649
369 210 10 10 637578
368 209 12 12 893402
367 208 14 14 1199407
366 207 16 16 1543782
365 206 18 18 1941170
372 213 4 4 133028
371 212 6 6 270792
370 211 8 8 441500
369 210 10 10 661767
368 209 12 12 921491
367 208 14 14 1232432
366 207 16 16 1596139
365 206 18 18 2007789
372 213 4 4 132007
371 212 6 6 262674
370 211 8 8 436221
369 210 10 10 655077
368 209 12 12 912759
367 208 14 14 1204709
366 207 16 16 1554490
365 206 18 18 1957449
