204 294 4 4 2083
203 293 6 6 4751
202 292 8 8 8595
201 291 10 10 13295
200 290 12 12 18251
199 289 14 14 25090
198 288 16 16 31760
197 287 18 18 41097
204 294 4 4 1609
203 293 6 6 4232
202 292 8 8 8218
201 291 10 10 12009
200 290 12 12 17378
199 289 14 14 23305
198 288 16 16 30277
197 287 18 18 38943
204 294 4 4 1671
203 293 6 6 4342
202 292 8 8 7208
201 291 10 10 11231
200 290 12 12 16433
199 289 14 14 22564
198 288 16 16 29650
197 287 18 18 37834
204 294 4 4 1713
203 293 6 6 3980
202 292 8 8 7387
201 291 10 10 11814
200 290 12 12 17443
199 289 14 14 23769
198 288 16 16 30398
197 287 18 18 38295
204 294 4 4 2344
203 293 6 6 4888
202 292 8 8 8553
201 291 10 10 12760
200 290 12 12 18484
199 289 14 14 25002
198 288 16 16 31815
197 287 18 18 40217
204 294 4 4 2381
203 293 6 6 4453
202 292 8 8 7318
201 291 10 10 11424
200 290 12 12 16319
199 289 14 14 23244
198 288 16 16 30724
197 287 18 18 38885
204 294 4 4 2366
203 293 6 6 5170
202 292 8 8 8711
201 291 10 10 13493
200 290 12 12 18463
199 289 14 14 23889
198 288 16 16 30436
197 287 18 18 38329
204 294 4 4 2278
203 293 6 6 4373
202 292 8 8 7871
201 291 10 10 12564
200 290 12 12 17543
199 289 14 14 24468
198 288 16 16 31780
197 287 18 18 40803
204 294 4 4 2164
203 293 6 6 4560
202 292 8 8 7577
201 291 10 10 11527
200 290 12 12 16462
199 289 14 14 24571
198 288 16 16 31907
197 287 18 18 40885
204 294 4 4 2318
203 293 6 6 4769
202 292 8 8 7471
201 291 10 10 11460
200 290 12 12 16458
199 289 14 14 22534
198 288 16 16 28893
197 287 18 18 36808
204 294 4 4 1996
203 293 6 6 4456
202 292 8 8 8761
201 291 10 10 13406
200 290 12 12 20348
199 289 14 14 27210
198 288 16 16 35093
197 287 18 18 43746
204 294 4 4 2182
203 293 6 6 5138
202 292 8 8 8269
201 291 10 10 12042
200 290 12 12 17169
199 289 14 14 23262
198 288 16 16 30810
197 287 18 18 39611
204 294 4 4 1866
203 293 6 6 4037
202 292 8 8 8297
201 291 10 10 12672
200 290 12 12 18027
199 289 14 14 24303
198 288 16 16 31044
197 287 18 18 39006
204 294 4 4 2113
203 293 6 6 4491
202 292 8 8 7863
201 291 10 10 11794
200 290 12 12 17060
199 289 14 14 22880
198 288 16 16 30583
197 287 18 18 38812
204 294 4 4 1461
203 293 6 6 3272
202 292 8 8 5966
201 291 10 10 9830
200 290 12 12 14179
199 289 14 14 19345
198 288 16 16 24495
197 287 18 18 32426
204 294 4 4 2107
203 293 6 6 4401
202 292 8 8 8858
201 291 10 10 13074
200 290 12 12 18370
199 289 14 14 25217
198 288 16 16 32018
197 287 18 18 41921
204 294 4 4 2038
203 293 6 6 4442
202 292 8 8 7852
201 291 10 10 11976
200 290 12 12 17787
199 289 14 14 23447
198 288 16 16 29475
197 287 18 18 37745
204 294 4 4 2233
203 293 6 6 4631
202 292 8 8 8447
201 291 10 10 12665
200 290 12 12 18905
199 289 14 14 24968
198 288 16 16 31800
197 287 18 18 39588
204 294 4 4 2119
203 293 6 6 4846
202 292 8 8 7943
201 291 10 10 12123
200 290 12 12 17794
199 289 14 14 23416
198 288 16 16 30421
197 287 18 18 37868
204 294 4 4 1694
203 293 6 6 3972
202 292 8 8 7209
201 291 10 10 12120
200 290 12 12 17233
199 289 14 14 23551
198 288 16 16 30631
197 287 18 18 38058
204 294 4 4 1710
203 293 6 6 3946
202 292 8 8 6957
201 291 10 10 10494
200 290 12 12 16568
199 289 14 14 22037
198 288 16 16 29048
197 287 18 18 37172
204 294 4 4 1888
203 293 6 6 4285
202 292 8 8 7541
201 291 10 10 11460
200 290 12 12 16951
199 289 14 14 23285
198 288 16 16 30469
197 287 18 18 38607
204 294 4 4 1922
203 293 6 6 4181
202 292 8 8 7956
201 291 10 10 12061
200 290 12 12 17697
199 289 14 14 23453
198 288 16 16 30221
197 287 18 18 38358
204 294 4 4 3373
203 293 6 6 6335
202 292 8 8 11080
201 291 10 10 16677
200 290 12 12 24097
199 289 14 14 32121
198 288 16 16 42627
197 287 18 18 51543
204 294 4 4 2417
203 293 6 6 4699
202 292 8 8 8001
201 291 10 10 12615
200 290 12 12 18318
199 289 14 14 24874
198 288 16 16 32383
197 287 18 18 41103
204 294 4 4 62254
203 293 6 6 113289
202 292 8 8 162829
201 291 10 10 217213
200 290 12 12 286031
199 289 14 14 370887
198 288 16 16 472470
197 287 18 18 580622
204 294 4 4 76085
203 293 6 6 121962
202 292 8 8 169034
201 291 10 10 226841
200 290 12 12 296866
199 289 14 14 364724
198 288 16 16 448266
197 287 18 18 547816
204 294 4 4 74671
203 293 6 6 118950
202 292 8 8 165807
201 291 10 10 228187
200 290 12 12 299802
199 289 14 14 376778
198 288 16 16 465174
197 287 18 18 568583
204 294 4 4 76304
203 293 6 6 118473
202 292 8 8 175870
201 291 10 10 231076
200 290 12 12 293769
199 289 14 14 373149
198 288 16 16 454402
197 287 18 18 553516
204 294 4 4 84494
203 293 6 6 130407
202 292 8 8 179932
201 291 10 10 231565
200 290 12 12 297793
199 289 14 14 379476
198 288 16 16 474719
197 287 18 18 580300
204 294 4 4 83128
203 293 6 6 124671
202 292 8 8 163359
201 291 10 10 224489
200 290 12 12 291978
199 289 14 14 369268
198 288 16 16 460677
197 287 18 18 568274
204 294 4 4 83401
203 293 6 6 133473
202 292 8 8 179410
201 291 10 10 234237
200 290 12 12 296908
199 289 14 14 377113
198 288 16 16 459029
197 287 18 18 557664
204 294 4 4 86588
203 293 6 6 127139
202 292 8 8 173229
201 291 10 10 231411
200 290 12 12 291408
199 289 14 14 373720
198 288 16 16 457981
197 287 18 18 556371
204 294 4 4 75461
203 293 6 6 117284
202 292 8 8 163356
201 291 10 10 214057
200 290 12 12 284964
199 289 14 14 362746
198 288 16 16 457082
197 287 18 18 560644
204 294 4 4 74772
203 293 6 6 121427
202 292 8 8 167942
201 291 10 10 229106
200 290 12 12 294706
199 289 14 14 361770
198 288 16 16 448417
197 287 18 18 552732
204 294 4 4 78505
203 293 6 6 124992
202 292 8 8 175195
201 291 10 10 232907
200 290 12 12 305889
199 289 14 14 377869
198 288 16 16 464625
197 287 18 18 558388
204 294 4 4 83505
203 293 6 6 132402
202 292 8 8 172614
201 291 10 10 223304
200 290 12 12 279984
199 289 14 14 351703
198 288 16 16 438383
197 287 18 18 540882
204 294 4 4 83865
203 293 6 6 129054
202 292 8 8 175345
201 291 10 10 228770
200 290 12 12 290489
199 289 14 14 360771
198 288 16 16 453419
197 287 18 18 548213
204 294 4 4 87087
203 293 6 6 132579
202 292 8 8 186036
201 291 10 10 244941
200 290 12 12 312008
199 289 14 14 383762
198 288 16 16 467991
197 287 18 18 577625
204 294 4 4 85308
203 293 6 6 134418
202 292 8 8 184339
201 291 10 10 240539
200 290 12 12 311664
199 289 14 14 394804
198 288 16 16 491939
197 287 18 18 600314
204 294 4 4 86161
203 293 6 6 137201
202 292 8 8 187573
201 291 10 10 253822
200 290 12 12 323935
199 289 14 14 415932
198 288 16 16 521898
197 287 18 18 643945
204 294 4 4 77829
203 293 6 6 129452
202 292 8 8 182034
201 291 10 10 245028
200 290 12 12 314057
199 289 14 14 395927
198 288 16 16 485895
197 287 18 18 602597
204 294 4 4 81900
203 293 6 6 126860
202 292 8 8 177221
201 291 10 10 238339
200 290 12 12 309682
199 289 14 14 389484
198 288 16 16 481401
197 287 18 18 587583
204 294 4 4 77364
203 293 6 6 126743
202 292 8 8 169806
201 291 10 10 229814
200 290 12 12 299477
199 289 14 14 381653
198 288 16 16 481184
197 287 18 18 583935
204 294 4 4 84429
203 293 6 6 127818
202 292 8 8 179271
201 291 10 10 242059
200 290 12 12 313016
199 289 14 14 391869
198 288 16 16 478637
197 287 18 18 595519
204 294 4 4 84727
203 293 6 6 126478
202 292 8 8 177543
201 291 10 10 242614
200 290 12 12 312415
199 289 14 14 392703
198 288 16 16 485786
197 287 18 18 600995
204 294 4 4 85994
203 293 6 6 135832
202 292 8 8 191302
201 291 10 10 244464
200 290 12 12 315784
199 289 14 14 399833
198 288 16 16 497144
197 287 18 18 604255
204 294 4 4 84273
203 293 6 6 126903
202 292 8 8 172157
201 291 10 10 229776
200 290 12 12 301026
199 289 14 14 382999
198 288 16 16 489497
197 287 18 18 596864
204 294 4 4 107012
203 293 6 6 157621
202 292 8 8 211384
201 291 10 10 273387
200 290 12 12 361651
199 289 14 14 453213
198 288 16 16 550848
197 287 18 18 654885
204 294 4 4 92364
203 293 6 6 141969
202 292 8 8 192932
201 291 10 10 259051
200 290 12 12 331021
199 289 14 14 416918
198 288 16 16 516360
197 287 18 18 615848
204 294 4 4 91058
203 293 6 6 138411
202 292 8 8 189713
201 291 10 10 249109
200 290 12 12 321375
199 289 14 14 397689
198 288 16 16 497713
197 287 18 18 598147
204 294 4 4 89108
203 293 6 6 135053
202 292 8 8 190498
201 291 10 10 247843
200 290 12 12 316960
199 289 14 14 387827
198 288 16 16 478354
197 287 18 18 585706
204 294 4 4 68116
203 293 6 6 112147
202 292 8 8 167937
201 291 10 10 224045
200 290 12 12 291510
199 289 14 14 371919
198 288 16 16 459317
197 287 18 18 565085
204 294 4 4 74867
203 293 6 6 125200
202 292 8 8 170379
201 291 10 10 226374
200 290 12 12 284940
199 289 14 14 364735
198 288 16 16 455459
197 287 18 18 544478
204 294 4 4 72265
203 293 6 6 124147
202 292 8 8 175095
201 291 10 10 232672
200 290 12 12 298479
199 289 14 14 381817
198 288 16 16 480753
197 287 18 18 576218
204 294 4 4 69123
203 293 6 6 113414
202 292 8 8 163564
201 291 10 10 217027
200 290 12 12 280179
199 289 14 14 361338
198 288 16 16 450757
197 287 18 18 550073
204 294 4 4 81006
203 293 6 6 125936
202 292 8 8 174371
201 291 10 10 227073
200 290 12 12 299492
199 289 14 14 370603
198 288 16 16 462895
197 287 18 18 567362
204 294 4 4 90275
203 293 6 6 134735
202 292 8 8 183748
201 291 10 10 234632
200 290 12 12 297269
199 289 14 14 371997
198 288 16 16 452365
197 287 18 18 550070
204 294 4 4 93981
203 293 6 6 135527
202 292 8 8 179364
201 291 10 10 234689
200 290 12 12 303085
199 289 14 14 373155
198 288 16 16 465411
197 287 18 18 565982
204 294 4 4 83983
203 293 6 6 129375
202 292 8 8 180071
201 291 10 10 240098
200 290 12 12 304818
199 289 14 14 380356
198 288 16 16 462183
197 287 18 18 554469
204 294 4 4 77838
203 293 6 6 124230
202 292 8 8 170165
201 291 10 10 229665
200 290 12 12 291258
199 289 14 14 365781
198 288 16 16 452656
197 287 18 18 542756
204 294 4 4 86108
203 293 6 6 136806
202 292 8 8 187938
201 291 10 10 237347
200 290 12 12 299685
199 289 14 14 376105
198 288 16 16 461444
197 287 18 18 557491
204 294 4 4 80373
203 293 6 6 129491
202 292 8 8 179372
201 291 10 10 231991
200 290 12 12 289871
199 289 14 14 361828
198 288 16 16 441644
197 287 18 18 546510
204 294 4 4 86439
203 293 6 6 132924
202 292 8 8 178801
201 291 10 10 238091
200 290 12 12 300534
199 289 14 14 379408
198 288 16 16 463562
197 287 18 18 561363
204 294 4 4 83600
203 293 6 6 128915
202 292 8 8 174814
201 291 10 10 229866
200 290 12 12 296717
199 289 14 14 368703
198 288 16 16 449369
197 287 18 18 548721
204 294 4 4 77376
203 293 6 6 117694
202 292 8 8 164753
201 291 10 10 220549
200 290 12 12 291662
199 289 14 14 365815
198 288 16 16 451926
197 287 18 18 549215
204 294 4 4 83223
203 293 6 6 129659
202 292 8 8 179180
201 291 10 10 232511
200 290 12 12 291893
199 289 14 14 366461
198 288 16 16 454240
197 287 18 18 553495
204 294 4 4 80797
203 293 6 6 125047
202 292 8 8 170221
201 291 10 10 226727
200 290 12 12 291484
199 289 14 14 357629
198 288 16 16 443543
197 287 18 18 540906
204 294 4 4 79073
203 293 6 6 117886
202 292 8 8 164632
201 291 10 10 217069
200 290 12 12 281793
199 289 14 14 354223
198 288 16 16 431409
197 287 18 18 522920
204 294 4 4 89612
203 293 6 6 139957
202 292 8 8 185920
201 291 10 10 240703
200 290 12 12 306518
199 289 14 14 378213
198 288 16 16 462793
197 287 18 18 562623
204 294 4 4 88276
203 293 6 6 135134
202 292 8 8 181886
201 291 10 10 232744
200 290 12 12 296371
199 289 14 14 370690
198 288 16 16 451332
197 287 18 18 544222
204 294 4 4 81022
203 293 6 6 121592
202 292 8 8 164621
201 291 10 10 214716
200 290 12 12 281827
199 289 14 14 359790
198 288 16 16 453339
197 287 18 18 553752
204 294 4 4 75131
203 293 6 6 112693
202 292 8 8 157540
201 291 10 10 217437
200 290 12 12 278714
199 289 14 14 351466
198 288 16 16 440226
197 287 18 18 537109
204 294 4 4 84723
203 293 6 6 126456
202 292 8 8 170323
201 291 10 10 227232
200 290 12 12 293112
199 289 14 14 368526
198 288 16 16 456949
197 287 18 18 558634
204 294 4 4 78438
203 293 6 6 121683
202 292 8 8 172192
201 291 10 10 221763
200 290 12 12 284766
199 289 14 14 354403
198 288 16 16 439672
197 287 18 18 533477
204 294 4 4 81757
203 293 6 6 126294
202 292 8 8 171945
201 291 10 10 228188
200 290 12 12 295195
199 289 14 14 363728
198 288 16 16 449586
197 287 18 18 543378
204 294 4 4 76196
203 293 6 6 113621
202 292 8 8 160561
201 291 10 10 215729
200 290 12 12 280220
199 289 14 14 351178
198 288 16 16 428287
197 287 18 18 522249
204 294 4 4 84343
203 293 6 6 129504
202 292 8 8 169818
201 291 10 10 223513
200 290 12 12 292462
199 289 14 14 369290
198 288 16 16 457162
197 287 18 18 551741
204 294 4 4 80427
203 293 6 6 123145
202 292 8 8 171452
201 291 10 10 225411
200 290 12 12 288758
199 289 14 14 361974
198 288 16 16 448635
197 287 18 18 547136
204 294 4 4 90453
203 293 6 6 136817
202 292 8 8 175340
201 291 10 10 234927
200 290 12 12 302970
199 289 14 14 377276
198 288 16 16 469520
197 287 18 18 565534
204 294 4 4 76837
203 293 6 6 120388
202 292 8 8 159913
201 291 10 10 210071
200 290 12 12 268177
199 289 14 14 347550
198 288 16 16 434990
197 287 18 18 530842
204 294 4 4 71308
203 293 6 6 117304
202 292 8 8 161315
201 291 10 10 214677
200 290 12 12 275212
199 289 14 14 350567
198 288 16 16 435779
197 287 18 18 530222
204 294 4 4 79512
203 293 6 6 124053
202 292 8 8 165452
201 291 10 10 217868
200 290 12 12 291591
199 289 14 14 361617
198 288 16 16 441331
197 287 18 18 533258
204 294 4 4 80047
203 293 6 6 114543
202 292 8 8 155652
201 291 10 10 207132
200 290 12 12 273327
199 289 14 14 349089
198 288 16 16 443643
197 287 18 18 540281
204 294 4 4 77606
203 293 6 6 124338
202 292 8 8 166495
201 291 10 10 218851
200 290 12 12 274797
199 289 14 14 342540
198 288 16 16 426823
197 287 18 18 524568
204 294 4 4 77142
203 293 6 6 116811
202 292 8 8 160816
201 291 10 10 212011
200 290 12 12 272589
199 289 14 14 340460
198 288 16 16 422254
197 287 18 18 516475
204 294 4 4 82391
203 293 6 6 125003
202 292 8 8 172217
201 291 10 10 220295
200 290 12 12 285832
199 289 14 14 359201
198 288 16 16 443369
197 287 18 18 544806
204 294 4 4 81825
203 293 6 6 128571
202 292 8 8 175762
201 291 10 10 232748
200 290 12 12 295537
199 289 14 14 361737
198 288 16 16 452331
197 287 18 18 542188
204 294 4 4 83124
203 293 6 6 125431
202 292 8 8 166494
201 291 10 10 221531
200 290 12 12 281013
199 289 14 14 354676
198 288 16 16 435042
197 287 18 18 519173
204 294 4 4 76453
203 293 6 6 118498
202 292 8 8 163058
201 291 10 10 216518
200 290 12 12 282211
199 289 14 14 358704
198 288 16 16 442162
197 287 18 18 536980
204 294 4 4 81674
203 293 6 6 135500
202 292 8 8 180540
201 291 10 10 237191
200 290 12 12 295152
199 289 14 14 373581
198 288 16 16 466433
197 287 18 18 571540
204 294 4 4 77184
203 293 6 6 126617
202 292 8 8 174715
201 291 10 10 233098
200 290 12 12 292773
199 289 14 14 367190
198 288 16 16 446347
197 287 18 18 537230
204 294 4 4 81655
203 293 6 6 127471
202 292 8 8 178109
201 291 10 10 226975
200 290 12 12 285120
199 289 14 14 352715
198 288 16 16 438962
197 287 18 18 527351
204 294 4 4 84228
203 293 6 6 133624
202 292 8 8 176152
201 291 10 10 223234
200 290 12 12 284545
199 289 14 14 352303
198 288 16 16 435031
197 287 18 18 529725
204 294 4 4 78929
203 293 6 6 122696
202 292 8 8 169198
201 291 10 10 225991
200 290 12 12 284370
199 289 14 14 350449
198 288 16 16 435747
197 287 18 18 538843
204 294 4 4 88415
203 293 6 6 128312
202 292 8 8 173710
201 291 10 10 227524
200 290 12 12 286128
199 289 14 14 362698
198 288 16 16 444892
197 287 18 18 535028
204 294 4 4 75221
203 293 6 6 119037
202 292 8 8 168511
201 291 10 10 223258
200 290 12 12 288915
199 289 14 14 359979
198 288 16 16 439978
197 287 18 18 528868
204 294 4 4 83752
203 293 6 6 120206
202 292 8 8 164716
201 291 10 10 214095
200 290 12 12 279540
199 289 14 14 346729
198 288 16 16 440961
197 287 18 18 544224
204 294 4 4 76002
203 293 6 6 121769
202 292 8 8 167039
201 291 10 10 220504
200 290 12 12 286587
199 289 14 14 363522
198 288 16 16 438637
197 287 18 18 526950
204 294 4 4 80959
203 293 6 6 124792
202 292 8 8 164714
201 291 10 10 215895
200 290 12 12 277486
199 289 14 14 357777
198 288 16 16 451694
197 287 18 18 553268
204 294 4 4 80658
203 293 6 6 120324
202 292 8 8 163132
201 291 10 10 214489
200 290 12 12 288870
199 289 14 14 357752
198 288 16 16 442402
197 287 18 18 532905
204 294 4 4 84015
203 293 6 6 125370
202 292 8 8 166308
201 291 10 10 218397
200 290 12 12 277086
199 289 14 14 358605
198 288 16 16 451987
197 287 18 18 547381
204 294 4 4 84890
203 293 6 6 125545
202 292 8 8 171764
201 291 10 10 223202
200 290 12 12 281213
199 289 14 14 355285
198 288 16 16 441543
197 287 18 18 536771
204 294 4 4 79436
203 293 6 6 120888
202 292 8 8 164899
201 291 10 10 215481
200 290 12 12 284901
199 289 14 14 359768
198 288 16 16 445061
197 287 18 18 543940
204 294 4 4 77843
203 293 6 6 117778
202 292 8 8 161135
201 291 10 10 216338
200 290 12 12 278250
199 289 14 14 352685
198 288 16 16 430832
197 287 18 18 526614
204 294 4 4 70500
203 293 6 6 114194
202 292 8 8 160282
201 291 10 10 215640
200 290 12 12 280308
199 289 14 14 353110
198 288 16 16 442472
197 287 18 18 544316
204 294 4 4 82349
203 293 6 6 126022
202 292 8 8 166129
201 291 10 10 227152
200 290 12 12 284030
199 289 14 14 363104
198 288 16 16 446245
197 287 18 18 542954
204 294 4 4 79126
203 293 6 6 126356
202 292 8 8 169222
201 291 10 10 226266
200 290 12 12 288300
199 289 14 14 368195
198 288 16 16 448508
197 287 18 18 540293
204 294 4 4 74608
203 293 6 6 119101
202 292 8 8 158237
201 291 10 10 216958
200 290 12 12 275954
199 289 14 14 349417
198 288 16 16 439206
197 287 18 18 534964
204 294 4 4 76814
203 293 6 6 117844
202 292 8 8 164422
201 291 10 10 220287
200 290 12 12 281879
199 289 14 14 354145
198 288 16 16 444434
197 287 18 18 542913
204 294 4 4 86609
203 293 6 6 128622
202 292 8 8 168861
201 291 10 10 221737
200 290 12 12 280559
199 289 14 14 346768
198 288 16 16 428517
197 287 18 18 523564
204 294 4 4 84893
203 293 6 6 129470
202 292 8 8 178087
201 291 10 10 239824
200 290 12 12 296129
199 289 14 14 367010
198 288 16 16 450440
197 287 18 18 544315
204 294 4 4 67591
203 293 6 6 107597
202 292 8 8 152489
201 291 10 10 210916
200 290 12 12 273288
199 289 14 14 341468
198 288 16 16 419526
197 287 18 18 515328
204 294 4 4 86035
203 293 6 6 126286
202 292 8 8 172846
201 291 10 10 221705
200 290 12 12 283661
199 289 14 14 357072
198 288 16 16 437718
197 287 18 18 538263
204 294 4 4 87287
203 293 6 6 128431
202 292 8 8 175263
201 291 10 10 231918
200 290 12 12 293101
199 289 14 14 364686
198 288 16 16 446683
197 287 18 18 549399
204 294 4 4 74718
203 293 6 6 116998
202 292 8 8 164708
201 291 10 10 221467
200 290 12 12 281018
199 289 14 14 353359
198 288 16 16 438568
197 287 18 18 539771
204 294 4 4 83717
203 293 6 6 133013
202 292 8 8 175731
201 291 10 10 226059
200 290 12 12 284345
199 289 14 14 362419
198 288 16 16 444353
197 287 18 18 545033
204 294 4 4 80780
203 293 6 6 125111
202 292 8 8 170474
201 291 10 10 225406
200 290 12 12 289922
199 289 14 14 368226
198 288 16 16 452220
197 287 18 18 549595
204 294 4 4 84134
203 293 6 6 128396
202 292 8 8 175829
201 291 10 10 235962
200 290 12 12 300850
199 289 14 14 377360
198 288 16 16 468441
197 287 18 18 556177
204 294 4 4 87293
203 293 6 6 132791
202 292 8 8 178526
201 291 10 10 234101
200 290 12 12 297753
199 289 14 14 372575
198 288 16 16 456141
197 287 18 18 555643
204 294 4 4 89946
203 293 6 6 138304
202 292 8 8 179435
201 291 10 10 239786
200 290 12 12 309003
199 289 14 14 376027
198 288 16 16 457253
197 287 18 18 559817
204 294 4 4 83415
203 293 6 6 126593
202 292 8 8 171467
201 291 10 10 224756
200 290 12 12 294115
199 289 14 14 371200
198 288 16 16 459275
197 287 18 18 561628
204 294 4 4 85128
203 293 6 6 127534
202 292 8 8 171127
201 291 10 10 218936
200 290 12 12 283924
199 289 14 14 358419
198 288 16 16 443029
197 287 18 18 533043
204 294 4 4 78198
203 293 6 6 120348
202 292 8 8 165641
201 291 10 10 215777
200 290 12 12 273902
199 289 14 14 343934
198 288 16 16 429060
197 287 18 18 522839
204 294 4 4 78983
203 293 6 6 120741
202 292 8 8 169507
201 291 10 10 222587
200 290 12 12 288002
199 289 14 14 362245
198 288 16 16 448891
197 287 18 18 542756
204 294 4 4 88501
203 293 6 6 130714
202 292 8 8 174234
201 291 10 10 229479
200 290 12 12 294285
199 289 14 14 370450
198 288 16 16 453584
197 287 18 18 551320
204 294 4 4 86344
203 293 6 6 124690
202 292 8 8 166857
201 291 10 10 218473
200 290 12 12 278828
199 289 14 14 356113
198 288 16 16 434556
197 287 18 18 530040
204 294 4 4 72377
203 293 6 6 112371
202 292 8 8 153038
201 291 10 10 210693
200 290 12 12 273863
199 289 14 14 341941
198 288 16 16 418209
197 287 18 18 511049
204 294 4 4 91535
203 293 6 6 131655
202 292 8 8 180180
201 291 10 10 233072
200 290 12 12 298453
199 289 14 14 366936
198 288 16 16 442240
197 287 18 18 540661
204 294 4 4 79866
203 293 6 6 124512
202 292 8 8 169876
201 291 10 10 222247
200 290 12 12 277130
199 289 14 14 348945
198 288 16 16 434059
197 287 18 18 531240
204 294 4 4 77330
203 293 6 6 116091
202 292 8 8 155599
201 291 10 10 212552
200 290 12 12 275773
199 289 14 14 349563
198 288 16 16 429930
197 287 18 18 519420
204 294 4 4 80673
203 293 6 6 125792
202 292 8 8 164555
201 291 10 10 216609
200 290 12 12 282678
199 289 14 14 349017
198 288 16 16 432219
197 287 18 18 525681
204 294 4 4 76672
203 293 6 6 121225
202 292 8 8 167460
201 291 10 10 220983
200 290 12 12 278054
199 289 14 14 359932
198 288 16 16 448559
197 287 18 18 541187
204 294 4 4 87612
203 293 6 6 131294
202 292 8 8 181256
201 291 10 10 234174
200 290 12 12 298625
199 289 14 14 372449
198 288 16 16 453445
197 287 18 18 548489
204 294 4 4 82398
203 293 6 6 120626
202 292 8 8 161373
201 291 10 10 219180
200 290 12 12 282988
199 289 14 14 349867
198 288 16 16 430305
197 287 18 18 531834
204 294 4 4 87142
203 293 6 6 126081
202 292 8 8 173059
201 291 10 10 230108
200 290 12 12 295677
199 289 14 14 368067
198 288 16 16 453323
197 287 18 18 546557
204 294 4 4 73299
203 293 6 6 115083
202 292 8 8 159753
201 291 10 10 212790
200 290 12 12 278961
199 289 14 14 351607
198 288 16 16 438732
197 287 18 18 533870
204 294 4 4 85637
203 293 6 6 127766
202 292 8 8 176744
201 291 10 10 228705
200 290 12 12 291457
199 289 14 14 361372
198 288 16 16 447241
197 287 18 18 547096
204 294 4 4 87373
203 293 6 6 135329
202 292 8 8 183203
201 291 10 10 239017
200 290 12 12 301762
199 289 14 14 375972
198 288 16 16 459994
197 287 18 18 559267
204 294 4 4 79686
203 293 6 6 119581
202 292 8 8 168848
201 291 10 10 223826
200 290 12 12 289091
199 289 14 14 363313
198 288 16 16 453889
197 287 18 18 548894
204 294 4 4 81538
203 293 6 6 128097
202 292 8 8 171905
201 291 10 10 227252
200 290 12 12 288578
199 289 14 14 361635
198 288 16 16 448185
197 287 18 18 548378
204 294 4 4 74083
203 293 6 6 114435
202 292 8 8 159398
201 291 10 10 211612
200 290 12 12 280350
199 289 14 14 357633
198 288 16 16 438429
197 287 18 18 534946
204 294 4 4 81029
203 293 6 6 129910
202 292 8 8 177693
201 291 10 10 227949
200 290 12 12 290673
199 289 14 14 362987
198 288 16 16 438389
197 287 18 18 523522
204 294 4 4 81033
203 293 6 6 120261
202 292 8 8 165864
201 291 10 10 220609
200 290 12 12 291613
199 289 14 14 366615
198 288 16 16 449576
197 287 18 18 535618
204 294 4 4 75732
203 293 6 6 116445
202 292 8 8 161472
201 291 10 10 209525
200 290 12 12 274478
199 289 14 14 342095
198 288 16 16 420918
197 287 18 18 509533
204 294 4 4 74912
203 293 6 6 113139
202 292 8 8 158945
201 291 10 10 215384
200 290 12 12 277056
199 289 14 14 352290
198 288 16 16 431503
197 287 18 18 524895
204 294 4 4 77586
203 293 6 6 122096
202 292 8 8 165529
201 291 10 10 213195
200 290 12 12 280403
199 289 14 14 344798
198 288 16 16 424944
197 287 18 18 518888
204 294 4 4 76503
203 293 6 6 117995
202 292 8 8 158812
201 291 10 10 209345
200 290 12 12 272280
199 289 14 14 345697
198 288 16 16 433440
197 287 18 18 529653
204 294 4 4 80878
203 293 6 6 122155
202 292 8 8 162716
201 291 10 10 215332
200 290 12 12 277526
199 289 14 14 347216
198 288 16 16 426733
197 287 18 18 514675
204 294 4 4 87231
203 293 6 6 130787
202 292 8 8 179015
201 291 10 10 232613
200 290 12 12 294393
199 289 14 14 367789
198 288 16 16 450467
197 287 18 18 545211
204 294 4 4 75465
203 293 6 6 118911
202 292 8 8 164464
201 291 10 10 216034
200 290 12 12 278244
199 289 14 14 349816
198 288 16 16 426368
197 287 18 18 523552
204 294 4 4 78945
203 293 6 6 125018
202 292 8 8 167918
201 291 10 10 227683
200 290 12 12 294649
199 289 14 14 363761
198 288 16 16 445136
197 287 18 18 544195
204 294 4 4 76688
203 293 6 6 120148
202 292 8 8 164730
201 291 10 10 220875
200 290 12 12 286819
199 289 14 14 358522
198 288 16 16 447106
197 287 18 18 537275
204 294 4 4 79713
203 293 6 6 124821
202 292 8 8 168212
201 291 10 10 217653
200 290 12 12 284919
199 289 14 14 364960
198 288 16 16 448529
197 287 18 18 541754
204 294 4 4 78844
203 293 6 6 119032
202 292 8 8 164762
201 291 10 10 220390
200 290 12 12 286527
199 289 14 14 350775
198 288 16 16 433102
197 287 18 18 523500
204 294 4 4 80710
203 293 6 6 115579
202 292 8 8 152082
201 291 10 10 200474
200 290 12 12 265315
199 289 14 14 340794
198 288 16 16 422304
197 287 18 18 518172
204 294 4 4 79041
203 293 6 6 121137
202 292 8 8 166568
201 291 10 10 223993
200 290 12 12 286069
199 289 14 14 361100
198 288 16 16 445116
197 287 18 18 547578
204 294 4 4 79740
203 293 6 6 124813
202 292 8 8 169309
201 291 10 10 217147
200 290 12 12 278137
199 289 14 14 346863
198 288 16 16 429029
197 287 18 18 516509
204 294 4 4 77298
203 293 6 6 122600
202 292 8 8 166262
201 291 10 10 216289
200 290 12 12 280880
199 289 14 14 353236
198 288 16 16 434500
197 287 18 18 523800
204 294 4 4 90172
203 293 6 6 138042
202 292 8 8 186059
201 291 10 10 237038
200 290 12 12 300721
199 289 14 14 369766
198 288 16 16 448405
197 287 18 18 541491
204 294 4 4 82434
203 293 6 6 127181
202 292 8 8 171756
201 291 10 10 229711
200 290 12 12 289666
199 289 14 14 355720
198 288 16 16 446934
197 287 18 18 545399
204 294 4 4 78298
203 293 6 6 127250
202 292 8 8 172182
201 291 10 10 220231
200 290 12 12 281765
199 289 14 14 345639
198 288 16 16 432109
197 287 18 18 522218
204 294 4 4 86414
203 293 6 6 130288
202 292 8 8 177869
201 291 10 10 230392
200 290 12 12 291267
199 289 14 14 367732
198 288 16 16 442085
197 287 18 18 538240
204 294 4 4 80867
203 293 6 6 125039
202 292 8 8 175475
201 291 10 10 225620
200 290 12 12 286814
199 289 14 14 352075
198 288 16 16 431877
197 287 18 18 527468
204 294 4 4 86807
203 293 6 6 128394
202 292 8 8 171210
201 291 10 10 228708
200 290 12 12 290122
199 289 14 14 368010
198 288 16 16 441869
197 287 18 18 544373
204 294 4 4 75593
203 293 6 6 125524
202 292 8 8 164359
201 291 10 10 220258
200 290 12 12 284349
199 289 14 14 354328
198 288 16 16 439471
197 287 18 18 537386
204 294 4 4 83760
203 293 6 6 125525
202 292 8 8 173763
201 291 10 10 228490
200 290 12 12 289802
199 289 14 14 365159
198 288 16 16 445982
197 287 18 18 531366
204 294 4 4 79376
203 293 6 6 119023
202 292 8 8 162993
201 291 10 10 216601
200 290 12 12 279415
199 289 14 14 349380
198 288 16 16 439025
197 287 18 18 536587
204 294 4 4 77643
203 293 6 6 120257
202 292 8 8 162965
201 291 10 10 209837
200 290 12 12 271455
199 289 14 14 341800
198 288 16 16 421641
197 287 18 18 522547
204 294 4 4 75776
203 293 6 6 117381
202 292 8 8 161494
201 291 10 10 212354
200 290 12 12 280486
199 289 14 14 358746
198 288 16 16 438731
197 287 18 18 538467
204 294 4 4 80245
203 293 6 6 119276
202 292 8 8 162998
201 291 10 10 214090
200 290 12 12 276107
199 289 14 14 349800
198 288 16 16 435237
197 287 18 18 525062
204 294 4 4 84305
203 293 6 6 124535
202 292 8 8 172713
201 291 10 10 223836
200 290 12 12 287550
199 289 14 14 356457
198 288 16 16 435486
197 287 18 18 540235
204 294 4 4 78929
203 293 6 6 121087
202 292 8 8 165730
201 291 10 10 215694
200 290 12 12 275754
199 289 14 14 344843
198 288 16 16 422606
197 287 18 18 523676
204 294 4 4 84907
203 293 6 6 129034
202 292 8 8 170956
201 291 10 10 224625
200 290 12 12 289653
199 289 14 14 356398
198 288 16 16 437832
197 287 18 18 533455
204 294 4 4 86254
203 293 6 6 123547
202 292 8 8 166355
201 291 10 10 218162
200 290 12 12 285030
199 289 14 14 351885
198 288 16 16 441087
197 287 18 18 529955
204 294 4 4 74574
203 293 6 6 119866
202 292 8 8 167576
201 291 10 10 221627
200 290 12 12 286500
199 289 14 14 358026
198 288 16 16 445438
197 287 18 18 535381
204 294 4 4 74680
203 293 6 6 117044
202 292 8 8 161273
201 291 10 10 217643
200 290 12 12 270285
199 289 14 14 344132
198 288 16 16 431697
197 287 18 18 524193
204 294 4 4 76292
203 293 6 6 125274
202 292 8 8 171441
201 291 10 10 222608
200 290 12 12 284794
199 289 14 14 352835
198 288 16 16 435627
197 287 18 18 532596
204 294 4 4 82441
203 293 6 6 123802
202 292 8 8 170174
201 291 10 10 226092
200 290 12 12 287236
199 289 14 14 356998
198 288 16 16 446315
197 287 18 18 538034
204 294 4 4 83998
203 293 6 6 127380
202 292 8 8 166447
201 291 10 10 221260
200 290 12 12 284866
199 289 14 14 361915
198 288 16 16 449237
197 287 18 18 547318
204 294 4 4 81446
203 293 6 6 119820
202 292 8 8 162923
201 291 10 10 215683
200 290 12 12 270937
199 289 14 14 349862
198 288 16 16 428754
197 287 18 18 529707
204 294 4 4 91170
203 293 6 6 134437
202 292 8 8 177966
201 291 10 10 228557
200 290 12 12 283927
199 289 14 14 347905
198 288 16 16 429196
197 287 18 18 528205
204 294 4 4 85266
203 293 6 6 122166
202 292 8 8 162408
201 291 10 10 215916
200 290 12 12 278942
199 289 14 14 349195
198 288 16 16 434357
197 287 18 18 522602
204 294 4 4 73820
203 293 6 6 120664
202 292 8 8 167001
201 291 10 10 222295
200 290 12 12 296926
199 289 14 14 376674
198 288 16 16 470427
197 287 18 18 578600
204 294 4 4 85609
203 293 6 6 132123
202 292 8 8 174727
201 291 10 10 229752
200 290 12 12 290015
199 289 14 14 369813
198 288 16 16 463500
197 287 18 18 563123
204 294 4 4 80115
203 293 6 6 125217
202 292 8 8 172073
201 291 10 10 231412
200 290 12 12 289827
199 289 14 14 365276
198 288 16 16 455878
197 287 18 18 567158
204 294 4 4 72290
203 293 6 6 114125
202 292 8 8 160479
201 291 10 10 213841
200 290 12 12 283441
199 289 14 14 360848
198 288 16 16 450293
197 287 18 18 549754
204 294 4 4 83877
203 293 6 6 124570
202 292 8 8 170069
201 291 10 10 225903
200 290 12 12 285114
199 289 14 14 360980
198 288 16 16 444863
197 287 18 18 540877
204 294 4 4 77893
203 293 6 6 117661
202 292 8 8 161543
201 291 10 10 210806
200 290 12 12 273284
199 289 14 14 348863
198 288 16 16 430462
197 287 18 18 529408
204 294 4 4 83809
203 293 6 6 126174
202 292 8 8 172392
201 291 10 10 221183
200 290 12 12 279467
199 289 14 14 361325
198 288 16 16 447265
197 287 18 18 546191
204 294 4 4 87899
203 293 6 6 132950
202 292 8 8 184372
201 291 10 10 237153
200 290 12 12 299488
199 289 14 14 384794
198 288 16 16 474531
197 287 18 18 576148
204 294 4 4 80553
203 293 6 6 124700
202 292 8 8 171277
201 291 10 10 231120
200 290 12 12 293777
199 289 14 14 372501
198 288 16 16 474406
197 287 18 18 589459
204 294 4 4 81145
203 293 6 6 124182
202 292 8 8 167934
201 291 10 10 226249
200 290 12 12 291005
199 289 14 14 362233
198 288 16 16 449237
197 287 18 18 549758
204 294 4 4 76775
203 293 6 6 123132
202 292 8 8 172264
201 291 10 10 226523
200 290 12 12 300249
199 289 14 14 379106
198 288 16 16 460670
197 287 18 18 552103
204 294 4 4 87524
203 293 6 6 136564
202 292 8 8 181082
201 291 10 10 231668
200 290 12 12 297090
199 289 14 14 379849
198 288 16 16 462953
197 287 18 18 569540
204 294 4 4 81915
203 293 6 6 124559
202 292 8 8 173086
201 291 10 10 232708
200 290 12 12 306867
199 289 14 14 384113
198 288 16 16 470735
197 287 18 18 575852
204 294 4 4 79991
203 293 6 6 119633
202 292 8 8 161083
201 291 10 10 214379
200 290 12 12 279219
199 289 14 14 357518
198 288 16 16 447420
197 287 18 18 555354
204 294 4 4 80182
203 293 6 6 119986
202 292 8 8 165501
201 291 10 10 220273
200 290 12 12 283501
199 289 14 14 368941
198 288 16 16 453717
197 287 18 18 562758
204 294 4 4 85279
203 293 6 6 124517
202 292 8 8 173548
201 291 10 10 233049
200 290 12 12 301268
199 289 14 14 384575
198 288 16 16 480020
197 287 18 18 587659
204 294 4 4 74510
203 293 6 6 117023
202 292 8 8 163826
201 291 10 10 221101
200 290 12 12 295940
199 289 14 14 383126
198 288 16 16 474003
197 287 18 18 582462
204 294 4 4 83887
203 293 6 6 130980
202 292 8 8 176250
201 291 10 10 232280
200 290 12 12 291887
199 289 14 14 371006
198 288 16 16 461475
197 287 18 18 567631
204 294 4 4 76116
203 293 6 6 119000
202 292 8 8 165448
201 291 10 10 223931
200 290 12 12 289177
199 289 14 14 365508
198 288 16 16 452015
197 287 18 18 565694
204 294 4 4 81707
203 293 6 6 123263
202 292 8 8 171034
201 291 10 10 227478
200 290 12 12 285642
199 289 14 14 363244
198 288 16 16 443401
197 287 18 18 538355
204 294 4 4 76803
203 293 6 6 117870
202 292 8 8 167673
201 291 10 10 221842
200 290 12 12 282840
199 289 14 14 352451
198 288 16 16 435175
197 287 18 18 532160
204 294 4 4 75862
203 293 6 6 122595
202 292 8 8 164717
201 291 10 10 221565
200 290 12 12 279277
199 289 14 14 356955
198 288 16 16 438677
197 287 18 18 531065
204 294 4 4 78698
203 293 6 6 117914
202 292 8 8 161819
201 291 10 10 209166
200 290 12 12 266839
199 289 14 14 340896
198 288 16 16 413935
197 287 18 18 509754
204 294 4 4 75596
203 293 6 6 115843
202 292 8 8 164708
201 291 10 10 214674
200 290 12 12 269164
199 289 14 14 342616
198 288 16 16 433435
197 287 18 18 528766
204 294 4 4 73439
203 293 6 6 113793
202 292 8 8 163043
201 291 10 10 215156
200 290 12 12 274216
199 289 14 14 350318
198 288 16 16 435407
197 287 18 18 524656
204 294 4 4 77135
203 293 6 6 120039
202 292 8 8 164820
201 291 10 10 221489
200 290 12 12 283218
199 289 14 14 350773
198 288 16 16 434050
197 287 18 18 521739
204 294 4 4 83005
203 293 6 6 129518
202 292 8 8 173044
201 291 10 10 229127
200 290 12 12 292204
199 289 14 14 364187
198 288 16 16 449141
197 287 18 18 543847
204 294 4 4 80037
203 293 6 6 122395
202 292 8 8 163650
201 291 10 10 215296
200 290 12 12 274113
199 289 14 14 351198
198 288 16 16 437175
197 287 18 18 532886
204 294 4 4 80131
203 293 6 6 119415
202 292 8 8 161970
201 291 10 10 209579
200 290 12 12 266138
199 289 14 14 338518
198 288 16 16 426915
197 287 18 18 513481
204 294 4 4 80286
203 293 6 6 127493
202 292 8 8 169774
201 291 10 10 222579
200 290 12 12 293655
199 289 14 14 366342
198 288 16 16 447309
197 287 18 18 540229
204 294 4 4 81364
203 293 6 6 121142
202 292 8 8 169238
201 291 10 10 220403
200 290 12 12 283282
199 289 14 14 356755
198 288 16 16 440711
197 287 18 18 536278
204 294 4 4 84681
203 293 6 6 125053
202 292 8 8 172586
201 291 10 10 230399
200 290 12 12 298614
199 289 14 14 366384
198 288 16 16 446869
197 287 18 18 539194
204 294 4 4 79139
203 293 6 6 127557
202 292 8 8 170998
201 291 10 10 225729
200 290 12 12 282842
199 289 14 14 359965
198 288 16 16 440131
197 287 18 18 538579
204 294 4 4 71955
203 293 6 6 110121
202 292 8 8 157188
201 291 10 10 207724
200 290 12 12 265415
199 289 14 14 333017
198 288 16 16 411200
197 287 18 18 504843
204 294 4 4 77297
203 293 6 6 116465
202 292 8 8 167007
201 291 10 10 220930
200 290 12 12 286598
199 289 14 14 358993
198 288 16 16 441470
197 287 18 18 539939
204 294 4 4 80315
203 293 6 6 120040
202 292 8 8 164346
201 291 10 10 219897
200 290 12 12 280517
199 289 14 14 349977
198 288 16 16 440597
197 287 18 18 530661
204 294 4 4 75225
203 293 6 6 119562
202 292 8 8 162098
201 291 10 10 217444
200 290 12 12 279629
199 289 14 14 354465
198 288 16 16 431816
197 287 18 18 521897
204 294 4 4 86638
203 293 6 6 125562
202 292 8 8 169599
201 291 10 10 224098
200 290 12 12 282224
199 289 14 14 346639
198 288 16 16 431720
197 287 18 18 534419
204 294 4 4 84640
203 293 6 6 125026
202 292 8 8 174648
201 291 10 10 229509
200 290 12 12 291186
199 289 14 14 369246
198 288 16 16 454877
197 287 18 18 557634
204 294 4 4 77445
203 293 6 6 115954
202 292 8 8 154788
201 291 10 10 205144
200 290 12 12 267663
199 289 14 14 340131
198 288 16 16 426757
197 287 18 18 524365
204 294 4 4 79536
203 293 6 6 119912
202 292 8 8 166536
201 291 10 10 221705
200 290 12 12 288275
199 289 14 14 359192
198 288 16 16 441892
197 287 18 18 541162
204 294 4 4 78633
203 293 6 6 122086
202 292 8 8 166234
201 291 10 10 219087
200 290 12 12 280728
199 289 14 14 353837
198 288 16 16 427673
197 287 18 18 523835
204 294 4 4 76472
203 293 6 6 119454
202 292 8 8 161617
201 291 10 10 216396
200 290 12 12 281123
199 289 14 14 353352
198 288 16 16 441263
197 287 18 18 541631
204 294 4 4 78859
203 293 6 6 126355
202 292 8 8 171862
201 291 10 10 224046
200 290 12 12 286023
199 289 14 14 361347
198 288 16 16 447036
197 287 18 18 546231
204 294 4 4 81233
203 293 6 6 117338
202 292 8 8 161366
201 291 10 10 214703
200 290 12 12 269466
199 289 14 14 343624
198 288 16 16 424185
197 287 18 18 528577
204 294 4 4 84814
203 293 6 6 127461
202 292 8 8 169627
201 291 10 10 221822
200 290 12 12 289772
199 289 14 14 365366
198 288 16 16 444017
197 287 18 18 543172
204 294 4 4 87632
203 293 6 6 125454
202 292 8 8 172531
201 291 10 10 223559
200 290 12 12 281078
199 289 14 14 346911
198 288 16 16 433290
197 287 18 18 537682
204 294 4 4 81122
203 293 6 6 122227
202 292 8 8 166335
201 291 10 10 221933
200 290 12 12 283509
199 289 14 14 358076
198 288 16 16 444168
197 287 18 18 538827
204 294 4 4 85064
203 293 6 6 127536
202 292 8 8 174034
201 291 10 10 220599
200 290 12 12 276572
199 289 14 14 350137
198 288 16 16 435618
197 287 18 18 531641
204 294 4 4 95247
203 293 6 6 139886
202 292 8 8 182756
201 291 10 10 232565
200 290 12 12 291038
199 289 14 14 366840
198 288 16 16 446010
197 287 18 18 540082
204 294 4 4 73197
203 293 6 6 111650
202 292 8 8 158370
201 291 10 10 210333
200 290 12 12 269142
199 289 14 14 343166
198 288 16 16 436572
197 287 18 18 526629
204 294 4 4 83411
203 293 6 6 124039
202 292 8 8 169239
201 291 10 10 217901
200 290 12 12 278497
199 289 14 14 344066
198 288 16 16 424096
197 287 18 18 530981
204 294 4 4 80473
203 293 6 6 122838
202 292 8 8 168199
201 291 10 10 225423
200 290 12 12 290327
199 289 14 14 361985
198 288 16 16 447346
197 287 18 18 544699
204 294 4 4 86357
203 293 6 6 122489
202 292 8 8 166394
201 291 10 10 221002
200 290 12 12 281878
199 289 14 14 351349
198 288 16 16 437292
197 287 18 18 529387
204 294 4 4 71628
203 293 6 6 109871
202 292 8 8 158102
201 291 10 10 213907
200 290 12 12 277034
199 289 14 14 351708
198 288 16 16 434567
197 287 18 18 528024
204 294 4 4 82939
203 293 6 6 120017
202 292 8 8 159187
201 291 10 10 202776
200 290 12 12 271525
199 289 14 14 348222
198 288 16 16 434123
197 287 18 18 534205
204 294 4 4 84596
203 293 6 6 124939
202 292 8 8 169165
201 291 10 10 221157
200 290 12 12 283558
199 289 14 14 350903
198 288 16 16 433978
197 287 18 18 534319
204 294 4 4 74902
203 293 6 6 113537
202 292 8 8 157002
201 291 10 10 208362
200 290 12 12 267041
199 289 14 14 336455
198 288 16 16 421040
197 287 18 18 512498
204 294 4 4 80543
203 293 6 6 123208
202 292 8 8 166797
201 291 10 10 225029
200 290 12 12 280018
199 289 14 14 352053
198 288 16 16 431609
197 287 18 18 520665
204 294 4 4 78661
203 293 6 6 120686
202 292 8 8 168354
201 291 10 10 225915
200 290 12 12 286820
199 289 14 14 357883
198 288 16 16 442421
197 287 18 18 536510
204 294 4 4 79481
203 293 6 6 124652
202 292 8 8 171840
201 291 10 10 222754
200 290 12 12 290497
199 289 14 14 363300
198 288 16 16 445351
197 287 18 18 534269
204 294 4 4 78639
203 293 6 6 117229
202 292 8 8 159064
201 291 10 10 211818
200 290 12 12 271545
199 289 14 14 344511
198 288 16 16 420123
197 287 18 18 521935
204 294 4 4 79167
203 293 6 6 120917
202 292 8 8 168219
201 291 10 10 219187
200 290 12 12 278906
199 289 14 14 346295
198 288 16 16 431494
197 287 18 18 517754
204 294 4 4 79216
203 293 6 6 121522
202 292 8 8 163103
201 291 10 10 218540
200 290 12 12 278249
199 289 14 14 350168
198 288 16 16 428117
197 287 18 18 525959
204 294 4 4 80271
203 293 6 6 125333
202 292 8 8 170287
201 291 10 10 223584
200 290 12 12 282602
199 289 14 14 356354
198 288 16 16 440014
197 287 18 18 531688
204 294 4 4 90045
203 293 6 6 127646
202 292 8 8 171244
201 291 10 10 220654
200 290 12 12 281314
199 289 14 14 356743
198 288 16 16 439927
197 287 18 18 529459
204 294 4 4 74481
203 293 6 6 114532
202 292 8 8 160292
201 291 10 10 216499
200 290 12 12 286625
199 289 14 14 346271
198 288 16 16 422605
197 287 18 18 519486
204 294 4 4 72915
203 293 6 6 112794
202 292 8 8 157929
201 291 10 10 219285
200 290 12 12 276919
199 289 14 14 343757
198 288 16 16 419900
197 287 18 18 523872
204 294 4 4 78742
203 293 6 6 115341
202 292 8 8 157424
201 291 10 10 201797
200 290 12 12 266539
199 289 14 14 339817
198 288 16 16 422039
197 287 18 18 511847
204 294 4 4 80576
203 293 6 6 122112
202 292 8 8 170102
201 291 10 10 222038
200 290 12 12 283487
199 289 14 14 349682
198 288 16 16 429410
197 287 18 18 529796
204 294 4 4 77837
203 293 6 6 116632
202 292 8 8 157099
201 291 10 10 208095
200 290 12 12 269627
199 289 14 14 335835
198 288 16 16 412659
197 287 18 18 507123
204 294 4 4 75816
203 293 6 6 111127
202 292 8 8 150512
201 291 10 10 195993
200 290 12 12 253012
199 289 14 14 330494
198 288 16 16 412954
197 287 18 18 512102
204 294 4 4 71482
203 293 6 6 115121
202 292 8 8 152718
201 291 10 10 207182
200 290 12 12 269121
199 289 14 14 347252
198 288 16 16 434603
197 287 18 18 526825
204 294 4 4 81133
203 293 6 6 119449
202 292 8 8 166825
201 291 10 10 217550
200 290 12 12 282631
199 289 14 14 348263
198 288 16 16 428481
197 287 18 18 516915
204 294 4 4 84127
203 293 6 6 127176
202 292 8 8 176470
201 291 10 10 231267
200 290 12 12 297395
199 289 14 14 361490
198 288 16 16 443399
197 287 18 18 533927
204 294 4 4 78088
203 293 6 6 117178
202 292 8 8 160142
201 291 10 10 213017
200 290 12 12 279349
199 289 14 14 346147
198 288 16 16 432733
197 287 18 18 528927
204 294 4 4 83320
203 293 6 6 123392
202 292 8 8 166630
201 291 10 10 214986
200 290 12 12 276796
199 289 14 14 356787
198 288 16 16 435314
197 287 18 18 525308
204 294 4 4 73852
203 293 6 6 113158
202 292 8 8 162794
201 291 10 10 212921
200 290 12 12 275508
199 289 14 14 347917
198 288 16 16 434997
197 287 18 18 527651
204 294 4 4 75267
203 293 6 6 114420
202 292 8 8 160651
201 291 10 10 210317
200 290 12 12 283162
199 289 14 14 348108
198 288 16 16 433378
197 287 18 18 519409
204 294 4 4 73869
203 293 6 6 115562
202 292 8 8 161098
201 291 10 10 212358
200 290 12 12 268754
199 289 14 14 335068
198 288 16 16 412417
197 287 18 18 513824
204 294 4 4 74608
203 293 6 6 119217
202 292 8 8 163496
201 291 10 10 218126
200 290 12 12 279341
199 289 14 14 348429
198 288 16 16 427562
197 287 18 18 522818
204 294 4 4 78322
203 293 6 6 119268
202 292 8 8 157732
201 291 10 10 207998
200 290 12 12 270273
199 289 14 14 343615
198 288 16 16 420151
197 287 18 18 522762
204 294 4 4 85859
203 293 6 6 123346
202 292 8 8 168067
201 291 10 10 226711
200 290 12 12 292895
199 289 14 14 366246
198 288 16 16 456311
197 287 18 18 552071
204 294 4 4 70217
203 293 6 6 117006
202 292 8 8 163496
201 291 10 10 213334
200 290 12 12 275629
199 289 14 14 342063
198 288 16 16 428063
197 287 18 18 519801
204 294 4 4 74936
203 293 6 6 113412
202 292 8 8 162042
201 291 10 10 215649
200 290 12 12 275176
199 289 14 14 348584
198 288 16 16 431400
197 287 18 18 523126
204 294 4 4 89565
203 293 6 6 129469
202 292 8 8 176731
201 291 10 10 230290
200 290 12 12 294674
199 289 14 14 364909
198 288 16 16 448319
197 287 18 18 543768
204 294 4 4 76433
203 293 6 6 120957
202 292 8 8 159466
201 291 10 10 221946
200 290 12 12 275890
199 289 14 14 349905
198 288 16 16 432521
197 287 18 18 523144
204 294 4 4 79285
203 293 6 6 118284
202 292 8 8 168196
201 291 10 10 214543
200 290 12 12 275197
199 289 14 14 351849
198 288 16 16 434244
197 287 18 18 519112
204 294 4 4 72913
203 293 6 6 114331
202 292 8 8 157923
201 291 10 10 211249
200 290 12 12 275952
199 289 14 14 346627
198 288 16 16 429277
197 287 18 18 527224
204 294 4 4 76400
203 293 6 6 116264
202 292 8 8 165892
201 291 10 10 215398
200 290 12 12 283646
199 289 14 14 354761
198 288 16 16 427733
197 287 18 18 530613
204 294 4 4 84856
203 293 6 6 127329
202 292 8 8 178197
201 291 10 10 230701
200 290 12 12 298535
199 289 14 14 367903
198 288 16 16 448489
197 287 18 18 540074
204 294 4 4 82546
203 293 6 6 121298
202 292 8 8 164636
201 291 10 10 219255
200 290 12 12 279035
199 289 14 14 350029
198 288 16 16 432306
197 287 18 18 524176
204 294 4 4 71984
203 293 6 6 114469
202 292 8 8 159906
201 291 10 10 222586
200 290 12 12 283939
199 289 14 14 357407
198 288 16 16 430572
197 287 18 18 528448
204 294 4 4 75994
203 293 6 6 117945
202 292 8 8 164119
201 291 10 10 216327
200 290 12 12 277400
199 289 14 14 343129
198 288 16 16 422523
197 287 18 18 521577
204 294 4 4 80636
203 293 6 6 117844
202 292 8 8 163242
201 291 10 10 215826
200 290 12 12 282570
199 289 14 14 354847
198 288 16 16 434829
197 287 18 18 525201
204 294 4 4 79459
203 293 6 6 121666
202 292 8 8 169026
201 291 10 10 229285
200 290 12 12 292149
199 289 14 14 361878
198 288 16 16 440770
197 287 18 18 533372
204 294 4 4 71448
203 293 6 6 112221
202 292 8 8 160668
201 291 10 10 210762
200 290 12 12 270378
199 289 14 14 336969
198 288 16 16 420809
197 287 18 18 516559
204 294 4 4 67220
203 293 6 6 106650
202 292 8 8 151239
201 291 10 10 208578
200 290 12 12 272181
199 289 14 14 347075
198 288 16 16 434655
197 287 18 18 526069
204 294 4 4 80317
203 293 6 6 119214
202 292 8 8 163954
201 291 10 10 216891
200 290 12 12 276506
199 289 14 14 348916
198 288 16 16 437297
197 287 18 18 534899
204 294 4 4 73054
203 293 6 6 111727
202 292 8 8 157302
201 291 10 10 209835
200 290 12 12 270244
199 289 14 14 344322
198 288 16 16 424164
197 287 18 18 520776
204 294 4 4 87216
203 293 6 6 129216
202 292 8 8 175354
201 291 10 10 221247
200 290 12 12 286105
199 289 14 14 355742
198 288 16 16 425178
197 287 18 18 521093
204 294 4 4 88159
203 293 6 6 126887
202 292 8 8 165719
201 291 10 10 215733
200 290 12 12 277751
199 289 14 14 344390
198 288 16 16 425009
197 287 18 18 517871
204 294 4 4 81183
203 293 6 6 115947
202 292 8 8 154609
201 291 10 10 206327
200 290 12 12 268548
199 289 14 14 337665
198 288 16 16 418865
197 287 18 18 508249
204 294 4 4 92370
203 293 6 6 136466
202 292 8 8 185993
201 291 10 10 240037
200 290 12 12 309836
199 289 14 14 375072
198 288 16 16 463492
197 287 18 18 555959
204 294 4 4 85677
203 293 6 6 130122
202 292 8 8 176332
201 291 10 10 224681
200 290 12 12 284151
199 289 14 14 348376
198 288 16 16 438913
197 287 18 18 530077
