476 303 4 4 1619
475 302 6 6 4077
474 301 8 8 7056
473 300 10 10 12050
472 299 12 12 18902
471 298 14 14 25771
470 297 16 16 32675
469 296 18 18 42287
476 303 4 4 1588
475 302 6 6 4164
474 301 8 8 8111
473 300 10 10 13689
472 299 12 12 19690
471 298 14 14 25918
470 297 16 16 33538
469 296 18 18 41120
476 303 4 4 1936
475 302 6 6 4062
474 301 8 8 7067
473 300 10 10 11443
472 299 12 12 16576
471 298 14 14 23745
470 297 16 16 31325
469 296 18 18 39256
476 303 4 4 2578
475 302 6 6 5036
474 301 8 8 8673
473 300 10 10 12904
472 299 12 12 17822
471 298 14 14 24740
470 297 16 16 31547
469 296 18 18 41170
476 303 4 4 1973
475 302 6 6 4190
474 301 8 8 7495
473 300 10 10 12743
472 299 12 12 18170
471 298 14 14 24664
470 297 16 16 31390
469 296 18 18 39568
476 303 4 4 1942
475 302 6 6 4690
474 301 8 8 7798
473 300 10 10 11868
472 299 12 12 16988
471 298 14 14 22961
470 297 16 16 30860
469 296 18 18 39424
476 303 4 4 1750
475 302 6 6 3850
474 301 8 8 6945
473 300 10 10 11371
472 299 12 12 16918
471 298 14 14 22789
470 297 16 16 31087
469 296 18 18 39462
476 303 4 4 1758
475 302 6 6 4264
474 301 8 8 7867
473 300 10 10 12655
472 299 12 12 18862
471 298 14 14 26628
470 297 16 16 34050
469 296 18 18 42014
476 303 4 4 2294
475 302 6 6 5054
474 301 8 8 8332
473 300 10 10 13457
472 299 12 12 19228
471 298 14 14 25374
470 297 16 16 33339
469 296 18 18 41934
476 303 4 4 1858
475 302 6 6 4191
474 301 8 8 7306
473 300 10 10 11173
472 299 12 12 16306
471 298 14 14 23450
470 297 16 16 29628
469 296 18 18 37443
476 303 4 4 2139
475 302 6 6 4407
474 301 8 8 7695
473 300 10 10 12626
472 299 12 12 17867
471 298 14 14 24821
470 297 16 16 32284
469 296 18 18 40234
476 303 4 4 2008
475 302 6 6 4207
474 301 8 8 7526
473 300 10 10 11583
472 299 12 12 16690
471 298 14 14 22771
470 297 16 16 30364
469 296 18 18 38919
476 303 4 4 1593
475 302 6 6 3563
474 301 8 8 6844
473 300 10 10 10933
472 299 12 12 16068
471 298 14 14 22285
470 297 16 16 28683
469 296 18 18 36515
476 303 4 4 1722
475 302 6 6 3922
474 301 8 8 7582
473 300 10 10 11520
472 299 12 12 16631
471 298 14 14 22697
470 297 16 16 29109
469 296 18 18 35724
476 303 4 4 1857
475 302 6 6 4734
474 301 8 8 7583
473 300 10 10 11563
472 299 12 12 16136
471 298 14 14 21504
470 297 16 16 27637
469 296 18 18 34769
476 303 4 4 1926
475 302 6 6 4631
474 301 8 8 8440
473 300 10 10 13538
472 299 12 12 18541
471 298 14 14 25451
470 297 16 16 33697
469 296 18 18 42242
476 303 4 4 1620
475 302 6 6 3748
474 301 8 8 8253
473 300 10 10 13123
472 299 12 12 18145
471 298 14 14 23744
470 297 16 16 31109
469 296 18 18 39806
476 303 4 4 2298
475 302 6 6 4682
474 301 8 8 7670
473 300 10 10 11358
472 299 12 12 16415
471 298 14 14 23187
470 297 16 16 30980
469 296 18 18 40226
476 303 4 4 1675
475 302 6 6 4884
474 301 8 8 7904
473 300 10 10 12289
472 299 12 12 17175
471 298 14 14 23459
470 297 16 16 30315
469 296 18 18 39794
476 303 4 4 2280
475 302 6 6 5152
474 301 8 8 8379
473 300 10 10 12488
472 299 12 12 17670
471 298 14 14 23731
470 297 16 16 32994
469 296 18 18 41399
476 303 4 4 1607
475 302 6 6 4083
474 301 8 8 6860
473 300 10 10 10783
472 299 12 12 16341
471 298 14 14 22456
470 297 16 16 29155
469 296 18 18 37800
476 303 4 4 2505
475 302 6 6 4801
474 301 8 8 7634
473 300 10 10 12795
472 299 12 12 18670
471 298 14 14 24959
470 297 16 16 31738
469 296 18 18 40106
476 303 4 4 1677
475 302 6 6 3934
474 301 8 8 6857
473 300 10 10 11599
472 299 12 12 17588
471 298 14 14 24544
470 297 16 16 32933
469 296 18 18 40428
476 303 4 4 2720
475 302 6 6 6033
474 301 8 8 10038
473 300 10 10 15353
472 299 12 12 22521
471 298 14 14 29784
470 297 16 16 38998
469 296 18 18 49542
476 303 4 4 2436
475 302 6 6 5455
474 301 8 8 11678
473 300 10 10 19285
472 299 12 12 25292
471 298 14 14 33475
470 297 16 16 42884
469 296 18 18 53291
476 303 4 4 132166
475 302 6 6 274437
474 301 8 8 487028
473 300 10 10 727305
472 299 12 12 1022035
471 298 14 14 1357581
470 297 16 16 1748302
469 296 18 18 2223990
476 303 4 4 158117
475 302 6 6 310473
474 301 8 8 492401
473 300 10 10 736607
472 299 12 12 1015711
471 298 14 14 1366690
470 297 16 16 1758970
469 296 18 18 2201241
476 303 4 4 157982
475 302 6 6 312789
474 301 8 8 500514
473 300 10 10 752861
472 299 12 12 1049056
471 298 14 14 1389827
470 297 16 16 1775873
469 296 18 18 2195556
476 303 4 4 155447
475 302 6 6 311532
474 301 8 8 487372
473 300 10 10 722844
472 299 12 12 1010394
471 298 14 14 1342913
470 297 16 16 1726415
469 296 18 18 2146024
476 303 4 4 162281
475 302 6 6 308598
474 301 8 8 514042
473 300 10 10 751308
472 299 12 12 1045611
471 298 14 14 1393856
470 297 16 16 1782092
469 296 18 18 2232340
476 303 4 4 149720
475 302 6 6 300521
474 301 8 8 485565
473 300 10 10 711141
472 299 12 12 995862
471 298 14 14 1343925
470 297 16 16 1725229
469 296 18 18 2168737
476 303 4 4 160794
475 302 6 6 318986
474 301 8 8 504382
473 300 10 10 736917
472 299 12 12 1017169
471 298 14 14 1337880
470 297 16 16 1740012
469 296 18 18 2170469
476 303 4 4 150653
475 302 6 6 299560
474 301 8 8 487317
473 300 10 10 724444
472 299 12 12 1006859
471 298 14 14 1337480
470 297 16 16 1731890
469 296 18 18 2178716
476 303 4 4 145913
475 302 6 6 298842
474 301 8 8 491562
473 300 10 10 733467
472 299 12 12 1001638
471 298 14 14 1332252
470 297 16 16 1720486
469 296 18 18 2162288
476 303 4 4 156926
475 302 6 6 302763
474 301 8 8 481860
473 300 10 10 719569
472 299 12 12 998294
471 298 14 14 1340324
470 297 16 16 1736470
469 296 18 18 2182053
476 303 4 4 151472
475 302 6 6 295782
474 301 8 8 485765
473 300 10 10 712894
472 299 12 12 985904
471 298 14 14 1297817
470 297 16 16 1671403
469 296 18 18 2099840
476 303 4 4 172599
475 302 6 6 326916
474 301 8 8 519798
473 300 10 10 751109
472 299 12 12 1018730
471 298 14 14 1354901
470 297 16 16 1718608
469 296 18 18 2154166
476 303 4 4 161517
475 302 6 6 303727
474 301 8 8 494518
473 300 10 10 722632
472 299 12 12 994737
471 298 14 14 1332396
470 297 16 16 1712098
469 296 18 18 2130038
476 303 4 4 137673
475 302 6 6 285816
474 301 8 8 466938
473 300 10 10 702598
472 299 12 12 982349
471 298 14 14 1309110
470 297 16 16 1704705
469 296 18 18 2134956
476 303 4 4 155772
475 302 6 6 298846
474 301 8 8 493790
473 300 10 10 732673
472 299 12 12 1045129
471 298 14 14 1377059
470 297 16 16 1769426
469 296 18 18 2224372
476 303 4 4 163758
475 302 6 6 311896
474 301 8 8 503920
473 300 10 10 746307
472 299 12 12 1033280
471 298 14 14 1370439
470 297 16 16 1781961
469 296 18 18 2223562
476 303 4 4 160091
475 302 6 6 308356
474 301 8 8 502383
473 300 10 10 751214
472 299 12 12 1037890
471 298 14 14 1371584
470 297 16 16 1756080
469 296 18 18 2208602
476 303 4 4 158936
475 302 6 6 311051
474 301 8 8 496163
473 300 10 10 715449
472 299 12 12 995057
471 298 14 14 1319926
470 297 16 16 1710844
469 296 18 18 2171835
476 303 4 4 163550
475 302 6 6 311927
474 301 8 8 493026
473 300 10 10 723704
472 299 12 12 1004917
471 298 14 14 1325433
470 297 16 16 1711284
469 296 18 18 2159758
476 303 4 4 151223
475 302 6 6 295584
474 301 8 8 485085
473 300 10 10 710449
472 299 12 12 1012825
471 298 14 14 1340580
470 297 16 16 1727870
469 296 18 18 2184660
476 303 4 4 149003
475 302 6 6 308121
474 301 8 8 502784
473 300 10 10 739748
472 299 12 12 1020739
471 298 14 14 1338334
470 297 16 16 1724315
469 296 18 18 2173565
476 303 4 4 170536
475 302 6 6 314963
474 301 8 8 514581
473 300 10 10 738537
472 299 12 12 1012552
471 298 14 14 1352580
470 297 16 16 1743556
469 296 18 18 2181167
476 303 4 4 150721
475 302 6 6 296186
474 301 8 8 468602
473 300 10 10 714648
472 299 12 12 1007607
471 298 14 14 1349895
470 297 16 16 1737245
469 296 18 18 2189671
476 303 4 4 148839
475 302 6 6 306541
474 301 8 8 507856
473 300 10 10 747405
472 299 12 12 1033656
471 298 14 14 1393216
470 297 16 16 1764443
469 296 18 18 2208453
476 303 4 4 155677
475 302 6 6 301218
474 301 8 8 496263
473 300 10 10 730878
472 299 12 12 1026130
471 298 14 14 1374891
470 297 16 16 1764912
469 296 18 18 2202712
476 303 4 4 159959
475 302 6 6 311108
474 301 8 8 499159
473 300 10 10 727990
472 299 12 12 1010285
471 298 14 14 1335474
470 297 16 16 1710267
469 296 18 18 2143764
476 303 4 4 164733
475 302 6 6 331705
474 301 8 8 522224
473 300 10 10 764877
472 299 12 12 1055302
471 298 14 14 1385768
470 297 16 16 1752490
469 296 18 18 2173232
476 303 4 4 151927
475 302 6 6 300283
474 301 8 8 487932
473 300 10 10 726804
472 299 12 12 1004011
471 298 14 14 1359909
470 297 16 16 1739012
469 296 18 18 2187986
476 303 4 4 148623
475 302 6 6 288031
474 301 8 8 473996
473 300 10 10 703116
472 299 12 12 990317
471 298 14 14 1313907
470 297 16 16 1667079
469 296 18 18 2106134
476 303 4 4 146486
475 302 6 6 297871
474 301 8 8 486941
473 300 10 10 724963
472 299 12 12 1006236
471 298 14 14 1347856
470 297 16 16 1736995
469 296 18 18 2180465
476 303 4 4 152249
475 302 6 6 295189
474 301 8 8 482522
473 300 10 10 703843
472 299 12 12 969059
471 298 14 14 1316587
470 297 16 16 1694750
469 296 18 18 2115063
476 303 4 4 150340
475 302 6 6 292873
474 301 8 8 488548
473 300 10 10 732451
472 299 12 12 1009638
471 298 14 14 1338561
470 297 16 16 1703238
469 296 18 18 2132445
476 303 4 4 149415
475 302 6 6 294975
474 301 8 8 491905
473 300 10 10 717959
472 299 12 12 973456
471 298 14 14 1285317
470 297 16 16 1647467
469 296 18 18 2084207
476 303 4 4 150817
475 302 6 6 296340
474 301 8 8 491034
473 300 10 10 705707
472 299 12 12 968115
471 298 14 14 1288764
470 297 16 16 1658273
469 296 18 18 2084483
476 303 4 4 154159
475 302 6 6 299911
474 301 8 8 487195
473 300 10 10 717382
472 299 12 12 1000511
471 298 14 14 1345272
470 297 16 16 1713775
469 296 18 18 2125378
476 303 4 4 156187
475 302 6 6 306729
474 301 8 8 496964
473 300 10 10 729025
472 299 12 12 1013423
471 298 14 14 1333965
470 297 16 16 1703968
469 296 18 18 2138073
476 303 4 4 149663
475 302 6 6 299102
474 301 8 8 490190
473 300 10 10 720653
472 299 12 12 996438
471 298 14 14 1314821
470 297 16 16 1687147
469 296 18 18 2125565
476 303 4 4 151696
475 302 6 6 300372
474 301 8 8 483419
473 300 10 10 718680
472 299 12 12 1000032
471 298 14 14 1327914
470 297 16 16 1707512
469 296 18 18 2122080
476 303 4 4 160849
475 302 6 6 311718
474 301 8 8 496324
473 300 10 10 716571
472 299 12 12 991180
471 298 14 14 1303762
470 297 16 16 1685527
469 296 18 18 2105753
476 303 4 4 154187
475 302 6 6 305685
474 301 8 8 487013
473 300 10 10 708904
472 299 12 12 979677
471 298 14 14 1304828
470 297 16 16 1670456
469 296 18 18 2099587
476 303 4 4 155128
475 302 6 6 308882
474 301 8 8 495900
473 300 10 10 722021
472 299 12 12 999374
471 298 14 14 1320208
470 297 16 16 1669743
469 296 18 18 2097907
476 303 4 4 152494
475 302 6 6 288623
474 301 8 8 464807
473 300 10 10 702722
472 299 12 12 974746
471 298 14 14 1297785
470 297 16 16 1656221
469 296 18 18 2100415
476 303 4 4 152064
475 302 6 6 306710
474 301 8 8 494424
473 300 10 10 723806
472 299 12 12 1001554
471 298 14 14 1336398
470 297 16 16 1714646
469 296 18 18 2148063
476 303 4 4 148136
475 302 6 6 302780
474 301 8 8 487258
473 300 10 10 715318
472 299 12 12 995201
471 298 14 14 1314287
470 297 16 16 1691507
469 296 18 18 2110115
476 303 4 4 161196
475 302 6 6 305759
474 301 8 8 498646
473 300 10 10 723866
472 299 12 12 999474
471 298 14 14 1330913
470 297 16 16 1721047
469 296 18 18 2143172
476 303 4 4 170680
475 302 6 6 321916
474 301 8 8 512982
473 300 10 10 743229
472 299 12 12 1017375
471 298 14 14 1365733
470 297 16 16 1751079
469 296 18 18 2175824
476 303 4 4 141560
475 302 6 6 283533
474 301 8 8 467182
473 300 10 10 699531
472 299 12 12 963775
471 298 14 14 1279429
470 297 16 16 1643700
469 296 18 18 2059728
476 303 4 4 156536
475 302 6 6 306069
474 301 8 8 489284
473 300 10 10 711319
472 299 12 12 991701
471 298 14 14 1317648
470 297 16 16 1688024
469 296 18 18 2085961
476 303 4 4 156346
475 302 6 6 299546
474 301 8 8 478438
473 300 10 10 708610
472 299 12 12 981875
471 298 14 14 1297612
470 297 16 16 1659130
469 296 18 18 2106163
476 303 4 4 158162
475 302 6 6 303501
474 301 8 8 486334
473 300 10 10 715037
472 299 12 12 986313
471 298 14 14 1295086
470 297 16 16 1662022
469 296 18 18 2088656
476 303 4 4 154352
475 302 6 6 306363
474 301 8 8 492528
473 300 10 10 711253
472 299 12 12 990951
471 298 14 14 1327251
470 297 16 16 1706062
469 296 18 18 2122672
476 303 4 4 152415
475 302 6 6 290377
474 301 8 8 469776
473 300 10 10 696663
472 299 12 12 967649
471 298 14 14 1303299
470 297 16 16 1679475
469 296 18 18 2104578
476 303 4 4 173701
475 302 6 6 327925
474 301 8 8 507052
473 300 10 10 728447
472 299 12 12 1004725
471 298 14 14 1303249
470 297 16 16 1679583
469 296 18 18 2098262
476 303 4 4 158642
475 302 6 6 314726
474 301 8 8 503358
473 300 10 10 737163
472 299 12 12 1011142
471 298 14 14 1335688
470 297 16 16 1703244
469 296 18 18 2148271
476 303 4 4 153905
475 302 6 6 297754
474 301 8 8 491609
473 300 10 10 704208
472 299 12 12 985523
471 298 14 14 1300822
470 297 16 16 1669220
469 296 18 18 2083392
476 303 4 4 149542
475 302 6 6 292439
474 301 8 8 467635
473 300 10 10 700869
472 299 12 12 971774
471 298 14 14 1271519
470 297 16 16 1645096
469 296 18 18 2054612
476 303 4 4 148843
475 302 6 6 297859
474 301 8 8 480301
473 300 10 10 695922
472 299 12 12 966864
471 298 14 14 1286406
470 297 16 16 1669463
469 296 18 18 2081815
476 303 4 4 161216
475 302 6 6 301623
474 301 8 8 477007
473 300 10 10 705652
472 299 12 12 972624
471 298 14 14 1292748
470 297 16 16 1675811
469 296 18 18 2097516
476 303 4 4 154735
475 302 6 6 302482
474 301 8 8 492968
473 300 10 10 730486
472 299 12 12 1008710
471 298 14 14 1322176
470 297 16 16 1688566
469 296 18 18 2103230
476 303 4 4 155092
475 302 6 6 291183
474 301 8 8 474631
473 300 10 10 692435
472 299 12 12 951811
471 298 14 14 1265162
470 297 16 16 1626785
469 296 18 18 2030158
476 303 4 4 155296
475 302 6 6 301226
474 301 8 8 480067
473 300 10 10 706661
472 299 12 12 980824
471 298 14 14 1299084
470 297 16 16 1667719
469 296 18 18 2090804
476 303 4 4 147232
475 302 6 6 292653
474 301 8 8 480648
473 300 10 10 714373
472 299 12 12 995774
471 298 14 14 1319985
470 297 16 16 1678501
469 296 18 18 2103263
476 303 4 4 156730
475 302 6 6 301630
474 301 8 8 473950
473 300 10 10 709817
472 299 12 12 981393
471 298 14 14 1304877
470 297 16 16 1662182
469 296 18 18 2087628
476 303 4 4 157356
475 302 6 6 305592
474 301 8 8 489125
473 300 10 10 720819
472 299 12 12 980700
471 298 14 14 1288600
470 297 16 16 1667083
469 296 18 18 2079190
476 303 4 4 154750
475 302 6 6 323349
474 301 8 8 501019
473 300 10 10 735454
472 299 12 12 1005804
471 298 14 14 1325471
470 297 16 16 1694075
469 296 18 18 2098803
476 303 4 4 146185
475 302 6 6 290817
474 301 8 8 484368
473 300 10 10 705742
472 299 12 12 999465
471 298 14 14 1320154
470 297 16 16 1687483
469 296 18 18 2108188
476 303 4 4 139167
475 302 6 6 275444
474 301 8 8 470328
473 300 10 10 696391
472 299 12 12 945643
471 298 14 14 1260041
470 297 16 16 1639803
469 296 18 18 2055810
476 303 4 4 149460
475 302 6 6 291475
474 301 8 8 463488
473 300 10 10 682776
472 299 12 12 961199
471 298 14 14 1270569
470 297 16 16 1637037
469 296 18 18 2061342
476 303 4 4 147308
475 302 6 6 285459
474 301 8 8 472745
473 300 10 10 700669
472 299 12 12 985683
471 298 14 14 1307440
470 297 16 16 1673513
469 296 18 18 2097491
476 303 4 4 138446
475 302 6 6 294452
474 301 8 8 476199
473 300 10 10 698852
472 299 12 12 968208
471 298 14 14 1271974
470 297 16 16 1632441
469 296 18 18 2042379
476 303 4 4 145278
475 302 6 6 298095
474 301 8 8 472458
473 300 10 10 684261
472 299 12 12 958097
471 298 14 14 1271625
470 297 16 16 1628951
469 296 18 18 2029308
476 303 4 4 160803
475 302 6 6 306585
474 301 8 8 482194
473 300 10 10 713441
472 299 12 12 998522
471 298 14 14 1325900
470 297 16 16 1704059
469 296 18 18 2113047
476 303 4 4 144570
475 302 6 6 292141
474 301 8 8 478397
473 300 10 10 702449
472 299 12 12 969484
471 298 14 14 1291535
470 297 16 16 1663165
469 296 18 18 2074933
476 303 4 4 155009
475 302 6 6 309941
474 301 8 8 488778
473 300 10 10 710049
472 299 12 12 989481
471 298 14 14 1300817
470 297 16 16 1659537
469 296 18 18 2088966
476 303 4 4 154312
475 302 6 6 298010
474 301 8 8 482046
473 300 10 10 707415
472 299 12 12 972602
471 298 14 14 1295807
470 297 16 16 1666090
469 296 18 18 2082243
476 303 4 4 144965
475 302 6 6 294957
474 301 8 8 481500
473 300 10 10 697210
472 299 12 12 955573
471 298 14 14 1277684
470 297 16 16 1642931
469 296 18 18 2070372
476 303 4 4 147376
475 302 6 6 297482
474 301 8 8 487573
473 300 10 10 714918
472 299 12 12 986855
471 298 14 14 1324831
470 297 16 16 1697339
469 296 18 18 2125035
476 303 4 4 142734
475 302 6 6 289442
474 301 8 8 473968
473 300 10 10 699638
472 299 12 12 970777
471 298 14 14 1289087
470 297 16 16 1680139
469 296 18 18 2103899
476 303 4 4 160592
475 302 6 6 303146
474 301 8 8 484070
473 300 10 10 704624
472 299 12 12 981025
471 298 14 14 1322275
470 297 16 16 1683325
469 296 18 18 2106459
476 303 4 4 151525
475 302 6 6 299939
474 301 8 8 482988
473 300 10 10 695746
472 299 12 12 968817
471 298 14 14 1305599
470 297 16 16 1675643
469 296 18 18 2101862
476 303 4 4 155347
475 302 6 6 297084
474 301 8 8 471309
473 300 10 10 686218
472 299 12 12 954574
471 298 14 14 1258369
470 297 16 16 1623174
469 296 18 18 2035870
476 303 4 4 151482
475 302 6 6 297185
474 301 8 8 474534
473 300 10 10 689154
472 299 12 12 967832
471 298 14 14 1291869
470 297 16 16 1652796
469 296 18 18 2076105
476 303 4 4 146958
475 302 6 6 291211
474 301 8 8 473285
473 300 10 10 695373
472 299 12 12 954954
471 298 14 14 1275926
470 297 16 16 1650139
469 296 18 18 2079720
476 303 4 4 154659
475 302 6 6 301499
474 301 8 8 492969
473 300 10 10 717661
472 299 12 12 993318
471 298 14 14 1300949
470 297 16 16 1671964
469 296 18 18 2078697
476 303 4 4 151114
475 302 6 6 297500
474 301 8 8 470550
473 300 10 10 700282
472 299 12 12 967731
471 298 14 14 1286467
470 297 16 16 1659971
469 296 18 18 2071203
476 303 4 4 166310
475 302 6 6 323335
474 301 8 8 504756
473 300 10 10 716780
472 299 12 12 981063
471 298 14 14 1312715
470 297 16 16 1700063
469 296 18 18 2134663
476 303 4 4 146039
475 302 6 6 288739
474 301 8 8 477804
473 300 10 10 712335
472 299 12 12 989282
471 298 14 14 1313913
470 297 16 16 1705573
469 296 18 18 2113623
476 303 4 4 153058
475 302 6 6 291996
474 301 8 8 473123
473 300 10 10 691346
472 299 12 12 950209
471 298 14 14 1293481
470 297 16 16 1655267
469 296 18 18 2086348
476 303 4 4 148731
475 302 6 6 304005
474 301 8 8 475990
473 300 10 10 701606
472 299 12 12 963491
471 298 14 14 1291356
470 297 16 16 1649762
469 296 18 18 2068657
476 303 4 4 159248
475 302 6 6 302938
474 301 8 8 490849
473 300 10 10 713925
472 299 12 12 999740
471 298 14 14 1314453
470 297 16 16 1676215
469 296 18 18 2098531
476 303 4 4 143443
475 302 6 6 294846
474 301 8 8 476786
473 300 10 10 698361
472 299 12 12 963389
471 298 14 14 1288217
470 297 16 16 1652334
469 296 18 18 2071766
476 303 4 4 153065
475 302 6 6 304321
474 301 8 8 485034
473 300 10 10 699967
472 299 12 12 986919
471 298 14 14 1322218
470 297 16 16 1695898
469 296 18 18 2117480
476 303 4 4 152152
475 302 6 6 298706
474 301 8 8 487106
473 300 10 10 706564
472 299 12 12 967051
471 298 14 14 1302380
470 297 16 16 1666599
469 296 18 18 2102039
476 303 4 4 147660
475 302 6 6 294527
474 301 8 8 491055
473 300 10 10 724270
472 299 12 12 1003803
471 298 14 14 1321470
470 297 16 16 1694990
469 296 18 18 2114036
476 303 4 4 151778
475 302 6 6 291259
474 301 8 8 469509
473 300 10 10 692556
472 299 12 12 971040
471 298 14 14 1302413
470 297 16 16 1664289
469 296 18 18 2079483
476 303 4 4 141883
475 302 6 6 295181
474 301 8 8 480380
473 300 10 10 705451
472 299 12 12 964972
471 298 14 14 1298699
470 297 16 16 1658130
469 296 18 18 2078859
476 303 4 4 144549
475 302 6 6 288521
474 301 8 8 468415
473 300 10 10 709326
472 299 12 12 989815
471 298 14 14 1315905
470 297 16 16 1671816
469 296 18 18 2071831
476 303 4 4 159281
475 302 6 6 309166
474 301 8 8 486372
473 300 10 10 718643
472 299 12 12 994048
471 298 14 14 1300296
470 297 16 16 1677100
469 296 18 18 2093847
476 303 4 4 150054
475 302 6 6 289864
474 301 8 8 468574
473 300 10 10 693461
472 299 12 12 973810
471 298 14 14 1323230
470 297 16 16 1692410
469 296 18 18 2118494
476 303 4 4 153808
475 302 6 6 300080
474 301 8 8 477437
473 300 10 10 707840
472 299 12 12 984566
471 298 14 14 1311476
470 297 16 16 1679438
469 296 18 18 2103000
476 303 4 4 140953
475 302 6 6 298851
474 301 8 8 476981
473 300 10 10 697181
472 299 12 12 973089
471 298 14 14 1305564
470 297 16 16 1671158
469 296 18 18 2097036
476 303 4 4 151678
475 302 6 6 303472
474 301 8 8 479272
473 300 10 10 696743
472 299 12 12 983029
471 298 14 14 1296794
470 297 16 16 1673717
469 296 18 18 2092829
476 303 4 4 154342
475 302 6 6 296800
474 301 8 8 472771
473 300 10 10 697404
472 299 12 12 956547
471 298 14 14 1269341
470 297 16 16 1626932
469 296 18 18 2052904
476 303 4 4 150099
475 302 6 6 295196
474 301 8 8 490443
473 300 10 10 702257
472 299 12 12 965492
471 298 14 14 1290022
470 297 16 16 1643285
469 296 18 18 2058454
476 303 4 4 152596
475 302 6 6 306606
474 301 8 8 495112
473 300 10 10 724563
472 299 12 12 994994
471 298 14 14 1313484
470 297 16 16 1683985
469 296 18 18 2100109
476 303 4 4 162621
475 302 6 6 310460
474 301 8 8 492628
473 300 10 10 727520
472 299 12 12 1008646
471 298 14 14 1317794
470 297 16 16 1686545
469 296 18 18 2107135
476 303 4 4 155436
475 302 6 6 297722
474 301 8 8 502806
473 300 10 10 721645
472 299 12 12 988018
471 298 14 14 1305253
470 297 16 16 1663550
469 296 18 18 2076973
476 303 4 4 155694
475 302 6 6 301250
474 301 8 8 482462
473 300 10 10 711128
472 299 12 12 985144
471 298 14 14 1295107
470 297 16 16 1651947
469 296 18 18 2063678
476 303 4 4 159743
475 302 6 6 310705
474 301 8 8 482578
473 300 10 10 713940
472 299 12 12 987201
471 298 14 14 1295107
470 297 16 16 1653410
469 296 18 18 2064861
476 303 4 4 146988
475 302 6 6 287134
474 301 8 8 466480
473 300 10 10 685700
472 299 12 12 963819
471 298 14 14 1279544
470 297 16 16 1638923
469 296 18 18 2065349
476 303 4 4 145959
475 302 6 6 297571
474 301 8 8 479264
473 300 10 10 691541
472 299 12 12 958802
471 298 14 14 1269936
470 297 16 16 1644218
469 296 18 18 2054877
476 303 4 4 153698
475 302 6 6 297590
474 301 8 8 477113
473 300 10 10 706112
472 299 12 12 983069
471 298 14 14 1308418
470 297 16 16 1682131
469 296 18 18 2096376
476 303 4 4 147169
475 302 6 6 285691
474 301 8 8 453085
473 300 10 10 679229
472 299 12 12 960255
471 298 14 14 1273472
470 297 16 16 1649348
469 296 18 18 2052486
476 303 4 4 150314
475 302 6 6 297826
474 301 8 8 475073
473 300 10 10 693065
472 299 12 12 970624
471 298 14 14 1285191
470 297 16 16 1653488
469 296 18 18 2069049
476 303 4 4 141842
475 302 6 6 284396
474 301 8 8 484332
473 300 10 10 711686
472 299 12 12 998878
471 298 14 14 1315326
470 297 16 16 1685385
469 296 18 18 2104607
476 303 4 4 142950
475 302 6 6 292223
474 301 8 8 475385
473 300 10 10 709282
472 299 12 12 983443
471 298 14 14 1315536
470 297 16 16 1695681
469 296 18 18 2095180
476 303 4 4 152179
475 302 6 6 280408
474 301 8 8 457021
473 300 10 10 669973
472 299 12 12 950360
471 298 14 14 1263676
470 297 16 16 1642863
469 296 18 18 2054136
476 303 4 4 149289
475 302 6 6 290387
474 301 8 8 466309
473 300 10 10 672761
472 299 12 12 935888
471 298 14 14 1248768
470 297 16 16 1595825
469 296 18 18 2029398
476 303 4 4 142958
475 302 6 6 291321
474 301 8 8 480962
473 300 10 10 688460
472 299 12 12 964319
471 298 14 14 1282751
470 297 16 16 1660343
469 296 18 18 2084920
476 303 4 4 150820
475 302 6 6 304211
474 301 8 8 476904
473 300 10 10 692900
472 299 12 12 955275
471 298 14 14 1262114
470 297 16 16 1617779
469 296 18 18 2027385
476 303 4 4 152664
475 302 6 6 298861
474 301 8 8 483464
473 300 10 10 711330
472 299 12 12 984106
471 298 14 14 1298140
470 297 16 16 1666584
469 296 18 18 2077569
476 303 4 4 148776
475 302 6 6 283603
474 301 8 8 469472
473 300 10 10 688451
472 299 12 12 954670
471 298 14 14 1270287
470 297 16 16 1640536
469 296 18 18 2042108
476 303 4 4 150538
475 302 6 6 299512
474 301 8 8 482868
473 300 10 10 715976
472 299 12 12 992435
471 298 14 14 1307028
470 297 16 16 1658928
469 296 18 18 2076437
476 303 4 4 155344
475 302 6 6 293889
474 301 8 8 470251
473 300 10 10 686993
472 299 12 12 949799
471 298 14 14 1280053
470 297 16 16 1636626
469 296 18 18 2056018
476 303 4 4 155674
475 302 6 6 304713
474 301 8 8 481120
473 300 10 10 715947
472 299 12 12 982484
471 298 14 14 1288815
470 297 16 16 1650228
469 296 18 18 2060802
476 303 4 4 151418
475 302 6 6 294701
474 301 8 8 472140
473 300 10 10 707542
472 299 12 12 971830
471 298 14 14 1294055
470 297 16 16 1649073
469 296 18 18 2092006
476 303 4 4 154187
475 302 6 6 305298
474 301 8 8 479892
473 300 10 10 704268
472 299 12 12 981687
471 298 14 14 1304126
470 297 16 16 1672021
469 296 18 18 2094364
476 303 4 4 150033
475 302 6 6 299245
474 301 8 8 481747
473 300 10 10 707000
472 299 12 12 962594
471 298 14 14 1277995
470 297 16 16 1648008
469 296 18 18 2062394
476 303 4 4 153516
475 302 6 6 298307
474 301 8 8 475815
473 300 10 10 701896
472 299 12 12 953471
471 298 14 14 1264667
470 297 16 16 1642129
469 296 18 18 2063816
476 303 4 4 149406
475 302 6 6 292633
474 301 8 8 467569
473 300 10 10 682337
472 299 12 12 947451
471 298 14 14 1270693
470 297 16 16 1622949
469 296 18 18 2032758
476 303 4 4 154798
475 302 6 6 297295
474 301 8 8 475888
473 300 10 10 705512
472 299 12 12 957273
471 298 14 14 1286888
470 297 16 16 1652666
469 296 18 18 2069368
476 303 4 4 157628
475 302 6 6 305380
474 301 8 8 495316
473 300 10 10 724519
472 299 12 12 1005509
471 298 14 14 1328110
470 297 16 16 1690058
469 296 18 18 2118814
476 303 4 4 151475
475 302 6 6 297394
474 301 8 8 471460
473 300 10 10 705754
472 299 12 12 971852
471 298 14 14 1292304
470 297 16 16 1650307
469 296 18 18 2060169
476 303 4 4 153428
475 302 6 6 294544
474 301 8 8 473616
473 300 10 10 692121
472 299 12 12 971246
471 298 14 14 1284214
470 297 16 16 1644311
469 296 18 18 2040139
476 303 4 4 158764
475 302 6 6 300675
474 301 8 8 489620
473 300 10 10 705451
472 299 12 12 970530
471 298 14 14 1272458
470 297 16 16 1647609
469 296 18 18 2079199
476 303 4 4 149326
475 302 6 6 280973
474 301 8 8 458617
473 300 10 10 682703
472 299 12 12 954130
471 298 14 14 1266640
470 297 16 16 1626285
469 296 18 18 2034164
476 303 4 4 155112
475 302 6 6 313102
474 301 8 8 494307
473 300 10 10 708989
472 299 12 12 972948
471 298 14 14 1285601
470 297 16 16 1664847
469 296 18 18 2089993
476 303 4 4 151101
475 302 6 6 292596
474 301 8 8 471750
473 300 10 10 698570
472 299 12 12 961034
471 298 14 14 1284173
470 297 16 16 1639177
469 296 18 18 2066724
476 303 4 4 147536
475 302 6 6 296087
474 301 8 8 465261
473 300 10 10 683535
472 299 12 12 953928
471 298 14 14 1270206
470 297 16 16 1661708
469 296 18 18 2075826
476 303 4 4 144966
475 302 6 6 291753
474 301 8 8 463621
473 300 10 10 693258
472 299 12 12 966838
471 298 14 14 1297655
470 297 16 16 1662465
469 296 18 18 2087410
476 303 4 4 161099
475 302 6 6 293233
474 301 8 8 468820
473 300 10 10 693755
472 299 12 12 957138
471 298 14 14 1278081
470 297 16 16 1631663
469 296 18 18 2040049
476 303 4 4 150044
475 302 6 6 294792
474 301 8 8 474679
473 300 10 10 697635
472 299 12 12 960167
471 298 14 14 1270859
470 297 16 16 1626928
469 296 18 18 2046348
476 303 4 4 148218
475 302 6 6 292229
474 301 8 8 473327
473 300 10 10 709623
472 299 12 12 963926
471 298 14 14 1278607
470 297 16 16 1657452
469 296 18 18 2072286
476 303 4 4 154725
475 302 6 6 293410
474 301 8 8 478856
473 300 10 10 683497
472 299 12 12 950055
471 298 14 14 1260689
470 297 16 16 1623649
469 296 18 18 2034203
476 303 4 4 157770
475 302 6 6 295740
474 301 8 8 465697
473 300 10 10 698879
472 299 12 12 973206
471 298 14 14 1284289
470 297 16 16 1664594
469 296 18 18 2070360
476 303 4 4 143168
475 302 6 6 271795
474 301 8 8 451120
473 300 10 10 684554
472 299 12 12 947277
471 298 14 14 1266421
470 297 16 16 1634765
469 296 18 18 2041958
476 303 4 4 152348
475 302 6 6 299821
474 301 8 8 470808
473 300 10 10 678299
472 299 12 12 950171
471 298 14 14 1274277
470 297 16 16 1655728
469 296 18 18 2065081
476 303 4 4 158065
475 302 6 6 297149
474 301 8 8 476409
473 300 10 10 703470
472 299 12 12 972570
471 298 14 14 1301402
470 297 16 16 1674966
469 296 18 18 2085606
476 303 4 4 156793
475 302 6 6 307038
474 301 8 8 470486
473 300 10 10 676837
472 299 12 12 950670
471 298 14 14 1279270
470 297 16 16 1634930
469 296 18 18 2030517
476 303 4 4 154030
475 302 6 6 302584
474 301 8 8 488667
473 300 10 10 713581
472 299 12 12 990590
471 298 14 14 1296410
470 297 16 16 1656775
469 296 18 18 2074367
476 303 4 4 160181
475 302 6 6 300493
474 301 8 8 478135
473 300 10 10 699856
472 299 12 12 982955
471 298 14 14 1294626
470 297 16 16 1655161
469 296 18 18 2081144
476 303 4 4 149652
475 302 6 6 280760
474 301 8 8 469639
473 300 10 10 686222
472 299 12 12 950735
471 298 14 14 1275613
470 297 16 16 1640117
469 296 18 18 2046076
476 303 4 4 151453
475 302 6 6 285090
474 301 8 8 472291
473 300 10 10 696180
472 299 12 12 957866
471 298 14 14 1289953
470 297 16 16 1660282
469 296 18 18 2094728
476 303 4 4 158423
475 302 6 6 309082
474 301 8 8 481420
473 300 10 10 704214
472 299 12 12 960678
471 298 14 14 1264739
470 297 16 16 1632639
469 296 18 18 2059467
476 303 4 4 155313
475 302 6 6 299735
474 301 8 8 476247
473 300 10 10 694531
472 299 12 12 958303
471 298 14 14 1275925
470 297 16 16 1627160
469 296 18 18 2037487
476 303 4 4 151431
475 302 6 6 300298
474 301 8 8 475238
473 300 10 10 707784
472 299 12 12 973255
471 298 14 14 1286337
470 297 16 16 1687732
469 296 18 18 2098147
476 303 4 4 151338
475 302 6 6 279783
474 301 8 8 457384
473 300 10 10 680751
472 299 12 12 961507
471 298 14 14 1281820
470 297 16 16 1645131
469 296 18 18 2047928
476 303 4 4 143609
475 302 6 6 282266
474 301 8 8 463278
473 300 10 10 683235
472 299 12 12 956068
471 298 14 14 1255019
470 297 16 16 1619009
469 296 18 18 2032302
476 303 4 4 151363
475 302 6 6 291194
474 301 8 8 475156
473 300 10 10 699375
472 299 12 12 973502
471 298 14 14 1314235
470 297 16 16 1706355
469 296 18 18 2123779
476 303 4 4 153658
475 302 6 6 305312
474 301 8 8 478723
473 300 10 10 705297
472 299 12 12 982821
471 298 14 14 1296432
470 297 16 16 1660638
469 296 18 18 2095043
476 303 4 4 150302
475 302 6 6 301302
474 301 8 8 485311
473 300 10 10 705806
472 299 12 12 986343
471 298 14 14 1302318
470 297 16 16 1679455
469 296 18 18 2097460
476 303 4 4 158346
475 302 6 6 311558
474 301 8 8 503511
473 300 10 10 723711
472 299 12 12 1006315
471 298 14 14 1328866
470 297 16 16 1710752
469 296 18 18 2142568
476 303 4 4 151688
475 302 6 6 289267
474 301 8 8 459118
473 300 10 10 674836
472 299 12 12 934165
471 298 14 14 1251860
470 297 16 16 1605182
469 296 18 18 2031218
476 303 4 4 161854
475 302 6 6 300628
474 301 8 8 478101
473 300 10 10 718266
472 299 12 12 974777
471 298 14 14 1303236
470 297 16 16 1652851
469 296 18 18 2062044
476 303 4 4 152798
475 302 6 6 297630
474 301 8 8 477521
473 300 10 10 700122
472 299 12 12 988671
471 298 14 14 1309030
470 297 16 16 1697349
469 296 18 18 2108024
476 303 4 4 155902
475 302 6 6 302871
474 301 8 8 487872
473 300 10 10 703567
472 299 12 12 977787
471 298 14 14 1306437
470 297 16 16 1663899
469 296 18 18 2084980
476 303 4 4 152395
475 302 6 6 292199
474 301 8 8 485582
473 300 10 10 717014
472 299 12 12 995743
471 298 14 14 1323136
470 297 16 16 1688136
469 296 18 18 2119168
476 303 4 4 162088
475 302 6 6 300200
474 301 8 8 481520
473 300 10 10 714256
472 299 12 12 983756
471 298 14 14 1299594
470 297 16 16 1674770
469 296 18 18 2107519
476 303 4 4 155632
475 302 6 6 305497
474 301 8 8 477471
473 300 10 10 698727
472 299 12 12 981097
471 298 14 14 1288130
470 297 16 16 1677860
469 296 18 18 2091563
476 303 4 4 162567
475 302 6 6 300952
474 301 8 8 475819
473 300 10 10 700969
472 299 12 12 995097
471 298 14 14 1315848
470 297 16 16 1697700
469 296 18 18 2096059
476 303 4 4 154315
475 302 6 6 303030
474 301 8 8 475388
473 300 10 10 700010
472 299 12 12 972486
471 298 14 14 1299587
470 297 16 16 1650776
469 296 18 18 2069494
476 303 4 4 151377
475 302 6 6 292635
474 301 8 8 472416
473 300 10 10 704474
472 299 12 12 971034
471 298 14 14 1284197
470 297 16 16 1661699
469 296 18 18 2073625
476 303 4 4 155758
475 302 6 6 305732
474 301 8 8 488734
473 300 10 10 716620
472 299 12 12 999157
471 298 14 14 1332575
470 297 16 16 1719362
469 296 18 18 2128204
476 303 4 4 166850
475 302 6 6 307205
474 301 8 8 499508
473 300 10 10 736646
472 299 12 12 1008902
471 298 14 14 1311601
470 297 16 16 1683939
469 296 18 18 2090724
476 303 4 4 151405
475 302 6 6 292302
474 301 8 8 474912
473 300 10 10 692545
472 299 12 12 973631
471 298 14 14 1298653
470 297 16 16 1678251
469 296 18 18 2140480
476 303 4 4 154554
475 302 6 6 300285
474 301 8 8 483907
473 300 10 10 708445
472 299 12 12 969308
471 298 14 14 1276239
470 297 16 16 1639163
469 296 18 18 2072559
476 303 4 4 149993
475 302 6 6 286475
474 301 8 8 460635
473 300 10 10 704419
472 299 12 12 971376
471 298 14 14 1281610
470 297 16 16 1644073
469 296 18 18 2060218
476 303 4 4 162110
475 302 6 6 310384
474 301 8 8 499254
473 300 10 10 728574
472 299 12 12 986883
471 298 14 14 1284233
470 297 16 16 1652533
469 296 18 18 2038950
476 303 4 4 148273
475 302 6 6 296046
474 301 8 8 465910
473 300 10 10 681084
472 299 12 12 945653
471 298 14 14 1254123
470 297 16 16 1624510
469 296 18 18 2047465
476 303 4 4 147927
475 302 6 6 291338
474 301 8 8 467107
473 300 10 10 694017
472 299 12 12 948159
471 298 14 14 1263802
470 297 16 16 1645543
469 296 18 18 2050281
476 303 4 4 153372
475 302 6 6 304146
474 301 8 8 483809
473 300 10 10 705090
472 299 12 12 959975
471 298 14 14 1279312
470 297 16 16 1630563
469 296 18 18 2052535
476 303 4 4 163903
475 302 6 6 309281
474 301 8 8 498469
473 300 10 10 709420
472 299 12 12 979311
471 298 14 14 1280481
470 297 16 16 1652714
469 296 18 18 2057702
476 303 4 4 154064
475 302 6 6 298180
474 301 8 8 477594
473 300 10 10 693839
472 299 12 12 956588
471 298 14 14 1261224
470 297 16 16 1628330
469 296 18 18 2049135
476 303 4 4 146770
475 302 6 6 271283
474 301 8 8 434956
473 300 10 10 672608
472 299 12 12 946240
471 298 14 14 1261896
470 297 16 16 1611522
469 296 18 18 2024871
476 303 4 4 160535
475 302 6 6 303610
474 301 8 8 490924
473 300 10 10 700235
472 299 12 12 980603
471 298 14 14 1305254
470 297 16 16 1662816
469 296 18 18 2071565
476 303 4 4 151420
475 302 6 6 287998
474 301 8 8 489386
473 300 10 10 725540
472 299 12 12 996118
471 298 14 14 1319096
470 297 16 16 1699993
469 296 18 18 2111202
476 303 4 4 151910
475 302 6 6 290945
474 301 8 8 472870
473 300 10 10 685645
472 299 12 12 939569
471 298 14 14 1256580
470 297 16 16 1612698
469 296 18 18 2034924
476 303 4 4 145177
475 302 6 6 273201
474 301 8 8 448678
473 300 10 10 660668
472 299 12 12 918391
471 298 14 14 1239955
470 297 16 16 1597125
469 296 18 18 2024433
476 303 4 4 147899
475 302 6 6 288984
474 301 8 8 463012
473 300 10 10 684450
472 299 12 12 973318
471 298 14 14 1296336
470 297 16 16 1669191
469 296 18 18 2098634
476 303 4 4 150678
475 302 6 6 291694
474 301 8 8 459549
473 300 10 10 687986
472 299 12 12 964849
471 298 14 14 1285091
470 297 16 16 1658828
469 296 18 18 2056114
476 303 4 4 151848
475 302 6 6 298527
474 301 8 8 489327
473 300 10 10 707190
472 299 12 12 972621
471 298 14 14 1290995
470 297 16 16 1657208
469 296 18 18 2068167
476 303 4 4 159363
475 302 6 6 305678
474 301 8 8 477936
473 300 10 10 699358
472 299 12 12 962251
471 298 14 14 1272822
470 297 16 16 1639307
469 296 18 18 2039761
476 303 4 4 147284
475 302 6 6 295483
474 301 8 8 467843
473 300 10 10 685109
472 299 12 12 958568
471 298 14 14 1270715
470 297 16 16 1645797
469 296 18 18 2056004
476 303 4 4 157076
475 302 6 6 307508
474 301 8 8 483972
473 300 10 10 699225
472 299 12 12 966559
471 298 14 14 1269402
470 297 16 16 1625617
469 296 18 18 2025867
476 303 4 4 150711
475 302 6 6 286476
474 301 8 8 463195
473 300 10 10 688535
472 299 12 12 942647
471 298 14 14 1245620
470 297 16 16 1621817
469 296 18 18 2037394
476 303 4 4 149155
475 302 6 6 292409
474 301 8 8 469570
473 300 10 10 679942
472 299 12 12 933684
471 298 14 14 1234616
470 297 16 16 1595704
469 296 18 18 1999807
476 303 4 4 144931
475 302 6 6 273143
474 301 8 8 460563
473 300 10 10 694780
472 299 12 12 959332
471 298 14 14 1273439
470 297 16 16 1628171
469 296 18 18 2029243
476 303 4 4 142256
475 302 6 6 282433
474 301 8 8 463606
473 300 10 10 674897
472 299 12 12 935238
471 298 14 14 1255117
470 297 16 16 1612674
469 296 18 18 2021967
476 303 4 4 169027
475 302 6 6 315404
474 301 8 8 489079
473 300 10 10 705571
472 299 12 12 973204
471 298 14 14 1287241
470 297 16 16 1643095
469 296 18 18 2049506
476 303 4 4 145617
475 302 6 6 277521
474 301 8 8 458773
473 300 10 10 671438
472 299 12 12 937773
471 298 14 14 1241054
470 297 16 16 1610569
469 296 18 18 2011513
476 303 4 4 155567
475 302 6 6 306105
474 301 8 8 488686
473 300 10 10 699649
472 299 12 12 957084
471 298 14 14 1265947
470 297 16 16 1647500
469 296 18 18 2061580
476 303 4 4 143988
475 302 6 6 287734
474 301 8 8 465318
473 300 10 10 681146
472 299 12 12 944832
471 298 14 14 1257084
470 297 16 16 1617639
469 296 18 18 2029128
476 303 4 4 152617
475 302 6 6 283128
474 301 8 8 447142
473 300 10 10 675221
472 299 12 12 937768
471 298 14 14 1251402
470 297 16 16 1610644
469 296 18 18 2039002
476 303 4 4 158310
475 302 6 6 299098
474 301 8 8 482023
473 300 10 10 690684
472 299 12 12 965384
471 298 14 14 1278309
470 297 16 16 1630074
469 296 18 18 2037644
476 303 4 4 157675
475 302 6 6 304168
474 301 8 8 469348
473 300 10 10 703491
472 299 12 12 974323
471 298 14 14 1290120
470 297 16 16 1642362
469 296 18 18 2054533
476 303 4 4 162380
475 302 6 6 302204
474 301 8 8 488069
473 300 10 10 691346
472 299 12 12 967225
471 298 14 14 1279686
470 297 16 16 1643815
469 296 18 18 2045644
476 303 4 4 153432
475 302 6 6 292409
474 301 8 8 472797
473 300 10 10 699553
472 299 12 12 952718
471 298 14 14 1268062
470 297 16 16 1630312
469 296 18 18 2039417
476 303 4 4 159246
475 302 6 6 308545
474 301 8 8 478032
473 300 10 10 697344
472 299 12 12 969014
471 298 14 14 1283422
470 297 16 16 1637588
469 296 18 18 2062787
476 303 4 4 156105
475 302 6 6 302997
474 301 8 8 486402
473 300 10 10 708408
472 299 12 12 960414
471 298 14 14 1269323
470 297 16 16 1629298
469 296 18 18 2043946
476 303 4 4 157852
475 302 6 6 302835
474 301 8 8 488168
473 300 10 10 722984
472 299 12 12 994629
471 298 14 14 1314309
470 297 16 16 1679931
469 296 18 18 2092919
476 303 4 4 153327
475 302 6 6 286934
474 301 8 8 463515
473 300 10 10 682995
472 299 12 12 957875
471 298 14 14 1266020
470 297 16 16 1615028
469 296 18 18 2033877
476 303 4 4 162475
475 302 6 6 297728
474 301 8 8 473321
473 300 10 10 691660
472 299 12 12 954753
471 298 14 14 1266386
470 297 16 16 1626162
469 296 18 18 2034601
476 303 4 4 151341
475 302 6 6 303557
474 301 8 8 475871
473 300 10 10 698351
472 299 12 12 965310
471 298 14 14 1282277
470 297 16 16 1628798
469 296 18 18 2036934
476 303 4 4 155304
475 302 6 6 301139
474 301 8 8 476976
473 300 10 10 714637
472 299 12 12 976619
471 298 14 14 1292928
470 297 16 16 1650981
469 296 18 18 2059041
476 303 4 4 151325
475 302 6 6 291290
474 301 8 8 463618
473 300 10 10 686118
472 299 12 12 966060
471 298 14 14 1287524
470 297 16 16 1633252
469 296 18 18 2071451
476 303 4 4 143834
475 302 6 6 288531
474 301 8 8 459549
473 300 10 10 675503
472 299 12 12 951002
471 298 14 14 1277557
470 297 16 16 1633947
469 296 18 18 2054011
476 303 4 4 143807
475 302 6 6 282879
474 301 8 8 461258
473 300 10 10 674722
472 299 12 12 941298
471 298 14 14 1265072
470 297 16 16 1620113
469 296 18 18 2031514
476 303 4 4 154800
475 302 6 6 291811
474 301 8 8 468457
473 300 10 10 683623
472 299 12 12 957644
471 298 14 14 1271052
470 297 16 16 1611864
469 296 18 18 2028776
476 303 4 4 159526
475 302 6 6 307806
474 301 8 8 487884
473 300 10 10 719577
472 299 12 12 988598
471 298 14 14 1313312
470 297 16 16 1677819
469 296 18 18 2073349
476 303 4 4 150881
475 302 6 6 294620
474 301 8 8 469579
473 300 10 10 682064
472 299 12 12 951897
471 298 14 14 1271240
470 297 16 16 1640866
469 296 18 18 2064662
476 303 4 4 147875
475 302 6 6 291534
474 301 8 8 479438
473 300 10 10 711893
472 299 12 12 988470
471 298 14 14 1310501
470 297 16 16 1679139
469 296 18 18 2090053
476 303 4 4 145207
475 302 6 6 281809
474 301 8 8 462680
473 300 10 10 677488
472 299 12 12 942692
471 298 14 14 1262740
470 297 16 16 1622447
469 296 18 18 2037567
476 303 4 4 148095
475 302 6 6 288747
474 301 8 8 462527
473 300 10 10 695934
472 299 12 12 958991
471 298 14 14 1281598
470 297 16 16 1633301
469 296 18 18 2052108
476 303 4 4 141557
475 302 6 6 281225
474 301 8 8 453599
473 300 10 10 681038
472 299 12 12 929947
471 298 14 14 1253751
470 297 16 16 1604813
469 296 18 18 2036126
476 303 4 4 155996
475 302 6 6 295568
474 301 8 8 465496
473 300 10 10 688246
472 299 12 12 948228
471 298 14 14 1268177
470 297 16 16 1628009
469 296 18 18 2055616
476 303 4 4 155472
475 302 6 6 284515
474 301 8 8 462080
473 300 10 10 681966
472 299 12 12 939762
471 298 14 14 1224699
470 297 16 16 1587843
469 296 18 18 1996914
476 303 4 4 154520
475 302 6 6 295244
474 301 8 8 460984
473 300 10 10 684632
472 299 12 12 951430
471 298 14 14 1283736
470 297 16 16 1662496
469 296 18 18 2079738
476 303 4 4 152046
475 302 6 6 293920
474 301 8 8 476217
473 300 10 10 698144
472 299 12 12 984955
471 298 14 14 1297081
470 297 16 16 1673609
469 296 18 18 2095690
476 303 4 4 165825
475 302 6 6 299970
474 301 8 8 469591
473 300 10 10 685002
472 299 12 12 957331
471 298 14 14 1267073
470 297 16 16 1631075
469 296 18 18 2042195
476 303 4 4 153706
475 302 6 6 295301
474 301 8 8 481259
473 300 10 10 707511
472 299 12 12 977067
471 298 14 14 1286460
470 297 16 16 1649789
469 296 18 18 2084651
476 303 4 4 154598
475 302 6 6 298996
474 301 8 8 468355
473 300 10 10 687180
472 299 12 12 948743
471 298 14 14 1256174
470 297 16 16 1619408
469 296 18 18 2029544
476 303 4 4 160655
475 302 6 6 308769
474 301 8 8 492681
473 300 10 10 715708
472 299 12 12 975595
471 298 14 14 1278839
470 297 16 16 1644448
469 296 18 18 2069735
476 303 4 4 165880
475 302 6 6 302040
474 301 8 8 474877
473 300 10 10 676947
472 299 12 12 943797
471 298 14 14 1256930
470 297 16 16 1626390
469 296 18 18 2048458
476 303 4 4 148851
475 302 6 6 276996
474 301 8 8 458834
473 300 10 10 677048
472 299 12 12 943247
471 298 14 14 1248127
470 297 16 16 1607995
469 296 18 18 2014573
476 303 4 4 158104
475 302 6 6 292915
474 301 8 8 461990
473 300 10 10 677322
472 299 12 12 944343
471 298 14 14 1277051
470 297 16 16 1649524
469 296 18 18 2070515
476 303 4 4 151704
475 302 6 6 298657
474 301 8 8 471809
473 300 10 10 682577
472 299 12 12 957950
471 298 14 14 1262348
470 297 16 16 1621090
469 296 18 18 2043255
476 303 4 4 155133
475 302 6 6 291102
474 301 8 8 456661
473 300 10 10 672552
472 299 12 12 927043
471 298 14 14 1238192
470 297 16 16 1596686
469 296 18 18 2013125
476 303 4 4 159942
475 302 6 6 292386
474 301 8 8 461567
473 300 10 10 688171
472 299 12 12 949551
471 298 14 14 1262888
470 297 16 16 1630078
469 296 18 18 2045115
476 303 4 4 151953
475 302 6 6 297193
474 301 8 8 468188
473 300 10 10 693797
472 299 12 12 947546
471 298 14 14 1261999
470 297 16 16 1627161
469 296 18 18 2047312
476 303 4 4 169561
475 302 6 6 320760
474 301 8 8 497395
473 300 10 10 724118
472 299 12 12 993908
471 298 14 14 1317593
470 297 16 16 1678907
469 296 18 18 2102724
476 303 4 4 154012
475 302 6 6 286428
474 301 8 8 470694
473 300 10 10 694373
472 299 12 12 963726
471 298 14 14 1295980
470 297 16 16 1681485
469 296 18 18 2094491
476 303 4 4 149621
475 302 6 6 286787
474 301 8 8 461511
473 300 10 10 678013
472 299 12 12 942786
471 298 14 14 1247565
470 297 16 16 1620203
469 296 18 18 2016216
476 303 4 4 163569
475 302 6 6 303448
474 301 8 8 485314
473 300 10 10 709390
472 299 12 12 975586
471 298 14 14 1281765
470 297 16 16 1651207
469 296 18 18 2057762
476 303 4 4 150037
475 302 6 6 288118
474 301 8 8 457242
473 300 10 10 685552
472 299 12 12 960475
471 298 14 14 1275709
470 297 16 16 1644820
469 296 18 18 2045986
476 303 4 4 154786
475 302 6 6 297453
474 301 8 8 470655
473 300 10 10 682012
472 299 12 12 956886
471 298 14 14 1276584
470 297 16 16 1644877
469 296 18 18 2051980
476 303 4 4 152105
475 302 6 6 287659
474 301 8 8 467756
473 300 10 10 701450
472 299 12 12 962748
471 298 14 14 1284536
470 297 16 16 1656126
469 296 18 18 2073772
476 303 4 4 149049
475 302 6 6 292754
474 301 8 8 469408
473 300 10 10 690203
472 299 12 12 951171
471 298 14 14 1261920
470 297 16 16 1634009
469 296 18 18 2036846
476 303 4 4 158284
475 302 6 6 305893
474 301 8 8 472506
473 300 10 10 702152
472 299 12 12 960006
471 298 14 14 1265624
470 297 16 16 1630289
469 296 18 18 2029184
476 303 4 4 148087
475 302 6 6 293185
474 301 8 8 476023
473 300 10 10 688895
472 299 12 12 955120
471 298 14 14 1261272
470 297 16 16 1634480
469 296 18 18 2050638
476 303 4 4 149463
475 302 6 6 293973
474 301 8 8 467411
473 300 10 10 670785
472 299 12 12 941167
471 298 14 14 1259364
470 297 16 16 1630743
469 296 18 18 2026104
476 303 4 4 154361
475 302 6 6 292696
474 301 8 8 458535
473 300 10 10 677605
472 299 12 12 958195
471 298 14 14 1265301
470 297 16 16 1626097
469 296 18 18 2053836
476 303 4 4 160731
475 302 6 6 303558
474 301 8 8 480102
473 300 10 10 704031
472 299 12 12 970615
471 298 14 14 1274601
470 297 16 16 1649619
469 296 18 18 2052574
476 303 4 4 152444
475 302 6 6 289371
474 301 8 8 465792
473 300 10 10 687340
472 299 12 12 936953
471 298 14 14 1229918
470 297 16 16 1597671
469 296 18 18 2031167
476 303 4 4 159087
475 302 6 6 300469
474 301 8 8 470272
473 300 10 10 695474
472 299 12 12 955621
471 298 14 14 1273169
470 297 16 16 1635506
469 296 18 18 2064492
476 303 4 4 162357
475 302 6 6 307149
474 301 8 8 479070
473 300 10 10 703392
472 299 12 12 959700
471 298 14 14 1271144
470 297 16 16 1645115
469 296 18 18 2052043
476 303 4 4 161019
475 302 6 6 305509
474 301 8 8 495703
473 300 10 10 711858
472 299 12 12 974969
471 298 14 14 1286177
470 297 16 16 1675698
469 296 18 18 2085593
476 303 4 4 159006
475 302 6 6 309974
474 301 8 8 483746
473 300 10 10 699096
472 299 12 12 966987
471 298 14 14 1289621
470 297 16 16 1654408
469 296 18 18 2060001
476 303 4 4 146790
475 302 6 6 292671
474 301 8 8 454019
473 300 10 10 671071
472 299 12 12 931462
471 298 14 14 1239462
470 297 16 16 1596235
469 296 18 18 1996419
476 303 4 4 161725
475 302 6 6 311023
474 301 8 8 504840
473 300 10 10 727283
472 299 12 12 995946
471 298 14 14 1317734
470 297 16 16 1668779
469 296 18 18 2068788
476 303 4 4 154298
475 302 6 6 306559
474 301 8 8 484048
473 300 10 10 699469
472 299 12 12 967527
471 298 14 14 1279413
470 297 16 16 1632792
469 296 18 18 2043277
476 303 4 4 150779
475 302 6 6 292463
474 301 8 8 469293
473 300 10 10 690311
472 299 12 12 956171
471 298 14 14 1266650
470 297 16 16 1622790
469 296 18 18 2040663
476 303 4 4 150219
475 302 6 6 276361
474 301 8 8 451734
473 300 10 10 654662
472 299 12 12 925350
471 298 14 14 1250520
470 297 16 16 1593841
469 296 18 18 2004333
476 303 4 4 149966
475 302 6 6 288329
474 301 8 8 467570
473 300 10 10 682567
472 299 12 12 934934
471 298 14 14 1258963
470 297 16 16 1625126
469 296 18 18 2033191
