15 297 4 4 1975
14 296 6 6 4562
13 295 8 8 7673
12 294 10 10 11968
11 293 12 12 17089
10 292 14 14 23749
9 291 16 16 30989
8 290 18 18 39184
15 297 4 4 2113
14 296 6 6 4178
13 295 8 8 7458
12 294 10 10 12247
11 293 12 12 17391
10 292 14 14 24385
9 291 16 16 31641
8 290 18 18 38996
15 297 4 4 2041
14 296 6 6 4300
13 295 8 8 8111
12 294 10 10 12567
11 293 12 12 18982
10 292 14 14 24575
9 291 16 16 31806
8 290 18 18 41053
15 297 4 4 1684
14 296 6 6 3864
13 295 8 8 7110
12 294 10 10 12422
11 293 12 12 17941
10 292 14 14 24413
9 291 16 16 31260
8 290 18 18 39888
15 297 4 4 2020
14 296 6 6 4804
13 295 8 8 8019
12 294 10 10 12752
11 293 12 12 18611
10 292 14 14 23833
9 291 16 16 30875
8 290 18 18 38952
15 297 4 4 2733
14 296 6 6 5536
13 295 8 8 8673
12 294 10 10 12665
11 293 12 12 17656
10 292 14 14 23788
9 291 16 16 31451
8 290 18 18 39083
15 297 4 4 1672
14 296 6 6 4503
13 295 8 8 8208
12 294 10 10 12369
11 293 12 12 18222
10 292 14 14 24841
9 291 16 16 32058
8 290 18 18 40482
15 297 4 4 1761
14 296 6 6 4093
13 295 8 8 7644
12 294 10 10 11713
11 293 12 12 17291
10 292 14 14 24091
9 291 16 16 32009
8 290 18 18 40875
15 297 4 4 2488
14 296 6 6 5121
13 295 8 8 8587
12 294 10 10 12514
11 293 12 12 17841
10 292 14 14 24016
9 291 16 16 32197
8 290 18 18 42076
15 297 4 4 1741
14 296 6 6 3809
13 295 8 8 7180
12 294 10 10 11705
11 293 12 12 18014
10 292 14 14 25319
9 291 16 16 31884
8 290 18 18 39548
15 297 4 4 1622
14 296 6 6 4003
13 295 8 8 7489
12 294 10 10 11688
11 293 12 12 16450
10 292 14 14 22704
9 291 16 16 29962
8 290 18 18 38445
15 297 4 4 2324
14 296 6 6 4968
13 295 8 8 7947
12 294 10 10 12466
11 293 12 12 18994
10 292 14 14 25450
9 291 16 16 33560
8 290 18 18 41893
15 297 4 4 1540
14 296 6 6 3618
13 295 8 8 6759
12 294 10 10 10907
11 293 12 12 15828
10 292 14 14 22368
9 291 16 16 29599
8 290 18 18 37292
15 297 4 4 1670
14 296 6 6 4232
13 295 8 8 7189
12 294 10 10 11992
11 293 12 12 16903
10 292 14 14 22865
9 291 16 16 29031
8 290 18 18 36247
15 297 4 4 1629
14 296 6 6 3588
13 295 8 8 6616
12 294 10 10 10231
11 293 12 12 14577
10 292 14 14 20944
9 291 16 16 27212
8 290 18 18 34519
15 297 4 4 1783
14 296 6 6 3970
13 295 8 8 6863
12 294 10 10 11844
11 293 12 12 17034
10 292 14 14 24112
9 291 16 16 31333
8 290 18 18 39376
15 297 4 4 1527
14 296 6 6 3864
13 295 8 8 6717
12 294 10 10 11430
11 293 12 12 17002
10 292 14 14 22641
9 291 16 16 29468
8 290 18 18 37455
15 297 4 4 2047
14 296 6 6 4383
13 295 8 8 7858
12 294 10 10 12639
11 293 12 12 17407
10 292 14 14 24149
9 291 16 16 31421
8 290 18 18 39992
15 297 4 4 1931
14 296 6 6 4441
13 295 8 8 7674
12 294 10 10 12066
11 293 12 12 17461
10 292 14 14 23695
9 291 16 16 31009
8 290 18 18 39997
15 297 4 4 1987
14 296 6 6 4362
13 295 8 8 7696
12 294 10 10 11752
11 293 12 12 17083
10 292 14 14 23835
9 291 16 16 31490
8 290 18 18 39990
15 297 4 4 1923
14 296 6 6 4350
13 295 8 8 7662
12 294 10 10 11495
11 293 12 12 16585
10 292 14 14 22538
9 291 16 16 29531
8 290 18 18 37132
15 297 4 4 2167
14 296 6 6 4346
13 295 8 8 7904
12 294 10 10 12512
11 293 12 12 17186
10 292 14 14 23193
9 291 16 16 31586
8 290 18 18 39542
15 297 4 4 2350
14 296 6 6 5059
13 295 8 8 8114
12 294 10 10 12626
11 293 12 12 17700
10 292 14 14 25627
9 291 16 16 33837
8 290 18 18 43007
15 297 4 4 2798
14 296 6 6 7270
13 295 8 8 12576
12 294 10 10 19407
11 293 12 12 29747
10 292 14 14 41998
9 291 16 16 55731
8 290 18 18 73261
15 297 4 4 2944
14 296 6 6 4973
13 295 8 8 8137
12 294 10 10 12325
11 293 12 12 17397
10 292 14 14 23518
9 291 16 16 31334
8 290 18 18 40409
15 297 4 4 97499
14 296 6 6 161518
13 295 8 8 226289
12 294 10 10 296171
11 293 12 12 370784
10 292 14 14 459705
9 291 16 16 559594
8 290 18 18 669195
15 297 4 4 140046
14 296 6 6 198521
13 295 8 8 253590
12 294 10 10 322172
11 293 12 12 391250
10 292 14 14 470009
9 291 16 16 553627
8 290 18 18 653478
15 297 4 4 134273
14 296 6 6 190496
13 295 8 8 246211
12 294 10 10 313411
11 293 12 12 389997
10 292 14 14 472925
9 291 16 16 560576
8 290 18 18 664991
15 297 4 4 139094
14 296 6 6 204436
13 295 8 8 259664
12 294 10 10 327422
11 293 12 12 393902
10 292 14 14 476577
9 291 16 16 570751
8 290 18 18 674067
15 297 4 4 142880
14 296 6 6 198840
13 295 8 8 257639
12 294 10 10 322816
11 293 12 12 392741
10 292 14 14 470639
9 291 16 16 562782
8 290 18 18 664031
15 297 4 4 142481
14 296 6 6 200825
13 295 8 8 257418
12 294 10 10 316408
11 293 12 12 384423
10 292 14 14 456565
9 291 16 16 550872
8 290 18 18 655388
15 297 4 4 145513
14 296 6 6 203137
13 295 8 8 257107
12 294 10 10 320079
11 293 12 12 383690
10 292 14 14 465670
9 291 16 16 554384
8 290 18 18 654304
15 297 4 4 140863
14 296 6 6 201509
13 295 8 8 264011
12 294 10 10 335091
11 293 12 12 406886
10 292 14 14 484667
9 291 16 16 568267
8 290 18 18 670159
15 297 4 4 140746
14 296 6 6 204572
13 295 8 8 262918
12 294 10 10 319508
11 293 12 12 391075
10 292 14 14 465754
9 291 16 16 549216
8 290 18 18 655340
15 297 4 4 148359
14 296 6 6 201895
13 295 8 8 254037
12 294 10 10 315101
11 293 12 12 383558
10 292 14 14 462679
9 291 16 16 554568
8 290 18 18 653575
15 297 4 4 145151
14 296 6 6 195520
13 295 8 8 252662
12 294 10 10 320683
11 293 12 12 384033
10 292 14 14 458947
9 291 16 16 546390
8 290 18 18 648972
15 297 4 4 147350
14 296 6 6 205644
13 295 8 8 260313
12 294 10 10 328390
11 293 12 12 399098
10 292 14 14 473198
9 291 16 16 557665
8 290 18 18 654493
15 297 4 4 138772
14 296 6 6 198652
13 295 8 8 257437
12 294 10 10 322566
11 293 12 12 390327
10 292 14 14 462300
9 291 16 16 546994
8 290 18 18 652529
15 297 4 4 151969
14 296 6 6 222271
13 295 8 8 280115
12 294 10 10 343471
11 293 12 12 403542
10 292 14 14 479476
9 291 16 16 565646
8 290 18 18 669297
15 297 4 4 136107
14 296 6 6 191954
13 295 8 8 245335
12 294 10 10 307864
11 293 12 12 379296
10 292 14 14 457709
9 291 16 16 556227
8 290 18 18 657172
15 297 4 4 147965
14 296 6 6 200758
13 295 8 8 254005
12 294 10 10 314944
11 293 12 12 386538
10 292 14 14 471776
9 291 16 16 559006
8 290 18 18 663289
15 297 4 4 141593
14 296 6 6 198991
13 295 8 8 256881
12 294 10 10 313662
11 293 12 12 386588
10 292 14 14 462582
9 291 16 16 557637
8 290 18 18 656959
15 297 4 4 141423
14 296 6 6 200810
13 295 8 8 255579
12 294 10 10 315625
11 293 12 12 384636
10 292 14 14 466916
9 291 16 16 560604
8 290 18 18 664655
15 297 4 4 146475
14 296 6 6 207962
13 295 8 8 264114
12 294 10 10 319427
11 293 12 12 379751
10 292 14 14 451012
9 291 16 16 540279
8 290 18 18 632201
15 297 4 4 138184
14 296 6 6 195814
13 295 8 8 258829
12 294 10 10 315600
11 293 12 12 382850
10 292 14 14 453535
9 291 16 16 534602
8 290 18 18 637570
15 297 4 4 150735
14 296 6 6 215188
13 295 8 8 271315
12 294 10 10 332560
11 293 12 12 404213
10 292 14 14 478074
9 291 16 16 574885
8 290 18 18 676821
15 297 4 4 134652
14 296 6 6 192754
13 295 8 8 249413
12 294 10 10 314362
11 293 12 12 378071
10 292 14 14 459252
9 291 16 16 544556
8 290 18 18 652415
15 297 4 4 140252
14 296 6 6 200519
13 295 8 8 257094
12 294 10 10 318654
11 293 12 12 384542
10 292 14 14 462929
9 291 16 16 552864
8 290 18 18 650959
15 297 4 4 150331
14 296 6 6 214532
13 295 8 8 272356
12 294 10 10 336917
11 293 12 12 401860
10 292 14 14 480919
9 291 16 16 568510
8 290 18 18 665471
15 297 4 4 157402
14 296 6 6 213345
13 295 8 8 268403
12 294 10 10 320971
11 293 12 12 393595
10 292 14 14 474253
9 291 16 16 563138
8 290 18 18 662505
15 297 4 4 156349
14 296 6 6 219886
13 295 8 8 272234
12 294 10 10 332236
11 293 12 12 398571
10 292 14 14 469941
9 291 16 16 550273
8 290 18 18 658665
15 297 4 4 153917
14 296 6 6 214505
13 295 8 8 273073
12 294 10 10 343967
11 293 12 12 411085
10 292 14 14 491974
9 291 16 16 581914
8 290 18 18 682775
15 297 4 4 118759
14 296 6 6 176945
13 295 8 8 234289
12 294 10 10 300206
11 293 12 12 378003
10 292 14 14 457405
9 291 16 16 550201
8 290 18 18 657532
15 297 4 4 109134
14 296 6 6 169385
13 295 8 8 225594
12 294 10 10 287335
11 293 12 12 358948
10 292 14 14 436869
9 291 16 16 525976
8 290 18 18 631212
15 297 4 4 119136
14 296 6 6 175916
13 295 8 8 236145
12 294 10 10 298026
11 293 12 12 367163
10 292 14 14 442892
9 291 16 16 527606
8 290 18 18 634734
15 297 4 4 115858
14 296 6 6 174646
13 295 8 8 231790
12 294 10 10 296568
11 293 12 12 371639
10 292 14 14 452028
9 291 16 16 546758
8 290 18 18 650097
15 297 4 4 135647
14 296 6 6 193910
13 295 8 8 250378
12 294 10 10 312421
11 293 12 12 382357
10 292 14 14 456816
9 291 16 16 540619
8 290 18 18 638390
15 297 4 4 146663
14 296 6 6 206124
13 295 8 8 257877
12 294 10 10 320683
11 293 12 12 378941
10 292 14 14 451631
9 291 16 16 549121
8 290 18 18 654264
15 297 4 4 148308
14 296 6 6 199695
13 295 8 8 245688
12 294 10 10 306530
11 293 12 12 381700
10 292 14 14 465853
9 291 16 16 554298
8 290 18 18 655565
15 297 4 4 156953
14 296 6 6 213307
13 295 8 8 271288
12 294 10 10 332134
11 293 12 12 401813
10 292 14 14 481301
9 291 16 16 568009
8 290 18 18 666765
15 297 4 4 158295
14 296 6 6 217606
13 295 8 8 267186
12 294 10 10 333908
11 293 12 12 401565
10 292 14 14 476181
9 291 16 16 564480
8 290 18 18 674322
15 297 4 4 137868
14 296 6 6 201851
13 295 8 8 255375
12 294 10 10 315510
11 293 12 12 379660
10 292 14 14 460189
9 291 16 16 544936
8 290 18 18 632988
15 297 4 4 142920
14 296 6 6 194353
13 295 8 8 248393
12 294 10 10 310356
11 293 12 12 379864
10 292 14 14 450317
9 291 16 16 548082
8 290 18 18 640677
15 297 4 4 147590
14 296 6 6 207142
13 295 8 8 261950
12 294 10 10 315816
11 293 12 12 384129
10 292 14 14 460489
9 291 16 16 535380
8 290 18 18 636928
15 297 4 4 134922
14 296 6 6 190613
13 295 8 8 237377
12 294 10 10 295744
11 293 12 12 367301
10 292 14 14 439150
9 291 16 16 517501
8 290 18 18 609740
15 297 4 4 146669
14 296 6 6 199697
13 295 8 8 246575
12 294 10 10 308617
11 293 12 12 375817
10 292 14 14 452908
9 291 16 16 540590
8 290 18 18 636459
15 297 4 4 140971
14 296 6 6 201795
13 295 8 8 256564
12 294 10 10 310366
11 293 12 12 379950
10 292 14 14 456104
9 291 16 16 535944
8 290 18 18 635020
15 297 4 4 151296
14 296 6 6 206968
13 295 8 8 257349
12 294 10 10 320525
11 293 12 12 389155
10 292 14 14 469698
9 291 16 16 560581
8 290 18 18 657331
15 297 4 4 151485
14 296 6 6 201916
13 295 8 8 256548
12 294 10 10 315770
11 293 12 12 382770
10 292 14 14 461913
9 291 16 16 545342
8 290 18 18 646036
15 297 4 4 149113
14 296 6 6 206094
13 295 8 8 264342
12 294 10 10 316013
11 293 12 12 379319
10 292 14 14 446773
9 291 16 16 529781
8 290 18 18 629754
15 297 4 4 152326
14 296 6 6 210057
13 295 8 8 266162
12 294 10 10 322299
11 293 12 12 386059
10 292 14 14 462740
9 291 16 16 550751
8 290 18 18 661240
15 297 4 4 147540
14 296 6 6 208465
13 295 8 8 261731
12 294 10 10 324302
11 293 12 12 389793
10 292 14 14 461858
9 291 16 16 548512
8 290 18 18 647304
15 297 4 4 141787
14 296 6 6 201832
13 295 8 8 253743
12 294 10 10 311095
11 293 12 12 375813
10 292 14 14 453334
9 291 16 16 533272
8 290 18 18 636115
15 297 4 4 158568
14 296 6 6 208891
13 295 8 8 264455
12 294 10 10 322402
11 293 12 12 389845
10 292 14 14 460542
9 291 16 16 539399
8 290 18 18 632030
15 297 4 4 152170
14 296 6 6 211408
13 295 8 8 267135
12 294 10 10 330831
11 293 12 12 402136
10 292 14 14 477561
9 291 16 16 565253
8 290 18 18 665957
15 297 4 4 138740
14 296 6 6 197199
13 295 8 8 253874
12 294 10 10 317594
11 293 12 12 385811
10 292 14 14 473314
9 291 16 16 564732
8 290 18 18 659147
15 297 4 4 153172
14 296 6 6 211959
13 295 8 8 267137
12 294 10 10 326725
11 293 12 12 395268
10 292 14 14 476117
9 291 16 16 568764
8 290 18 18 665627
15 297 4 4 145963
14 296 6 6 209750
13 295 8 8 263322
12 294 10 10 325674
11 293 12 12 393408
10 292 14 14 473373
9 291 16 16 562997
8 290 18 18 661634
15 297 4 4 154777
14 296 6 6 214289
13 295 8 8 264464
12 294 10 10 327961
11 293 12 12 390389
10 292 14 14 472051
9 291 16 16 559590
8 290 18 18 661326
15 297 4 4 147144
14 296 6 6 201479
13 295 8 8 261408
12 294 10 10 327137
11 293 12 12 388257
10 292 14 14 467064
9 291 16 16 555300
8 290 18 18 650245
15 297 4 4 159689
14 296 6 6 223893
13 295 8 8 274365
12 294 10 10 326587
11 293 12 12 388682
10 292 14 14 470280
9 291 16 16 550679
8 290 18 18 644931
15 297 4 4 155579
14 296 6 6 209797
13 295 8 8 271013
12 294 10 10 331636
11 293 12 12 403365
10 292 14 14 485188
9 291 16 16 576769
8 290 18 18 683716
15 297 4 4 144875
14 296 6 6 207313
13 295 8 8 265088
12 294 10 10 331405
11 293 12 12 408415
10 292 14 14 477205
9 291 16 16 556231
8 290 18 18 651441
15 297 4 4 145893
14 296 6 6 202105
13 295 8 8 254083
12 294 10 10 311705
11 293 12 12 374698
10 292 14 14 454924
9 291 16 16 545237
8 290 18 18 652766
15 297 4 4 148734
14 296 6 6 205445
13 295 8 8 263925
12 294 10 10 320686
11 293 12 12 386484
10 292 14 14 463781
9 291 16 16 561426
8 290 18 18 669340
15 297 4 4 142642
14 296 6 6 200240
13 295 8 8 251399
12 294 10 10 301018
11 293 12 12 367822
10 292 14 14 444967
9 291 16 16 534136
8 290 18 18 634300
15 297 4 4 152508
14 296 6 6 214867
13 295 8 8 273818
12 294 10 10 331470
11 293 12 12 406397
10 292 14 14 482560
9 291 16 16 560880
8 290 18 18 664931
15 297 4 4 146859
14 296 6 6 208654
13 295 8 8 262381
12 294 10 10 327469
11 293 12 12 400096
10 292 14 14 474247
9 291 16 16 565003
8 290 18 18 668718
15 297 4 4 150864
14 296 6 6 207237
13 295 8 8 261972
12 294 10 10 321432
11 293 12 12 386044
10 292 14 14 466244
9 291 16 16 548862
8 290 18 18 657833
15 297 4 4 137910
14 296 6 6 190787
13 295 8 8 243893
12 294 10 10 299885
11 293 12 12 368399
10 292 14 14 443290
9 291 16 16 529495
8 290 18 18 628593
15 297 4 4 158957
14 296 6 6 218109
13 295 8 8 268235
12 294 10 10 329036
11 293 12 12 398511
10 292 14 14 482457
9 291 16 16 565968
8 290 18 18 660443
15 297 4 4 148682
14 296 6 6 207645
13 295 8 8 260018
12 294 10 10 314724
11 293 12 12 380212
10 292 14 14 456220
9 291 16 16 537686
8 290 18 18 632790
15 297 4 4 136870
14 296 6 6 195437
13 295 8 8 248180
12 294 10 10 310420
11 293 12 12 374151
10 292 14 14 459479
9 291 16 16 539108
8 290 18 18 648129
15 297 4 4 157052
14 296 6 6 220509
13 295 8 8 279127
12 294 10 10 338280
11 293 12 12 401062
10 292 14 14 474782
9 291 16 16 565827
8 290 18 18 664286
15 297 4 4 141825
14 296 6 6 197583
13 295 8 8 256332
12 294 10 10 318239
11 293 12 12 385009
10 292 14 14 466393
9 291 16 16 554543
8 290 18 18 655732
15 297 4 4 146605
14 296 6 6 206664
13 295 8 8 259037
12 294 10 10 325574
11 293 12 12 398796
10 292 14 14 484506
9 291 16 16 565986
8 290 18 18 668882
15 297 4 4 145631
14 296 6 6 198263
13 295 8 8 250130
12 294 10 10 301304
11 293 12 12 363266
10 292 14 14 436857
9 291 16 16 513492
8 290 18 18 608577
15 297 4 4 144099
14 296 6 6 202369
13 295 8 8 249982
12 294 10 10 311046
11 293 12 12 372742
10 292 14 14 439435
9 291 16 16 525596
8 290 18 18 628839
15 297 4 4 143061
14 296 6 6 204838
13 295 8 8 261046
12 294 10 10 323477
11 293 12 12 388745
10 292 14 14 466488
9 291 16 16 547388
8 290 18 18 652187
15 297 4 4 145877
14 296 6 6 201370
13 295 8 8 257571
12 294 10 10 318460
11 293 12 12 388042
10 292 14 14 455369
9 291 16 16 535231
8 290 18 18 643469
15 297 4 4 150929
14 296 6 6 214483
13 295 8 8 263952
12 294 10 10 327829
11 293 12 12 395212
10 292 14 14 470630
9 291 16 16 554145
8 290 18 18 641869
15 297 4 4 149440
14 296 6 6 201731
13 295 8 8 256339
12 294 10 10 313267
11 293 12 12 389305
10 292 14 14 470674
9 291 16 16 549939
8 290 18 18 649106
15 297 4 4 134510
14 296 6 6 191868
13 295 8 8 245293
12 294 10 10 298147
11 293 12 12 367146
10 292 14 14 437712
9 291 16 16 525377
8 290 18 18 625133
15 297 4 4 154061
14 296 6 6 215526
13 295 8 8 268598
12 294 10 10 333925
11 293 12 12 399762
10 292 14 14 473297
9 291 16 16 559865
8 290 18 18 651422
15 297 4 4 145514
14 296 6 6 199886
13 295 8 8 247314
12 294 10 10 298492
11 293 12 12 363669
10 292 14 14 431508
9 291 16 16 523064
8 290 18 18 632717
15 297 4 4 138702
14 296 6 6 193441
13 295 8 8 241687
12 294 10 10 296419
11 293 12 12 365278
10 292 14 14 438461
9 291 16 16 522739
8 290 18 18 613621
15 297 4 4 138618
14 296 6 6 191504
13 295 8 8 245452
12 294 10 10 299285
11 293 12 12 364505
10 292 14 14 442468
9 291 16 16 521245
8 290 18 18 619223
15 297 4 4 150000
14 296 6 6 217237
13 295 8 8 268851
12 294 10 10 324698
11 293 12 12 392157
10 292 14 14 467360
9 291 16 16 550103
8 290 18 18 654645
15 297 4 4 145062
14 296 6 6 200888
13 295 8 8 256795
12 294 10 10 310800
11 293 12 12 372818
10 292 14 14 451211
9 291 16 16 535331
8 290 18 18 641348
15 297 4 4 147431
14 296 6 6 202639
13 295 8 8 256785
12 294 10 10 313032
11 293 12 12 384782
10 292 14 14 456712
9 291 16 16 543840
8 290 18 18 650774
15 297 4 4 137210
14 296 6 6 187343
13 295 8 8 240073
12 294 10 10 299593
11 293 12 12 361606
10 292 14 14 437963
9 291 16 16 522788
8 290 18 18 622236
15 297 4 4 132572
14 296 6 6 190334
13 295 8 8 240683
12 294 10 10 296366
11 293 12 12 365449
10 292 14 14 442330
9 291 16 16 529076
8 290 18 18 627662
15 297 4 4 144186
14 296 6 6 196282
13 295 8 8 250378
12 294 10 10 309530
11 293 12 12 376481
10 292 14 14 444614
9 291 16 16 525916
8 290 18 18 625908
15 297 4 4 154110
14 296 6 6 211752
13 295 8 8 263849
12 294 10 10 320784
11 293 12 12 390047
10 292 14 14 462130
9 291 16 16 546260
8 290 18 18 637479
15 297 4 4 147274
14 296 6 6 200808
13 295 8 8 261597
12 294 10 10 325057
11 293 12 12 396718
10 292 14 14 469951
9 291 16 16 556187
8 290 18 18 653396
15 297 4 4 146899
14 296 6 6 201744
13 295 8 8 253966
12 294 10 10 311702
11 293 12 12 377285
10 292 14 14 449807
9 291 16 16 525812
8 290 18 18 631314
15 297 4 4 139212
14 296 6 6 193479
13 295 8 8 244853
12 294 10 10 299863
11 293 12 12 365581
10 292 14 14 438064
9 291 16 16 520486
8 290 18 18 607766
15 297 4 4 152214
14 296 6 6 209403
13 295 8 8 260346
12 294 10 10 315193
11 293 12 12 380247
10 292 14 14 447186
9 291 16 16 534308
8 290 18 18 632333
15 297 4 4 137189
14 296 6 6 189804
13 295 8 8 240281
12 294 10 10 302532
11 293 12 12 370447
10 292 14 14 449934
9 291 16 16 529497
8 290 18 18 635918
15 297 4 4 145271
14 296 6 6 202244
13 295 8 8 251783
12 294 10 10 315183
11 293 12 12 383699
10 292 14 14 450578
9 291 16 16 534170
8 290 18 18 635236
15 297 4 4 140105
14 296 6 6 196795
13 295 8 8 254033
12 294 10 10 307917
11 293 12 12 380988
10 292 14 14 452317
9 291 16 16 537679
8 290 18 18 636440
15 297 4 4 140378
14 296 6 6 196575
13 295 8 8 249053
12 294 10 10 307948
11 293 12 12 374620
10 292 14 14 448112
9 291 16 16 535096
8 290 18 18 623653
15 297 4 4 132585
14 296 6 6 190475
13 295 8 8 244507
12 294 10 10 303920
11 293 12 12 369579
10 292 14 14 444998
9 291 16 16 525875
8 290 18 18 626076
15 297 4 4 149407
14 296 6 6 207777
13 295 8 8 256551
12 294 10 10 314677
11 293 12 12 385776
10 292 14 14 460070
9 291 16 16 549517
8 290 18 18 648481
15 297 4 4 152012
14 296 6 6 205037
13 295 8 8 257105
12 294 10 10 317668
11 293 12 12 381896
10 292 14 14 457094
9 291 16 16 533822
8 290 18 18 633848
15 297 4 4 135979
14 296 6 6 195874
13 295 8 8 246756
12 294 10 10 305089
11 293 12 12 366372
10 292 14 14 437687
9 291 16 16 516243
8 290 18 18 612966
15 297 4 4 147057
14 296 6 6 205153
13 295 8 8 262895
12 294 10 10 321319
11 293 12 12 389599
10 292 14 14 465805
9 291 16 16 548522
8 290 18 18 641305
15 297 4 4 142989
14 296 6 6 202542
13 295 8 8 255156
12 294 10 10 317252
11 293 12 12 387795
10 292 14 14 459968
9 291 16 16 547654
8 290 18 18 646781
15 297 4 4 140761
14 296 6 6 192197
13 295 8 8 248702
12 294 10 10 311974
11 293 12 12 380452
10 292 14 14 456841
9 291 16 16 540164
8 290 18 18 634828
15 297 4 4 141564
14 296 6 6 194400
13 295 8 8 246502
12 294 10 10 308624
11 293 12 12 377680
10 292 14 14 451504
9 291 16 16 541818
8 290 18 18 633806
15 297 4 4 141140
14 296 6 6 203816
13 295 8 8 254487
12 294 10 10 315522
11 293 12 12 377657
10 292 14 14 455016
9 291 16 16 543905
8 290 18 18 641150
15 297 4 4 139821
14 296 6 6 197036
13 295 8 8 248160
12 294 10 10 301807
11 293 12 12 365085
10 292 14 14 441155
9 291 16 16 522985
8 290 18 18 622770
15 297 4 4 141810
14 296 6 6 197420
13 295 8 8 252347
12 294 10 10 314466
11 293 12 12 380167
10 292 14 14 460942
9 291 16 16 550645
8 290 18 18 652839
15 297 4 4 137503
14 296 6 6 196835
13 295 8 8 252664
12 294 10 10 318398
11 293 12 12 381628
10 292 14 14 456904
9 291 16 16 544423
8 290 18 18 643959
15 297 4 4 147387
14 296 6 6 206722
13 295 8 8 255899
12 294 10 10 316523
11 293 12 12 380864
10 292 14 14 448424
9 291 16 16 528916
8 290 18 18 623974
15 297 4 4 147123
14 296 6 6 201430
13 295 8 8 252311
12 294 10 10 315030
11 293 12 12 380969
10 292 14 14 457946
9 291 16 16 544321
8 290 18 18 643116
15 297 4 4 148062
14 296 6 6 204242
13 295 8 8 249534
12 294 10 10 309607
11 293 12 12 377090
10 292 14 14 449058
9 291 16 16 529692
8 290 18 18 631671
15 297 4 4 133610
14 296 6 6 187864
13 295 8 8 238308
12 294 10 10 299580
11 293 12 12 367606
10 292 14 14 445195
9 291 16 16 535656
8 290 18 18 634029
15 297 4 4 143869
14 296 6 6 209203
13 295 8 8 259399
12 294 10 10 316991
11 293 12 12 380671
10 292 14 14 453548
9 291 16 16 542425
8 290 18 18 638306
15 297 4 4 138305
14 296 6 6 192024
13 295 8 8 247959
12 294 10 10 310446
11 293 12 12 375229
10 292 14 14 449892
9 291 16 16 532503
8 290 18 18 629062
15 297 4 4 157904
14 296 6 6 216551
13 295 8 8 269802
12 294 10 10 333916
11 293 12 12 405830
10 292 14 14 482063
9 291 16 16 568845
8 290 18 18 665305
15 297 4 4 137052
14 296 6 6 194234
13 295 8 8 248758
12 294 10 10 306792
11 293 12 12 377972
10 292 14 14 449639
9 291 16 16 533985
8 290 18 18 640523
15 297 4 4 157315
14 296 6 6 217697
13 295 8 8 270628
12 294 10 10 331287
11 293 12 12 403173
10 292 14 14 476887
9 291 16 16 555847
8 290 18 18 662253
15 297 4 4 152724
14 296 6 6 207788
13 295 8 8 261496
12 294 10 10 320143
11 293 12 12 387603
10 292 14 14 464179
9 291 16 16 541288
8 290 18 18 644751
15 297 4 4 145288
14 296 6 6 205725
13 295 8 8 260467
12 294 10 10 314188
11 293 12 12 385916
10 292 14 14 456930
9 291 16 16 546521
8 290 18 18 636930
15 297 4 4 147676
14 296 6 6 208551
13 295 8 8 261219
12 294 10 10 328348
11 293 12 12 400661
10 292 14 14 475756
9 291 16 16 569631
8 290 18 18 671922
15 297 4 4 146980
14 296 6 6 205090
13 295 8 8 265208
12 294 10 10 323535
11 293 12 12 389809
10 292 14 14 465672
9 291 16 16 557969
8 290 18 18 660846
15 297 4 4 153324
14 296 6 6 212313
13 295 8 8 266737
12 294 10 10 327576
11 293 12 12 390989
10 292 14 14 471543
9 291 16 16 552874
8 290 18 18 653041
15 297 4 4 145853
14 296 6 6 201488
13 295 8 8 255897
12 294 10 10 311994
11 293 12 12 378536
10 292 14 14 452779
9 291 16 16 537635
8 290 18 18 633021
15 297 4 4 147217
14 296 6 6 200645
13 295 8 8 258649
12 294 10 10 313665
11 293 12 12 386012
10 292 14 14 458104
9 291 16 16 546732
8 290 18 18 641817
15 297 4 4 141904
14 296 6 6 196454
13 295 8 8 253147
12 294 10 10 315422
11 293 12 12 386912
10 292 14 14 473207
9 291 16 16 566168
8 290 18 18 670241
15 297 4 4 149668
14 296 6 6 203011
13 295 8 8 259039
12 294 10 10 322132
11 293 12 12 387991
10 292 14 14 464552
9 291 16 16 544323
8 290 18 18 634741
15 297 4 4 150646
14 296 6 6 205974
13 295 8 8 255904
12 294 10 10 314743
11 293 12 12 375568
10 292 14 14 444513
9 291 16 16 530635
8 290 18 18 626316
15 297 4 4 141501
14 296 6 6 196327
13 295 8 8 251130
12 294 10 10 306331
11 293 12 12 371757
10 292 14 14 450630
9 291 16 16 533399
8 290 18 18 627854
15 297 4 4 139890
14 296 6 6 189851
13 295 8 8 245017
12 294 10 10 303863
11 293 12 12 373046
10 292 14 14 450507
9 291 16 16 537309
8 290 18 18 630499
15 297 4 4 137565
14 296 6 6 188954
13 295 8 8 238216
12 294 10 10 304553
11 293 12 12 370864
10 292 14 14 444232
9 291 16 16 523837
8 290 18 18 627468
15 297 4 4 137226
14 296 6 6 195193
13 295 8 8 246531
12 294 10 10 302249
11 293 12 12 373310
10 292 14 14 441548
9 291 16 16 532834
8 290 18 18 632631
15 297 4 4 138983
14 296 6 6 197545
13 295 8 8 247521
12 294 10 10 308907
11 293 12 12 371530
10 292 14 14 446149
9 291 16 16 527971
8 290 18 18 617585
15 297 4 4 130997
14 296 6 6 189864
13 295 8 8 245925
12 294 10 10 307231
11 293 12 12 375939
10 292 14 14 453372
9 291 16 16 533693
8 290 18 18 628689
15 297 4 4 128639
14 296 6 6 188324
13 295 8 8 239503
12 294 10 10 293627
11 293 12 12 362847
10 292 14 14 439160
9 291 16 16 524153
8 290 18 18 619607
15 297 4 4 141682
14 296 6 6 198280
13 295 8 8 247697
12 294 10 10 306898
11 293 12 12 364320
10 292 14 14 436580
9 291 16 16 524470
8 290 18 18 625933
15 297 4 4 136167
14 296 6 6 193142
13 295 8 8 243405
12 294 10 10 298471
11 293 12 12 367319
10 292 14 14 444712
9 291 16 16 526422
8 290 18 18 618558
15 297 4 4 156525
14 296 6 6 213992
13 295 8 8 270787
12 294 10 10 326364
11 293 12 12 399073
10 292 14 14 472306
9 291 16 16 556947
8 290 18 18 656518
15 297 4 4 144822
14 296 6 6 203780
13 295 8 8 257025
12 294 10 10 318503
11 293 12 12 388012
10 292 14 14 460047
9 291 16 16 541190
8 290 18 18 635033
15 297 4 4 138687
14 296 6 6 196345
13 295 8 8 248989
12 294 10 10 305315
11 293 12 12 370115
10 292 14 14 446064
9 291 16 16 521662
8 290 18 18 616512
15 297 4 4 146697
14 296 6 6 204393
13 295 8 8 266223
12 294 10 10 321279
11 293 12 12 384375
10 292 14 14 455434
9 291 16 16 539524
8 290 18 18 634508
15 297 4 4 149444
14 296 6 6 204572
13 295 8 8 252592
12 294 10 10 319294
11 293 12 12 382092
10 292 14 14 458004
9 291 16 16 534050
8 290 18 18 629849
15 297 4 4 147225
14 296 6 6 206429
13 295 8 8 255915
12 294 10 10 318521
11 293 12 12 387406
10 292 14 14 466295
9 291 16 16 548778
8 290 18 18 650690
15 297 4 4 145137
14 296 6 6 200737
13 295 8 8 255194
12 294 10 10 310508
11 293 12 12 371997
10 292 14 14 454012
9 291 16 16 534283
8 290 18 18 640724
15 297 4 4 144874
14 296 6 6 198680
13 295 8 8 253954
12 294 10 10 305393
11 293 12 12 367960
10 292 14 14 441181
9 291 16 16 524001
8 290 18 18 622420
15 297 4 4 145459
14 296 6 6 202885
13 295 8 8 255412
12 294 10 10 312328
11 293 12 12 376673
10 292 14 14 454036
9 291 16 16 542243
8 290 18 18 639483
15 297 4 4 149150
14 296 6 6 205242
13 295 8 8 265946
12 294 10 10 322731
11 293 12 12 389340
10 292 14 14 465244
9 291 16 16 545005
8 290 18 18 648834
15 297 4 4 140302
14 296 6 6 198281
13 295 8 8 254916
12 294 10 10 314731
11 293 12 12 382178
10 292 14 14 461496
9 291 16 16 544343
8 290 18 18 642621
15 297 4 4 143512
14 296 6 6 196367
13 295 8 8 247351
12 294 10 10 303763
11 293 12 12 364978
10 292 14 14 443407
9 291 16 16 525864
8 290 18 18 622513
15 297 4 4 141812
14 296 6 6 198349
13 295 8 8 249755
12 294 10 10 308070
11 293 12 12 371633
10 292 14 14 443856
9 291 16 16 526138
8 290 18 18 614735
15 297 4 4 138420
14 296 6 6 195791
13 295 8 8 244195
12 294 10 10 306857
11 293 12 12 371795
10 292 14 14 449488
9 291 16 16 535020
8 290 18 18 632652
15 297 4 4 148603
14 296 6 6 204057
13 295 8 8 259589
12 294 10 10 312657
11 293 12 12 384374
10 292 14 14 453377
9 291 16 16 540475
8 290 18 18 640360
15 297 4 4 143969
14 296 6 6 206540
13 295 8 8 255563
12 294 10 10 308697
11 293 12 12 376525
10 292 14 14 452586
9 291 16 16 539008
8 290 18 18 637381
15 297 4 4 132724
14 296 6 6 190151
13 295 8 8 239784
12 294 10 10 296957
11 293 12 12 364750
10 292 14 14 441010
9 291 16 16 519980
8 290 18 18 618665
15 297 4 4 133684
14 296 6 6 189378
13 295 8 8 247046
12 294 10 10 306783
11 293 12 12 371845
10 292 14 14 447287
9 291 16 16 535382
8 290 18 18 626577
15 297 4 4 133202
14 296 6 6 191846
13 295 8 8 240420
12 294 10 10 298020
11 293 12 12 363222
10 292 14 14 430078
9 291 16 16 513324
8 290 18 18 612234
15 297 4 4 137026
14 296 6 6 187767
13 295 8 8 239922
12 294 10 10 297403
11 293 12 12 367389
10 292 14 14 439952
9 291 16 16 527274
8 290 18 18 627046
15 297 4 4 150165
14 296 6 6 205936
13 295 8 8 249839
12 294 10 10 307905
11 293 12 12 375912
10 292 14 14 450761
9 291 16 16 531310
8 290 18 18 626825
15 297 4 4 141456
14 296 6 6 195794
13 295 8 8 246532
12 294 10 10 309254
11 293 12 12 377055
10 292 14 14 453419
9 291 16 16 536071
8 290 18 18 632682
15 297 4 4 133766
14 296 6 6 187374
13 295 8 8 232894
12 294 10 10 288483
11 293 12 12 354581
10 292 14 14 439220
9 291 16 16 524429
8 290 18 18 615073
15 297 4 4 143487
14 296 6 6 200266
13 295 8 8 250532
12 294 10 10 303296
11 293 12 12 363152
10 292 14 14 432763
9 291 16 16 522713
8 290 18 18 625590
15 297 4 4 154524
14 296 6 6 215519
13 295 8 8 268363
12 294 10 10 321512
11 293 12 12 389650
10 292 14 14 459464
9 291 16 16 540505
8 290 18 18 635272
15 297 4 4 150300
14 296 6 6 205974
13 295 8 8 259662
12 294 10 10 317999
11 293 12 12 383940
10 292 14 14 461544
9 291 16 16 543010
8 290 18 18 648648
15 297 4 4 150118
14 296 6 6 208866
13 295 8 8 268873
12 294 10 10 329033
11 293 12 12 401032
10 292 14 14 470342
9 291 16 16 551414
8 290 18 18 654883
15 297 4 4 141658
14 296 6 6 208722
13 295 8 8 257461
12 294 10 10 310558
11 293 12 12 373913
10 292 14 14 449459
9 291 16 16 526097
8 290 18 18 617404
15 297 4 4 141788
14 296 6 6 197168
13 295 8 8 247147
12 294 10 10 303504
11 293 12 12 369783
10 292 14 14 445952
9 291 16 16 525552
8 290 18 18 623454
15 297 4 4 139660
14 296 6 6 197391
13 295 8 8 253298
12 294 10 10 318804
11 293 12 12 385125
10 292 14 14 455639
9 291 16 16 543158
8 290 18 18 643813
15 297 4 4 149137
14 296 6 6 198584
13 295 8 8 246062
12 294 10 10 305906
11 293 12 12 372941
10 292 14 14 444387
9 291 16 16 527116
8 290 18 18 621815
15 297 4 4 143625
14 296 6 6 200209
13 295 8 8 253383
12 294 10 10 310474
11 293 12 12 369956
10 292 14 14 442808
9 291 16 16 527933
8 290 18 18 626023
15 297 4 4 140767
14 296 6 6 198161
13 295 8 8 250556
12 294 10 10 306295
11 293 12 12 368992
10 292 14 14 442558
9 291 16 16 518951
8 290 18 18 617081
15 297 4 4 140770
14 296 6 6 197236
13 295 8 8 250808
12 294 10 10 305197
11 293 12 12 374494
10 292 14 14 449243
9 291 16 16 533550
8 290 18 18 627433
15 297 4 4 138155
14 296 6 6 192819
13 295 8 8 241189
12 294 10 10 293806
11 293 12 12 352593
10 292 14 14 424673
9 291 16 16 509147
8 290 18 18 608612
15 297 4 4 144497
14 296 6 6 198827
13 295 8 8 248825
12 294 10 10 303554
11 293 12 12 365075
10 292 14 14 434742
9 291 16 16 529416
8 290 18 18 627919
15 297 4 4 136376
14 296 6 6 197231
13 295 8 8 254158
12 294 10 10 317826
11 293 12 12 385327
10 292 14 14 456230
9 291 16 16 537340
8 290 18 18 632574
15 297 4 4 141471
14 296 6 6 196694
13 295 8 8 245717
12 294 10 10 305358
11 293 12 12 366702
10 292 14 14 439184
9 291 16 16 523053
8 290 18 18 617263
15 297 4 4 144453
14 296 6 6 200504
13 295 8 8 258785
12 294 10 10 322367
11 293 12 12 387427
10 292 14 14 468064
9 291 16 16 548324
8 290 18 18 638887
15 297 4 4 148864
14 296 6 6 204066
13 295 8 8 259151
12 294 10 10 315056
11 293 12 12 380607
10 292 14 14 456672
9 291 16 16 544414
8 290 18 18 644768
15 297 4 4 136947
14 296 6 6 193106
13 295 8 8 250165
12 294 10 10 311771
11 293 12 12 377078
10 292 14 14 447360
9 291 16 16 538227
8 290 18 18 639406
15 297 4 4 140640
14 296 6 6 193952
13 295 8 8 248746
12 294 10 10 303560
11 293 12 12 368309
10 292 14 14 439461
9 291 16 16 529044
8 290 18 18 619944
15 297 4 4 139875
14 296 6 6 191790
13 295 8 8 242201
12 294 10 10 306413
11 293 12 12 375696
10 292 14 14 448240
9 291 16 16 535666
8 290 18 18 630812
15 297 4 4 154401
14 296 6 6 205355
13 295 8 8 255169
12 294 10 10 318101
11 293 12 12 380431
10 292 14 14 460689
9 291 16 16 546017
8 290 18 18 651997
15 297 4 4 140903
14 296 6 6 198278
13 295 8 8 253953
12 294 10 10 313951
11 293 12 12 387420
10 292 14 14 466782
9 291 16 16 553593
8 290 18 18 650432
15 297 4 4 139047
14 296 6 6 200097
13 295 8 8 255755
12 294 10 10 321112
11 293 12 12 385804
10 292 14 14 460920
9 291 16 16 547752
8 290 18 18 646866
15 297 4 4 137371
14 296 6 6 199777
13 295 8 8 247764
12 294 10 10 310755
11 293 12 12 369841
10 292 14 14 449867
9 291 16 16 538767
8 290 18 18 634651
15 297 4 4 148437
14 296 6 6 197848
13 295 8 8 250685
12 294 10 10 309698
11 293 12 12 374488
10 292 14 14 449816
9 291 16 16 528954
8 290 18 18 632554
15 297 4 4 144061
14 296 6 6 205705
13 295 8 8 258056
12 294 10 10 315118
11 293 12 12 391961
10 292 14 14 473250
9 291 16 16 559222
8 290 18 18 659742
15 297 4 4 142283
14 296 6 6 207689
13 295 8 8 264648
12 294 10 10 318380
11 293 12 12 383529
10 292 14 14 458538
9 291 16 16 544890
8 290 18 18 641146
15 297 4 4 149875
14 296 6 6 211423
13 295 8 8 272165
12 294 10 10 329101
11 293 12 12 392893
10 292 14 14 468167
9 291 16 16 546190
8 290 18 18 647622
15 297 4 4 151616
14 296 6 6 204946
13 295 8 8 261335
12 294 10 10 316235
11 293 12 12 374273
10 292 14 14 443617
9 291 16 16 532134
8 290 18 18 626229
15 297 4 4 139398
14 296 6 6 200598
13 295 8 8 255127
12 294 10 10 312873
11 293 12 12 380815
10 292 14 14 457834
9 291 16 16 539057
8 290 18 18 635527
15 297 4 4 143615
14 296 6 6 200087
13 295 8 8 255433
12 294 10 10 312649
11 293 12 12 380996
10 292 14 14 454923
9 291 16 16 546521
8 290 18 18 650459
15 297 4 4 160324
14 296 6 6 215935
13 295 8 8 268854
12 294 10 10 332184
11 293 12 12 401591
10 292 14 14 477817
9 291 16 16 568711
8 290 18 18 667692
15 297 4 4 142428
14 296 6 6 200064
13 295 8 8 253481
12 294 10 10 312937
11 293 12 12 374623
10 292 14 14 453777
9 291 16 16 540790
8 290 18 18 633647
15 297 4 4 136237
14 296 6 6 185850
13 295 8 8 239024
12 294 10 10 298181
11 293 12 12 368694
10 292 14 14 441182
9 291 16 16 530917
8 290 18 18 625467
15 297 4 4 145400
14 296 6 6 203251
13 295 8 8 261858
12 294 10 10 323368
11 293 12 12 389964
10 292 14 14 464423
9 291 16 16 552169
8 290 18 18 650511
15 297 4 4 141368
14 296 6 6 198879
13 295 8 8 251442
12 294 10 10 318411
11 293 12 12 385337
10 292 14 14 458003
9 291 16 16 537598
8 290 18 18 632920
15 297 4 4 143544
14 296 6 6 196327
13 295 8 8 253586
12 294 10 10 317758
11 293 12 12 382175
10 292 14 14 459926
9 291 16 16 544629
8 290 18 18 651525
15 297 4 4 128089
14 296 6 6 185413
13 295 8 8 237691
12 294 10 10 302540
11 293 12 12 375199
10 292 14 14 452839
9 291 16 16 536642
8 290 18 18 637714
15 297 4 4 133271
14 296 6 6 184473
13 295 8 8 236566
12 294 10 10 295348
11 293 12 12 363528
10 292 14 14 440863
9 291 16 16 520854
8 290 18 18 625374
15 297 4 4 140863
14 296 6 6 197138
13 295 8 8 260020
12 294 10 10 315652
11 293 12 12 379336
10 292 14 14 452003
9 291 16 16 540210
8 290 18 18 648795
15 297 4 4 149244
14 296 6 6 198575
13 295 8 8 259030
12 294 10 10 315009
11 293 12 12 393897
10 292 14 14 464254
9 291 16 16 552031
8 290 18 18 655778
15 297 4 4 149866
14 296 6 6 206515
13 295 8 8 263199
12 294 10 10 320845
11 293 12 12 384440
10 292 14 14 462461
9 291 16 16 546518
8 290 18 18 646641
15 297 4 4 150523
14 296 6 6 205110
13 295 8 8 260767
12 294 10 10 314757
11 293 12 12 384655
10 292 14 14 456756
9 291 16 16 543350
8 290 18 18 642283
15 297 4 4 153321
14 296 6 6 214744
13 295 8 8 267177
12 294 10 10 328437
11 293 12 12 394257
10 292 14 14 473896
9 291 16 16 554098
8 290 18 18 646973
15 297 4 4 144450
14 296 6 6 200577
13 295 8 8 254880
12 294 10 10 317935
11 293 12 12 386224
10 292 14 14 464669
9 291 16 16 555576
8 290 18 18 660594
15 297 4 4 136119
14 296 6 6 191662
13 295 8 8 249320
12 294 10 10 310588
11 293 12 12 382437
10 292 14 14 465453
9 291 16 16 557056
8 290 18 18 663439
15 297 4 4 137236
14 296 6 6 194983
13 295 8 8 248534
12 294 10 10 312931
11 293 12 12 380637
10 292 14 14 457770
9 291 16 16 539129
8 290 18 18 640995
15 297 4 4 146575
14 296 6 6 202023
13 295 8 8 252015
12 294 10 10 306134
11 293 12 12 374724
10 292 14 14 453865
9 291 16 16 540707
8 290 18 18 632063
15 297 4 4 139031
14 296 6 6 195600
13 295 8 8 246547
12 294 10 10 305350
11 293 12 12 375698
10 292 14 14 441564
9 291 16 16 527013
8 290 18 18 623634
15 297 4 4 134505
14 296 6 6 193406
13 295 8 8 251591
12 294 10 10 312096
11 293 12 12 379086
10 292 14 14 451526
9 291 16 16 532639
8 290 18 18 624295
15 297 4 4 139903
14 296 6 6 194093
13 295 8 8 250180
12 294 10 10 303883
11 293 12 12 369442
10 292 14 14 437376
9 291 16 16 525632
8 290 18 18 623061
15 297 4 4 142695
14 296 6 6 196939
13 295 8 8 249939
12 294 10 10 312935
11 293 12 12 375829
10 292 14 14 448348
9 291 16 16 526575
8 290 18 18 622915
15 297 4 4 141987
14 296 6 6 192833
13 295 8 8 244912
12 294 10 10 307737
11 293 12 12 378282
10 292 14 14 447467
9 291 16 16 529016
8 290 18 18 626888
15 297 4 4 145604
14 296 6 6 196171
13 295 8 8 253316
12 294 10 10 317067
11 293 12 12 384505
10 292 14 14 464657
9 291 16 16 544128
8 290 18 18 643068
15 297 4 4 145818
14 296 6 6 205746
13 295 8 8 257298
12 294 10 10 321651
11 293 12 12 390116
10 292 14 14 463090
9 291 16 16 552293
8 290 18 18 657637
15 297 4 4 144429
14 296 6 6 207502
13 295 8 8 255076
12 294 10 10 314726
11 293 12 12 385183
10 292 14 14 467487
9 291 16 16 556319
8 290 18 18 656845
15 297 4 4 153780
14 296 6 6 208122
13 295 8 8 265408
12 294 10 10 323594
11 293 12 12 389120
10 292 14 14 458304
9 291 16 16 548588
8 290 18 18 648515
15 297 4 4 145689
14 296 6 6 204940
13 295 8 8 267529
12 294 10 10 328427
11 293 12 12 402175
10 292 14 14 484732
9 291 16 16 575517
8 290 18 18 678577
15 297 4 4 145484
14 296 6 6 202034
13 295 8 8 258550
12 294 10 10 314162
11 293 12 12 385726
10 292 14 14 457334
9 291 16 16 554711
8 290 18 18 650566
15 297 4 4 143031
14 296 6 6 198933
13 295 8 8 253855
12 294 10 10 314510
11 293 12 12 383139
10 292 14 14 462376
9 291 16 16 554495
8 290 18 18 653625
15 297 4 4 156303
14 296 6 6 215520
13 295 8 8 268523
12 294 10 10 328212
11 293 12 12 396844
10 292 14 14 472396
9 291 16 16 557819
8 290 18 18 662895
15 297 4 4 147798
14 296 6 6 206266
13 295 8 8 257886
12 294 10 10 320457
11 293 12 12 391728
10 292 14 14 472299
9 291 16 16 563705
8 290 18 18 670870
15 297 4 4 145820
14 296 6 6 200946
13 295 8 8 254456
12 294 10 10 310643
11 293 12 12 376529
10 292 14 14 455192
9 291 16 16 545845
8 290 18 18 647949
15 297 4 4 145311
14 296 6 6 200403
13 295 8 8 251276
12 294 10 10 315888
11 293 12 12 385207
10 292 14 14 464028
9 291 16 16 543695
8 290 18 18 639800
15 297 4 4 153796
14 296 6 6 212193
13 295 8 8 258940
12 294 10 10 317717
11 293 12 12 393875
10 292 14 14 470174
9 291 16 16 557854
8 290 18 18 655319
15 297 4 4 146495
14 296 6 6 203255
13 295 8 8 258302
12 294 10 10 322282
11 293 12 12 386017
10 292 14 14 461879
9 291 16 16 543685
8 290 18 18 642615
15 297 4 4 148935
14 296 6 6 213937
13 295 8 8 268343
12 294 10 10 330352
11 293 12 12 393000
10 292 14 14 465079
9 291 16 16 542799
8 290 18 18 641282
15 297 4 4 140432
14 296 6 6 195169
13 295 8 8 246710
12 294 10 10 303816
11 293 12 12 364895
10 292 14 14 441287
9 291 16 16 526181
8 290 18 18 620277
15 297 4 4 143785
14 296 6 6 203705
13 295 8 8 257901
12 294 10 10 324617
11 293 12 12 391512
10 292 14 14 458659
9 291 16 16 547599
8 290 18 18 639504
15 297 4 4 155038
14 296 6 6 219256
13 295 8 8 273125
12 294 10 10 330448
11 293 12 12 398696
10 292 14 14 482813
9 291 16 16 580442
8 290 18 18 685648
15 297 4 4 141574
14 296 6 6 194544
13 295 8 8 244896
12 294 10 10 307662
11 293 12 12 374964
10 292 14 14 454775
9 291 16 16 542198
8 290 18 18 646871
15 297 4 4 142506
14 296 6 6 197388
13 295 8 8 254042
12 294 10 10 318719
11 293 12 12 395026
10 292 14 14 469949
9 291 16 16 555507
8 290 18 18 665342
15 297 4 4 146110
14 296 6 6 200663
13 295 8 8 251205
12 294 10 10 305851
11 293 12 12 373505
10 292 14 14 447107
9 291 16 16 531834
8 290 18 18 618974
15 297 4 4 148871
14 296 6 6 202830
13 295 8 8 251870
12 294 10 10 316328
11 293 12 12 386087
10 292 14 14 458479
9 291 16 16 555569
8 290 18 18 658579
15 297 4 4 142670
14 296 6 6 193160
13 295 8 8 248705
12 294 10 10 305960
11 293 12 12 368867
10 292 14 14 442305
9 291 16 16 526817
8 290 18 18 623757
15 297 4 4 131576
14 296 6 6 186783
13 295 8 8 234834
12 294 10 10 294924
11 293 12 12 358988
10 292 14 14 433570
9 291 16 16 521268
8 290 18 18 617752
15 297 4 4 147402
14 296 6 6 204631
13 295 8 8 256452
12 294 10 10 317175
11 293 12 12 383007
10 292 14 14 461513
9 291 16 16 549149
8 290 18 18 644200
15 297 4 4 143143
14 296 6 6 202821
13 295 8 8 255226
12 294 10 10 305109
11 293 12 12 362267
10 292 14 14 439716
9 291 16 16 528089
8 290 18 18 625964
15 297 4 4 129499
14 296 6 6 177681
13 295 8 8 235330
12 294 10 10 292765
11 293 12 12 354770
10 292 14 14 427512
9 291 16 16 507183
8 290 18 18 603635
15 297 4 4 139919
14 296 6 6 190993
13 295 8 8 246703
12 294 10 10 311901
11 293 12 12 375675
10 292 14 14 447994
9 291 16 16 535749
8 290 18 18 636570
15 297 4 4 133248
14 296 6 6 188487
13 295 8 8 239570
12 294 10 10 299150
11 293 12 12 364523
10 292 14 14 437627
9 291 16 16 522227
8 290 18 18 612907
15 297 4 4 145912
14 296 6 6 195876
13 295 8 8 245624
12 294 10 10 301187
11 293 12 12 361145
10 292 14 14 433180
9 291 16 16 512349
8 290 18 18 599977
15 297 4 4 133962
14 296 6 6 193282
13 295 8 8 249036
12 294 10 10 309847
11 293 12 12 378128
10 292 14 14 451384
9 291 16 16 534440
8 290 18 18 620893
15 297 4 4 139917
14 296 6 6 199133
13 295 8 8 253472
12 294 10 10 312404
11 293 12 12 374118
10 292 14 14 454688
9 291 16 16 533246
8 290 18 18 632769
15 297 4 4 137501
14 296 6 6 193258
13 295 8 8 248007
12 294 10 10 303446
11 293 12 12 375537
10 292 14 14 441915
9 291 16 16 525694
8 290 18 18 623822
15 297 4 4 131346
14 296 6 6 187081
13 295 8 8 243839
12 294 10 10 306259
11 293 12 12 373838
10 292 14 14 447411
9 291 16 16 532993
8 290 18 18 629872
15 297 4 4 146047
14 296 6 6 202802
13 295 8 8 266630
12 294 10 10 319226
11 293 12 12 385907
10 292 14 14 457914
9 291 16 16 540829
8 290 18 18 636067
15 297 4 4 148014
14 296 6 6 203513
13 295 8 8 259055
12 294 10 10 316567
11 293 12 12 385306
10 292 14 14 453946
9 291 16 16 549068
8 290 18 18 644716
15 297 4 4 140038
14 296 6 6 192344
13 295 8 8 244698
12 294 10 10 303733
11 293 12 12 359566
10 292 14 14 432857
9 291 16 16 512591
8 290 18 18 604585
15 297 4 4 153100
14 296 6 6 211766
13 295 8 8 260526
12 294 10 10 319618
11 293 12 12 387963
10 292 14 14 459804
9 291 16 16 542121
8 290 18 18 643315
15 297 4 4 134321
14 296 6 6 188598
13 295 8 8 243427
12 294 10 10 302164
11 293 12 12 368557
10 292 14 14 435754
9 291 16 16 520623
8 290 18 18 618571
15 297 4 4 140820
14 296 6 6 191167
13 295 8 8 250447
12 294 10 10 314189
11 293 12 12 379255
10 292 14 14 449880
9 291 16 16 545175
8 290 18 18 638673
15 297 4 4 132457
14 296 6 6 185781
13 295 8 8 242430
12 294 10 10 299332
11 293 12 12 366529
10 292 14 14 443463
9 291 16 16 531916
8 290 18 18 634467
15 297 4 4 137313
14 296 6 6 193020
13 295 8 8 243542
12 294 10 10 302662
11 293 12 12 371676
10 292 14 14 441666
9 291 16 16 524715
8 290 18 18 622829
15 297 4 4 137410
14 296 6 6 194356
13 295 8 8 248160
12 294 10 10 309583
11 293 12 12 379809
10 292 14 14 446926
9 291 16 16 537147
8 290 18 18 627531
15 297 4 4 144710
14 296 6 6 211086
13 295 8 8 265995
12 294 10 10 321012
11 293 12 12 387621
10 292 14 14 465597
9 291 16 16 550587
8 290 18 18 646538
15 297 4 4 145993
14 296 6 6 202864
13 295 8 8 255707
12 294 10 10 315943
11 293 12 12 379329
10 292 14 14 457024
9 291 16 16 541059
8 290 18 18 640777
15 297 4 4 138615
14 296 6 6 193186
13 295 8 8 246005
12 294 10 10 296661
11 293 12 12 361585
10 292 14 14 439279
9 291 16 16 517672
8 290 18 18 607158
15 297 4 4 137634
14 296 6 6 191044
13 295 8 8 250041
12 294 10 10 311424
11 293 12 12 378803
10 292 14 14 446370
9 291 16 16 532147
8 290 18 18 632270
15 297 4 4 132098
14 296 6 6 186440
13 295 8 8 240308
12 294 10 10 296606
11 293 12 12 351728
10 292 14 14 434517
9 291 16 16 517356
8 290 18 18 615207
15 297 4 4 143795
14 296 6 6 198422
13 295 8 8 248557
12 294 10 10 312488
11 293 12 12 371121
10 292 14 14 444480
9 291 16 16 521365
8 290 18 18 614530
15 297 4 4 138380
14 296 6 6 188885
13 295 8 8 244535
12 294 10 10 302127
11 293 12 12 367846
10 292 14 14 441436
9 291 16 16 525890
8 290 18 18 625877
15 297 4 4 138036
14 296 6 6 189356
13 295 8 8 245790
12 294 10 10 300515
11 293 12 12 363844
10 292 14 14 439849
9 291 16 16 526343
8 290 18 18 619102
