281 306 4 4 1623
280 305 6 6 3813
279 304 8 8 7063
278 303 10 10 11071
277 302 12 12 15989
276 301 14 14 21920
275 300 16 16 30115
274 299 18 18 38260
281 306 4 4 1927
280 305 6 6 4375
279 304 8 8 7695
278 303 10 10 11904
277 302 12 12 16750
276 301 14 14 22668
275 300 16 16 29660
274 299 18 18 37293
281 306 4 4 1858
280 305 6 6 4631
279 304 8 8 8086
278 303 10 10 11951
277 302 12 12 17658
276 301 14 14 24606
275 300 16 16 32457
274 299 18 18 40611
281 306 4 4 1840
280 305 6 6 4243
279 304 8 8 7631
278 303 10 10 11939
277 302 12 12 17545
276 301 14 14 23833
275 300 16 16 30318
274 299 18 18 38020
281 306 4 4 1770
280 305 6 6 4372
279 304 8 8 8310
278 303 10 10 13491
277 302 12 12 18629
276 301 14 14 24966
275 300 16 16 32733
274 299 18 18 41088
281 306 4 4 1781
280 305 6 6 3859
279 304 8 8 6956
278 303 10 10 10893
277 302 12 12 16821
276 301 14 14 22744
275 300 16 16 30149
274 299 18 18 38160
281 306 4 4 2255
280 305 6 6 4833
279 304 8 8 7878
278 303 10 10 11709
277 302 12 12 17803
276 301 14 14 23826
275 300 16 16 30721
274 299 18 18 38737
281 306 4 4 1947
280 305 6 6 4856
279 304 8 8 8722
278 303 10 10 12785
277 302 12 12 17502
276 301 14 14 23799
275 300 16 16 30868
274 299 18 18 39626
281 306 4 4 1682
280 305 6 6 3706
279 304 8 8 6920
278 303 10 10 11563
277 302 12 12 16248
276 301 14 14 21942
275 300 16 16 28901
274 299 18 18 37911
281 306 4 4 2618
280 305 6 6 4669
279 304 8 8 7608
278 303 10 10 12157
277 302 12 12 16934
276 301 14 14 23849
275 300 16 16 31288
274 299 18 18 39473
281 306 4 4 2412
280 305 6 6 5741
279 304 8 8 9026
278 303 10 10 13116
277 302 12 12 19021
276 301 14 14 24809
275 300 16 16 32910
274 299 18 18 41412
281 306 4 4 2037
280 305 6 6 4817
279 304 8 8 8237
278 303 10 10 13190
277 302 12 12 18677
276 301 14 14 24178
275 300 16 16 31394
274 299 18 18 39235
281 306 4 4 2048
280 305 6 6 3928
279 304 8 8 7247
278 303 10 10 11094
277 302 12 12 15712
276 301 14 14 21169
275 300 16 16 27167
274 299 18 18 35119
281 306 4 4 1725
280 305 6 6 3901
279 304 8 8 6549
278 303 10 10 10631
277 302 12 12 15476
276 301 14 14 22345
275 300 16 16 28581
274 299 18 18 35580
281 306 4 4 2380
280 305 6 6 4231
279 304 8 8 7203
278 303 10 10 10609
277 302 12 12 15320
276 301 14 14 21904
275 300 16 16 27502
274 299 18 18 33635
281 306 4 4 1844
280 305 6 6 3954
279 304 8 8 8063
278 303 10 10 12670
277 302 12 12 19147
276 301 14 14 25320
275 300 16 16 32313
274 299 18 18 40620
281 306 4 4 1513
280 305 6 6 4288
279 304 8 8 7692
278 303 10 10 12323
277 302 12 12 18354
276 301 14 14 24062
275 300 16 16 31060
274 299 18 18 39846
281 306 4 4 3123
280 305 6 6 5968
279 304 8 8 8919
278 303 10 10 13739
277 302 12 12 18675
276 301 14 14 24711
275 300 16 16 31899
274 299 18 18 40861
281 306 4 4 2231
280 305 6 6 4509
279 304 8 8 7352
278 303 10 10 11297
277 302 12 12 17700
276 301 14 14 24150
275 300 16 16 31746
274 299 18 18 40324
281 306 4 4 1793
280 305 6 6 4460
279 304 8 8 7692
278 303 10 10 11487
277 302 12 12 16432
276 301 14 14 24151
275 300 16 16 30768
274 299 18 18 38020
281 306 4 4 1851
280 305 6 6 4125
279 304 8 8 7239
278 303 10 10 11868
277 302 12 12 17986
276 301 14 14 24354
275 300 16 16 31479
274 299 18 18 39724
281 306 4 4 1620
280 305 6 6 4189
279 304 8 8 7337
278 303 10 10 11569
277 302 12 12 17034
276 301 14 14 24056
275 300 16 16 30783
274 299 18 18 38469
281 306 4 4 1643
280 305 6 6 4269
279 304 8 8 7744
278 303 10 10 13221
277 302 12 12 18214
276 301 14 14 24087
275 300 16 16 30434
274 299 18 18 39172
281 306 4 4 17855
280 305 6 6 37854
279 304 8 8 65083
278 303 10 10 100449
277 302 12 12 149192
276 301 14 14 202129
275 300 16 16 263361
274 299 18 18 334035
281 306 4 4 1693
280 305 6 6 4462
279 304 8 8 7974
278 303 10 10 12842
277 302 12 12 18111
276 301 14 14 24807
275 300 16 16 34095
274 299 18 18 42112
281 306 4 4 183437
280 305 6 6 343629
279 304 8 8 553009
278 303 10 10 819925
277 302 12 12 1126955
276 301 14 14 1486993
275 300 16 16 1908043
274 299 18 18 2375397
281 306 4 4 216045
280 305 6 6 381205
279 304 8 8 590845
278 303 10 10 839025
277 302 12 12 1135803
276 301 14 14 1472654
275 300 16 16 1866674
274 299 18 18 2327783
281 306 4 4 217630
280 305 6 6 380228
279 304 8 8 595787
278 303 10 10 846540
277 302 12 12 1159446
276 301 14 14 1511496
275 300 16 16 1915952
274 299 18 18 2387329
281 306 4 4 221136
280 305 6 6 391980
279 304 8 8 599704
278 303 10 10 836210
277 302 12 12 1139879
276 301 14 14 1492802
275 300 16 16 1888646
274 299 18 18 2336435
281 306 4 4 225187
280 305 6 6 390360
279 304 8 8 591511
278 303 10 10 826208
277 302 12 12 1116316
276 301 14 14 1448446
275 300 16 16 1851175
274 299 18 18 2301367
281 306 4 4 208306
280 305 6 6 372653
279 304 8 8 575035
278 303 10 10 820784
277 302 12 12 1131795
276 301 14 14 1469718
275 300 16 16 1858614
274 299 18 18 2309012
281 306 4 4 224724
280 305 6 6 396581
279 304 8 8 592307
278 303 10 10 854190
277 302 12 12 1139661
276 301 14 14 1482877
275 300 16 16 1874084
274 299 18 18 2294643
281 306 4 4 217885
280 305 6 6 390741
279 304 8 8 598438
278 303 10 10 850587
277 302 12 12 1149299
276 301 14 14 1491059
275 300 16 16 1896267
274 299 18 18 2353608
281 306 4 4 224575
280 305 6 6 389955
279 304 8 8 594534
278 303 10 10 848439
277 302 12 12 1147423
276 301 14 14 1505578
275 300 16 16 1916146
274 299 18 18 2351875
281 306 4 4 226275
280 305 6 6 407200
279 304 8 8 610246
278 303 10 10 849113
277 302 12 12 1142196
276 301 14 14 1495732
275 300 16 16 1892558
274 299 18 18 2343065
281 306 4 4 216338
280 305 6 6 379057
279 304 8 8 571902
278 303 10 10 813031
277 302 12 12 1106898
276 301 14 14 1450150
275 300 16 16 1835255
274 299 18 18 2279568
281 306 4 4 220940
280 305 6 6 380801
279 304 8 8 577274
278 303 10 10 819070
277 302 12 12 1109446
276 301 14 14 1451672
275 300 16 16 1853489
274 299 18 18 2299142
281 306 4 4 220602
280 305 6 6 377333
279 304 8 8 580947
278 303 10 10 809106
277 302 12 12 1110041
276 301 14 14 1451642
275 300 16 16 1849614
274 299 18 18 2310174
281 306 4 4 222554
280 305 6 6 383354
279 304 8 8 564828
278 303 10 10 814905
277 302 12 12 1124675
276 301 14 14 1471204
275 300 16 16 1861639
274 299 18 18 2308763
281 306 4 4 216219
280 305 6 6 386390
279 304 8 8 571205
278 303 10 10 811413
277 302 12 12 1103457
276 301 14 14 1434684
275 300 16 16 1814597
274 299 18 18 2260233
281 306 4 4 216216
280 305 6 6 396606
279 304 8 8 583158
278 303 10 10 814537
277 302 12 12 1101027
276 301 14 14 1444582
275 300 16 16 1827580
274 299 18 18 2277189
281 306 4 4 208760
280 305 6 6 367238
279 304 8 8 564972
278 303 10 10 807633
277 302 12 12 1103917
276 301 14 14 1451533
275 300 16 16 1844557
274 299 18 18 2276627
281 306 4 4 213297
280 305 6 6 370713
279 304 8 8 574969
278 303 10 10 815168
277 302 12 12 1094660
276 301 14 14 1436074
275 300 16 16 1832713
274 299 18 18 2275270
281 306 4 4 221955
280 305 6 6 385205
279 304 8 8 578785
278 303 10 10 812250
277 302 12 12 1103107
276 301 14 14 1433319
275 300 16 16 1822324
274 299 18 18 2266928
281 306 4 4 230108
280 305 6 6 389350
279 304 8 8 575499
278 303 10 10 811749
277 302 12 12 1100029
276 301 14 14 1432604
275 300 16 16 1797372
274 299 18 18 2234300
281 306 4 4 219796
280 305 6 6 377716
279 304 8 8 570724
278 303 10 10 806302
277 302 12 12 1095278
276 301 14 14 1428823
275 300 16 16 1825519
274 299 18 18 2285162
281 306 4 4 211283
280 305 6 6 375836
279 304 8 8 580666
278 303 10 10 821338
277 302 12 12 1117218
276 301 14 14 1449968
275 300 16 16 1837057
274 299 18 18 2280750
281 306 4 4 222527
280 305 6 6 385527
279 304 8 8 588021
278 303 10 10 820968
277 302 12 12 1117550
276 301 14 14 1441077
275 300 16 16 1831902
274 299 18 18 2251195
281 306 4 4 217235
280 305 6 6 371825
279 304 8 8 579412
278 303 10 10 830350
277 302 12 12 1108941
276 301 14 14 1456100
275 300 16 16 1854987
274 299 18 18 2292277
281 306 4 4 214983
280 305 6 6 377656
279 304 8 8 583193
278 303 10 10 844789
277 302 12 12 1142317
276 301 14 14 1471597
275 300 16 16 1855792
274 299 18 18 2289414
281 306 4 4 214653
280 305 6 6 372987
279 304 8 8 572269
278 303 10 10 807720
277 302 12 12 1087575
276 301 14 14 1417024
275 300 16 16 1802635
274 299 18 18 2246445
281 306 4 4 205933
280 305 6 6 368748
279 304 8 8 577781
278 303 10 10 820138
277 302 12 12 1111436
276 301 14 14 1464823
275 300 16 16 1854392
274 299 18 18 2278333
281 306 4 4 204621
280 305 6 6 357013
279 304 8 8 556272
278 303 10 10 789512
277 302 12 12 1083605
276 301 14 14 1428025
275 300 16 16 1814838
274 299 18 18 2254801
281 306 4 4 201240
280 305 6 6 360330
279 304 8 8 562320
278 303 10 10 811988
277 302 12 12 1100256
276 301 14 14 1430462
275 300 16 16 1805173
274 299 18 18 2236487
281 306 4 4 203411
280 305 6 6 368053
279 304 8 8 561427
278 303 10 10 800522
277 302 12 12 1090858
276 301 14 14 1441915
275 300 16 16 1815273
274 299 18 18 2265811
281 306 4 4 211406
280 305 6 6 378793
279 304 8 8 572472
278 303 10 10 813231
277 302 12 12 1108770
276 301 14 14 1443571
275 300 16 16 1856617
274 299 18 18 2316376
281 306 4 4 202682
280 305 6 6 363028
279 304 8 8 558290
278 303 10 10 798691
277 302 12 12 1091760
276 301 14 14 1443867
275 300 16 16 1813005
274 299 18 18 2252055
281 306 4 4 212433
280 305 6 6 379520
279 304 8 8 578352
278 303 10 10 818584
277 302 12 12 1091161
276 301 14 14 1416413
275 300 16 16 1787254
274 299 18 18 2222960
281 306 4 4 208522
280 305 6 6 372732
279 304 8 8 566801
278 303 10 10 805433
277 302 12 12 1081969
276 301 14 14 1415798
275 300 16 16 1776720
274 299 18 18 2218923
281 306 4 4 219377
280 305 6 6 373815
279 304 8 8 573037
278 303 10 10 825808
277 302 12 12 1118945
276 301 14 14 1449851
275 300 16 16 1834255
274 299 18 18 2267796
281 306 4 4 212959
280 305 6 6 380278
279 304 8 8 575312
278 303 10 10 819100
277 302 12 12 1109531
276 301 14 14 1460055
275 300 16 16 1846333
274 299 18 18 2286749
281 306 4 4 222236
280 305 6 6 382180
279 304 8 8 590491
278 303 10 10 830712
277 302 12 12 1108273
276 301 14 14 1440936
275 300 16 16 1819303
274 299 18 18 2245651
281 306 4 4 214680
280 305 6 6 372462
279 304 8 8 587655
278 303 10 10 834754
277 302 12 12 1110990
276 301 14 14 1464999
275 300 16 16 1839806
274 299 18 18 2281582
281 306 4 4 216925
280 305 6 6 371717
279 304 8 8 564024
278 303 10 10 803119
277 302 12 12 1089667
276 301 14 14 1420211
275 300 16 16 1798782
274 299 18 18 2236965
281 306 4 4 214904
280 305 6 6 374432
279 304 8 8 570767
278 303 10 10 814232
277 302 12 12 1087177
276 301 14 14 1399499
275 300 16 16 1785314
274 299 18 18 2224030
281 306 4 4 219047
280 305 6 6 387395
279 304 8 8 573651
278 303 10 10 820054
277 302 12 12 1093633
276 301 14 14 1424569
275 300 16 16 1795529
274 299 18 18 2224794
281 306 4 4 226060
280 305 6 6 383152
279 304 8 8 579824
278 303 10 10 808232
277 302 12 12 1096174
276 301 14 14 1424885
275 300 16 16 1822827
274 299 18 18 2266955
281 306 4 4 228375
280 305 6 6 382827
279 304 8 8 586018
278 303 10 10 825341
277 302 12 12 1104579
276 301 14 14 1437080
275 300 16 16 1813909
274 299 18 18 2241762
281 306 4 4 223537
280 305 6 6 388603
279 304 8 8 591088
278 303 10 10 833382
277 302 12 12 1129616
276 301 14 14 1461231
275 300 16 16 1843086
274 299 18 18 2270760
281 306 4 4 209209
280 305 6 6 373421
279 304 8 8 577512
278 303 10 10 807542
277 302 12 12 1085294
276 301 14 14 1418618
275 300 16 16 1812114
274 299 18 18 2246304
281 306 4 4 210550
280 305 6 6 375382
279 304 8 8 572937
278 303 10 10 796207
277 302 12 12 1074584
276 301 14 14 1402473
275 300 16 16 1777997
274 299 18 18 2198540
281 306 4 4 207646
280 305 6 6 368604
279 304 8 8 559207
278 303 10 10 794536
277 302 12 12 1066038
276 301 14 14 1392829
275 300 16 16 1778706
274 299 18 18 2228451
281 306 4 4 219494
280 305 6 6 376862
279 304 8 8 569530
278 303 10 10 803375
277 302 12 12 1098034
276 301 14 14 1420605
275 300 16 16 1811867
274 299 18 18 2237078
281 306 4 4 216971
280 305 6 6 362503
279 304 8 8 559683
278 303 10 10 791683
277 302 12 12 1076510
276 301 14 14 1393788
275 300 16 16 1771233
274 299 18 18 2201630
281 306 4 4 207634
280 305 6 6 381070
279 304 8 8 576896
278 303 10 10 822232
277 302 12 12 1096334
276 301 14 14 1433163
275 300 16 16 1829785
274 299 18 18 2294836
281 306 4 4 215166
280 305 6 6 382766
279 304 8 8 574773
278 303 10 10 826807
277 302 12 12 1102090
276 301 14 14 1436861
275 300 16 16 1833679
274 299 18 18 2260980
281 306 4 4 205746
280 305 6 6 365951
279 304 8 8 566907
278 303 10 10 807625
277 302 12 12 1081151
276 301 14 14 1417583
275 300 16 16 1811685
274 299 18 18 2254541
281 306 4 4 205113
280 305 6 6 376709
279 304 8 8 562510
278 303 10 10 800845
277 302 12 12 1072577
276 301 14 14 1400590
275 300 16 16 1780053
274 299 18 18 2207649
281 306 4 4 225839
280 305 6 6 390857
279 304 8 8 590960
278 303 10 10 833653
277 302 12 12 1107782
276 301 14 14 1458568
275 300 16 16 1850365
274 299 18 18 2290865
281 306 4 4 210805
280 305 6 6 382625
279 304 8 8 573590
278 303 10 10 810907
277 302 12 12 1094504
276 301 14 14 1429039
275 300 16 16 1834554
274 299 18 18 2280167
281 306 4 4 215409
280 305 6 6 372961
279 304 8 8 574670
278 303 10 10 803786
277 302 12 12 1084175
276 301 14 14 1414186
275 300 16 16 1788462
274 299 18 18 2214296
281 306 4 4 213846
280 305 6 6 376778
279 304 8 8 565053
278 303 10 10 796764
277 302 12 12 1081634
276 301 14 14 1404081
275 300 16 16 1781712
274 299 18 18 2222963
281 306 4 4 217646
280 305 6 6 373138
279 304 8 8 571315
278 303 10 10 812774
277 302 12 12 1105010
276 301 14 14 1427577
275 300 16 16 1811790
274 299 18 18 2240382
281 306 4 4 212556
280 305 6 6 378598
279 304 8 8 580782
278 303 10 10 821720
277 302 12 12 1102855
276 301 14 14 1444779
275 300 16 16 1849514
274 299 18 18 2276323
281 306 4 4 230665
280 305 6 6 399224
279 304 8 8 597697
278 303 10 10 838025
277 302 12 12 1126878
276 301 14 14 1467054
275 300 16 16 1860614
274 299 18 18 2277132
281 306 4 4 215602
280 305 6 6 378421
279 304 8 8 579111
278 303 10 10 815386
277 302 12 12 1084360
276 301 14 14 1420015
275 300 16 16 1811153
274 299 18 18 2258504
281 306 4 4 216671
280 305 6 6 367034
279 304 8 8 569783
278 303 10 10 793609
277 302 12 12 1085738
276 301 14 14 1409563
275 300 16 16 1795985
274 299 18 18 2234378
281 306 4 4 227946
280 305 6 6 408472
279 304 8 8 605756
278 303 10 10 843748
277 302 12 12 1107410
276 301 14 14 1451110
275 300 16 16 1836670
274 299 18 18 2263771
281 306 4 4 209115
280 305 6 6 371905
279 304 8 8 568132
278 303 10 10 808157
277 302 12 12 1081037
276 301 14 14 1404863
275 300 16 16 1789074
274 299 18 18 2217241
281 306 4 4 217283
280 305 6 6 373802
279 304 8 8 572319
278 303 10 10 800129
277 302 12 12 1071928
276 301 14 14 1404865
275 300 16 16 1780721
274 299 18 18 2201999
281 306 4 4 201632
280 305 6 6 368810
279 304 8 8 564277
278 303 10 10 792416
277 302 12 12 1074289
276 301 14 14 1398636
275 300 16 16 1775204
274 299 18 18 2226547
281 306 4 4 215672
280 305 6 6 374172
279 304 8 8 560809
278 303 10 10 806272
277 302 12 12 1087807
276 301 14 14 1415715
275 300 16 16 1775855
274 299 18 18 2208644
281 306 4 4 213010
280 305 6 6 373965
279 304 8 8 568039
278 303 10 10 811007
277 302 12 12 1086409
276 301 14 14 1419109
275 300 16 16 1805250
274 299 18 18 2229843
281 306 4 4 208578
280 305 6 6 374561
279 304 8 8 570712
278 303 10 10 815747
277 302 12 12 1101267
276 301 14 14 1433114
275 300 16 16 1810960
274 299 18 18 2255257
281 306 4 4 223271
280 305 6 6 380938
279 304 8 8 564970
278 303 10 10 796702
277 302 12 12 1082490
276 301 14 14 1423400
275 300 16 16 1791793
274 299 18 18 2234095
281 306 4 4 238741
280 305 6 6 404847
279 304 8 8 594625
278 303 10 10 833226
277 302 12 12 1120847
276 301 14 14 1444275
275 300 16 16 1792743
274 299 18 18 2217232
281 306 4 4 210787
280 305 6 6 363856
279 304 8 8 543147
278 303 10 10 776499
277 302 12 12 1054669
276 301 14 14 1388466
275 300 16 16 1755192
274 299 18 18 2178512
281 306 4 4 213583
280 305 6 6 370071
279 304 8 8 557734
278 303 10 10 779158
277 302 12 12 1058958
276 301 14 14 1394279
275 300 16 16 1771254
274 299 18 18 2211821
281 306 4 4 219417
280 305 6 6 385828
279 304 8 8 590501
278 303 10 10 826443
277 302 12 12 1111128
276 301 14 14 1433962
275 300 16 16 1812485
274 299 18 18 2243231
281 306 4 4 205296
280 305 6 6 374590
279 304 8 8 576682
278 303 10 10 809555
277 302 12 12 1103652
276 301 14 14 1416748
275 300 16 16 1784901
274 299 18 18 2208985
281 306 4 4 213761
280 305 6 6 374015
279 304 8 8 576240
278 303 10 10 803115
277 302 12 12 1095068
276 301 14 14 1417777
275 300 16 16 1778837
274 299 18 18 2192831
281 306 4 4 213174
280 305 6 6 369510
279 304 8 8 555524
278 303 10 10 794227
277 302 12 12 1068115
276 301 14 14 1400291
275 300 16 16 1772609
274 299 18 18 2211059
281 306 4 4 209053
280 305 6 6 375552
279 304 8 8 553122
278 303 10 10 790697
277 302 12 12 1077679
276 301 14 14 1403417
275 300 16 16 1784758
274 299 18 18 2224902
281 306 4 4 214328
280 305 6 6 378927
279 304 8 8 567004
278 303 10 10 815327
277 302 12 12 1110366
276 301 14 14 1445241
275 300 16 16 1826598
274 299 18 18 2247676
281 306 4 4 222696
280 305 6 6 372270
279 304 8 8 561152
278 303 10 10 790714
277 302 12 12 1079516
276 301 14 14 1409152
275 300 16 16 1778477
274 299 18 18 2232401
281 306 4 4 210604
280 305 6 6 365088
279 304 8 8 551102
278 303 10 10 792402
277 302 12 12 1070807
276 301 14 14 1402861
275 300 16 16 1792401
274 299 18 18 2209847
281 306 4 4 215360
280 305 6 6 366487
279 304 8 8 552873
278 303 10 10 792877
277 302 12 12 1075942
276 301 14 14 1390545
275 300 16 16 1759724
274 299 18 18 2172167
281 306 4 4 211429
280 305 6 6 365253
279 304 8 8 554134
278 303 10 10 792819
277 302 12 12 1077853
276 301 14 14 1410918
275 300 16 16 1780209
274 299 18 18 2198352
281 306 4 4 220083
280 305 6 6 378556
279 304 8 8 567108
278 303 10 10 805922
277 302 12 12 1072235
276 301 14 14 1398794
275 300 16 16 1765204
274 299 18 18 2193965
281 306 4 4 195720
280 305 6 6 357844
279 304 8 8 548898
278 303 10 10 776711
277 302 12 12 1069318
276 301 14 14 1397281
275 300 16 16 1781238
274 299 18 18 2215052
281 306 4 4 221486
280 305 6 6 392635
279 304 8 8 581876
278 303 10 10 816949
277 302 12 12 1108550
276 301 14 14 1430001
275 300 16 16 1799100
274 299 18 18 2246134
281 306 4 4 213329
280 305 6 6 368256
279 304 8 8 542251
278 303 10 10 761926
277 302 12 12 1039941
276 301 14 14 1371425
275 300 16 16 1749381
274 299 18 18 2187815
281 306 4 4 207390
280 305 6 6 364457
279 304 8 8 571447
278 303 10 10 799499
277 302 12 12 1080096
276 301 14 14 1404720
275 300 16 16 1788999
274 299 18 18 2228553
281 306 4 4 203827
280 305 6 6 379897
279 304 8 8 568785
278 303 10 10 811212
277 302 12 12 1099985
276 301 14 14 1427443
275 300 16 16 1812784
274 299 18 18 2220657
281 306 4 4 207566
280 305 6 6 361022
279 304 8 8 558018
278 303 10 10 817223
277 302 12 12 1095988
276 301 14 14 1419399
275 300 16 16 1790044
274 299 18 18 2220758
281 306 4 4 208027
280 305 6 6 371813
279 304 8 8 557175
278 303 10 10 782745
277 302 12 12 1069919
276 301 14 14 1396329
275 300 16 16 1791861
274 299 18 18 2234449
281 306 4 4 213596
280 305 6 6 384287
279 304 8 8 564502
278 303 10 10 807296
277 302 12 12 1096027
276 301 14 14 1422702
275 300 16 16 1803795
274 299 18 18 2233046
281 306 4 4 203812
280 305 6 6 373645
279 304 8 8 557527
278 303 10 10 798870
277 302 12 12 1060247
276 301 14 14 1398756
275 300 16 16 1771460
274 299 18 18 2194720
281 306 4 4 205713
280 305 6 6 358499
279 304 8 8 566533
278 303 10 10 812713
277 302 12 12 1083269
276 301 14 14 1414635
275 300 16 16 1790475
274 299 18 18 2223235
281 306 4 4 232606
280 305 6 6 396454
279 304 8 8 595315
278 303 10 10 828340
277 302 12 12 1112684
276 301 14 14 1441237
275 300 16 16 1812626
274 299 18 18 2251922
281 306 4 4 206532
280 305 6 6 357417
279 304 8 8 548040
278 303 10 10 767478
277 302 12 12 1030397
276 301 14 14 1352705
275 300 16 16 1724469
274 299 18 18 2144533
281 306 4 4 206028
280 305 6 6 360358
279 304 8 8 551356
278 303 10 10 772764
277 302 12 12 1046188
276 301 14 14 1391049
275 300 16 16 1761933
274 299 18 18 2186605
281 306 4 4 211441
280 305 6 6 367903
279 304 8 8 560823
278 303 10 10 811381
277 302 12 12 1090567
276 301 14 14 1422162
275 300 16 16 1792675
274 299 18 18 2236965
281 306 4 4 207891
280 305 6 6 368963
279 304 8 8 559968
278 303 10 10 791356
277 302 12 12 1059988
276 301 14 14 1367682
275 300 16 16 1754508
274 299 18 18 2201862
281 306 4 4 215218
280 305 6 6 381260
279 304 8 8 577043
278 303 10 10 817494
277 302 12 12 1102562
276 301 14 14 1416322
275 300 16 16 1779409
274 299 18 18 2201228
281 306 4 4 216367
280 305 6 6 389462
279 304 8 8 578261
278 303 10 10 810257
277 302 12 12 1107964
276 301 14 14 1434718
275 300 16 16 1809484
274 299 18 18 2251490
281 306 4 4 223952
280 305 6 6 379621
279 304 8 8 575409
278 303 10 10 815689
277 302 12 12 1095863
276 301 14 14 1409924
275 300 16 16 1779309
274 299 18 18 2195943
281 306 4 4 211390
280 305 6 6 376828
279 304 8 8 568514
278 303 10 10 806329
277 302 12 12 1083470
276 301 14 14 1417465
275 300 16 16 1792895
274 299 18 18 2239897
281 306 4 4 213061
280 305 6 6 360718
279 304 8 8 555435
278 303 10 10 795910
277 302 12 12 1081265
276 301 14 14 1412353
275 300 16 16 1785026
274 299 18 18 2214649
281 306 4 4 223377
280 305 6 6 393422
279 304 8 8 576284
278 303 10 10 824251
277 302 12 12 1118238
276 301 14 14 1441577
275 300 16 16 1809737
274 299 18 18 2255476
281 306 4 4 222549
280 305 6 6 372221
279 304 8 8 547965
278 303 10 10 777775
277 302 12 12 1051374
276 301 14 14 1370591
275 300 16 16 1747168
274 299 18 18 2169707
281 306 4 4 225409
280 305 6 6 385498
279 304 8 8 574219
278 303 10 10 810453
277 302 12 12 1094737
276 301 14 14 1432240
275 300 16 16 1811851
274 299 18 18 2239722
281 306 4 4 224100
280 305 6 6 383795
279 304 8 8 561642
278 303 10 10 793330
277 302 12 12 1073263
276 301 14 14 1410805
275 300 16 16 1797199
274 299 18 18 2229419
281 306 4 4 225555
280 305 6 6 385466
279 304 8 8 582799
278 303 10 10 814377
277 302 12 12 1101543
276 301 14 14 1435218
275 300 16 16 1816503
274 299 18 18 2242283
281 306 4 4 210409
280 305 6 6 369542
279 304 8 8 564084
278 303 10 10 808192
277 302 12 12 1090086
276 301 14 14 1411671
275 300 16 16 1795667
274 299 18 18 2224321
281 306 4 4 219653
280 305 6 6 381952
279 304 8 8 582958
278 303 10 10 819312
277 302 12 12 1110365
276 301 14 14 1438524
275 300 16 16 1812097
274 299 18 18 2240794
281 306 4 4 208851
280 305 6 6 371303
279 304 8 8 550223
278 303 10 10 777874
277 302 12 12 1051252
276 301 14 14 1374194
275 300 16 16 1755083
274 299 18 18 2166693
281 306 4 4 210493
280 305 6 6 368494
279 304 8 8 556018
278 303 10 10 796260
277 302 12 12 1078053
276 301 14 14 1399349
275 300 16 16 1785079
274 299 18 18 2192365
281 306 4 4 211408
280 305 6 6 371911
279 304 8 8 556951
278 303 10 10 782774
277 302 12 12 1063777
276 301 14 14 1392188
275 300 16 16 1771429
274 299 18 18 2196822
281 306 4 4 214926
280 305 6 6 379894
279 304 8 8 577030
278 303 10 10 816461
277 302 12 12 1099320
276 301 14 14 1434883
275 300 16 16 1820096
274 299 18 18 2250121
281 306 4 4 219026
280 305 6 6 386349
279 304 8 8 584120
278 303 10 10 825946
277 302 12 12 1102343
276 301 14 14 1433000
275 300 16 16 1819841
274 299 18 18 2243910
281 306 4 4 214325
280 305 6 6 376985
279 304 8 8 565578
278 303 10 10 792398
277 302 12 12 1066797
276 301 14 14 1403068
275 300 16 16 1760761
274 299 18 18 2177263
281 306 4 4 199712
280 305 6 6 359981
279 304 8 8 540118
278 303 10 10 766843
277 302 12 12 1045119
276 301 14 14 1370789
275 300 16 16 1765088
274 299 18 18 2194120
281 306 4 4 212649
280 305 6 6 379175
279 304 8 8 575028
278 303 10 10 811523
277 302 12 12 1084462
276 301 14 14 1417131
275 300 16 16 1782571
274 299 18 18 2203587
281 306 4 4 207436
280 305 6 6 367740
279 304 8 8 549885
278 303 10 10 794428
277 302 12 12 1089576
276 301 14 14 1426084
275 300 16 16 1810815
274 299 18 18 2252485
281 306 4 4 204327
280 305 6 6 365983
279 304 8 8 562763
278 303 10 10 782972
277 302 12 12 1057982
276 301 14 14 1389175
275 300 16 16 1761772
274 299 18 18 2197114
281 306 4 4 217688
280 305 6 6 370891
279 304 8 8 570722
278 303 10 10 809921
277 302 12 12 1086782
276 301 14 14 1412452
275 300 16 16 1774941
274 299 18 18 2186329
281 306 4 4 213844
280 305 6 6 361766
279 304 8 8 558811
278 303 10 10 778323
277 302 12 12 1069116
276 301 14 14 1374840
275 300 16 16 1760123
274 299 18 18 2181948
281 306 4 4 210317
280 305 6 6 379417
279 304 8 8 562074
278 303 10 10 797129
277 302 12 12 1073359
276 301 14 14 1384474
275 300 16 16 1773764
274 299 18 18 2196931
281 306 4 4 213126
280 305 6 6 367263
279 304 8 8 546907
278 303 10 10 794768
277 302 12 12 1080536
276 301 14 14 1405037
275 300 16 16 1780959
274 299 18 18 2216516
281 306 4 4 212979
280 305 6 6 374633
279 304 8 8 563618
278 303 10 10 791790
277 302 12 12 1064053
276 301 14 14 1389275
275 300 16 16 1766767
274 299 18 18 2189614
281 306 4 4 221653
280 305 6 6 377518
279 304 8 8 568744
278 303 10 10 809843
277 302 12 12 1078492
276 301 14 14 1391814
275 300 16 16 1775074
274 299 18 18 2189716
281 306 4 4 205376
280 305 6 6 376766
279 304 8 8 567241
278 303 10 10 787954
277 302 12 12 1068035
276 301 14 14 1390210
275 300 16 16 1777214
274 299 18 18 2193831
281 306 4 4 213796
280 305 6 6 371209
279 304 8 8 540734
278 303 10 10 781580
277 302 12 12 1063837
276 301 14 14 1390613
275 300 16 16 1762784
274 299 18 18 2189844
281 306 4 4 221540
280 305 6 6 385884
279 304 8 8 571663
278 303 10 10 805836
277 302 12 12 1089719
276 301 14 14 1419109
275 300 16 16 1803449
274 299 18 18 2239217
281 306 4 4 212860
280 305 6 6 365109
279 304 8 8 556486
278 303 10 10 778309
277 302 12 12 1062535
276 301 14 14 1391855
275 300 16 16 1755358
274 299 18 18 2201376
281 306 4 4 216247
280 305 6 6 374260
279 304 8 8 573361
278 303 10 10 801480
277 302 12 12 1078818
276 301 14 14 1424945
275 300 16 16 1801907
274 299 18 18 2221900
281 306 4 4 216444
280 305 6 6 376856
279 304 8 8 560212
278 303 10 10 792185
277 302 12 12 1079362
276 301 14 14 1390563
275 300 16 16 1772267
274 299 18 18 2193625
281 306 4 4 219812
280 305 6 6 370611
279 304 8 8 559728
278 303 10 10 788732
277 302 12 12 1058179
276 301 14 14 1387304
275 300 16 16 1768405
274 299 18 18 2196727
281 306 4 4 230958
280 305 6 6 392679
279 304 8 8 580468
278 303 10 10 821293
277 302 12 12 1105901
276 301 14 14 1428810
275 300 16 16 1801104
274 299 18 18 2221924
281 306 4 4 213687
280 305 6 6 367666
279 304 8 8 558284
278 303 10 10 785125
277 302 12 12 1069027
276 301 14 14 1392464
275 300 16 16 1770688
274 299 18 18 2210994
281 306 4 4 213462
280 305 6 6 373467
279 304 8 8 562327
278 303 10 10 792930
277 302 12 12 1067694
276 301 14 14 1384361
275 300 16 16 1760042
274 299 18 18 2182017
281 306 4 4 215855
280 305 6 6 371380
279 304 8 8 574243
278 303 10 10 813091
277 302 12 12 1095663
276 301 14 14 1416550
275 300 16 16 1796960
274 299 18 18 2225255
281 306 4 4 223826
280 305 6 6 389442
279 304 8 8 580955
278 303 10 10 795218
277 302 12 12 1059370
276 301 14 14 1388428
275 300 16 16 1776077
274 299 18 18 2200432
281 306 4 4 213601
280 305 6 6 364797
279 304 8 8 545756
278 303 10 10 793300
277 302 12 12 1077955
276 301 14 14 1410703
275 300 16 16 1783749
274 299 18 18 2218857
281 306 4 4 210244
280 305 6 6 368667
279 304 8 8 561867
278 303 10 10 807259
277 302 12 12 1093930
276 301 14 14 1409543
275 300 16 16 1778241
274 299 18 18 2206188
281 306 4 4 222524
280 305 6 6 379589
279 304 8 8 577038
278 303 10 10 797890
277 302 12 12 1075366
276 301 14 14 1396587
275 300 16 16 1764145
274 299 18 18 2199063
281 306 4 4 209432
280 305 6 6 371574
279 304 8 8 561799
278 303 10 10 796622
277 302 12 12 1094807
276 301 14 14 1417174
275 300 16 16 1806436
274 299 18 18 2232850
281 306 4 4 200313
280 305 6 6 358067
279 304 8 8 545847
278 303 10 10 777081
277 302 12 12 1057503
276 301 14 14 1383848
275 300 16 16 1758095
274 299 18 18 2188392
281 306 4 4 214084
280 305 6 6 382169
279 304 8 8 568977
278 303 10 10 807210
277 302 12 12 1084841
276 301 14 14 1407714
275 300 16 16 1788854
274 299 18 18 2215453
281 306 4 4 202346
280 305 6 6 375827
279 304 8 8 556372
278 303 10 10 792299
277 302 12 12 1066067
276 301 14 14 1384905
275 300 16 16 1749347
274 299 18 18 2184358
281 306 4 4 210955
280 305 6 6 363972
279 304 8 8 560135
278 303 10 10 793269
277 302 12 12 1076108
276 301 14 14 1398781
275 300 16 16 1759030
274 299 18 18 2155698
281 306 4 4 202914
280 305 6 6 366748
279 304 8 8 550054
278 303 10 10 789407
277 302 12 12 1058444
276 301 14 14 1372810
275 300 16 16 1750163
274 299 18 18 2167242
281 306 4 4 218574
280 305 6 6 374587
279 304 8 8 550578
278 303 10 10 784423
277 302 12 12 1060025
276 301 14 14 1384458
275 300 16 16 1762983
274 299 18 18 2213246
281 306 4 4 211363
280 305 6 6 372302
279 304 8 8 577008
278 303 10 10 815693
277 302 12 12 1092391
276 301 14 14 1415400
275 300 16 16 1781457
274 299 18 18 2204360
281 306 4 4 212043
280 305 6 6 372281
279 304 8 8 571927
278 303 10 10 812291
277 302 12 12 1083723
276 301 14 14 1403419
275 300 16 16 1770350
274 299 18 18 2197389
281 306 4 4 224437
280 305 6 6 379240
279 304 8 8 573380
278 303 10 10 811597
277 302 12 12 1088815
276 301 14 14 1414590
275 300 16 16 1776173
274 299 18 18 2212514
281 306 4 4 215849
280 305 6 6 376146
279 304 8 8 556041
278 303 10 10 790612
277 302 12 12 1076537
276 301 14 14 1403537
275 300 16 16 1790074
274 299 18 18 2214161
281 306 4 4 215757
280 305 6 6 376197
279 304 8 8 576089
278 303 10 10 819894
277 302 12 12 1106462
276 301 14 14 1419822
275 300 16 16 1795893
274 299 18 18 2227193
281 306 4 4 213192
280 305 6 6 365307
279 304 8 8 552169
278 303 10 10 780742
277 302 12 12 1064999
276 301 14 14 1373647
275 300 16 16 1743635
274 299 18 18 2159386
281 306 4 4 212435
280 305 6 6 376710
279 304 8 8 566330
278 303 10 10 791618
277 302 12 12 1087774
276 301 14 14 1412788
275 300 16 16 1799384
274 299 18 18 2229383
281 306 4 4 208074
280 305 6 6 363057
279 304 8 8 548404
278 303 10 10 804620
277 302 12 12 1093067
276 301 14 14 1410633
275 300 16 16 1797356
274 299 18 18 2218034
281 306 4 4 218396
280 305 6 6 370252
279 304 8 8 559887
278 303 10 10 793033
277 302 12 12 1059556
276 301 14 14 1399261
275 300 16 16 1765386
274 299 18 18 2173362
281 306 4 4 215460
280 305 6 6 374808
279 304 8 8 553720
278 303 10 10 783375
277 302 12 12 1071928
276 301 14 14 1404473
275 300 16 16 1763338
274 299 18 18 2171389
281 306 4 4 205517
280 305 6 6 354858
279 304 8 8 546662
278 303 10 10 787532
277 302 12 12 1054216
276 301 14 14 1360708
275 300 16 16 1728129
274 299 18 18 2154862
281 306 4 4 211747
280 305 6 6 379602
279 304 8 8 548296
278 303 10 10 788258
277 302 12 12 1071839
276 301 14 14 1403427
275 300 16 16 1772932
274 299 18 18 2189206
281 306 4 4 199007
280 305 6 6 350855
279 304 8 8 529496
278 303 10 10 761941
277 302 12 12 1038620
276 301 14 14 1360380
275 300 16 16 1718511
274 299 18 18 2141593
281 306 4 4 214334
280 305 6 6 371521
279 304 8 8 558305
278 303 10 10 791009
277 302 12 12 1070380
276 301 14 14 1415382
275 300 16 16 1786018
274 299 18 18 2209470
281 306 4 4 219661
280 305 6 6 375787
279 304 8 8 560750
278 303 10 10 796943
277 302 12 12 1076418
276 301 14 14 1392824
275 300 16 16 1772818
274 299 18 18 2219761
281 306 4 4 208144
280 305 6 6 362184
279 304 8 8 557938
278 303 10 10 767691
277 302 12 12 1035195
276 301 14 14 1368531
275 300 16 16 1745325
274 299 18 18 2172599
281 306 4 4 231301
280 305 6 6 390655
279 304 8 8 567057
278 303 10 10 798021
277 302 12 12 1079006
276 301 14 14 1393523
275 300 16 16 1766804
274 299 18 18 2200728
281 306 4 4 206653
280 305 6 6 361139
279 304 8 8 544411
278 303 10 10 770227
277 302 12 12 1054331
276 301 14 14 1389083
275 300 16 16 1766978
274 299 18 18 2210050
281 306 4 4 222480
280 305 6 6 379173
279 304 8 8 562483
278 303 10 10 803279
277 302 12 12 1093793
276 301 14 14 1409824
275 300 16 16 1768924
274 299 18 18 2184375
281 306 4 4 201798
280 305 6 6 365696
279 304 8 8 550394
278 303 10 10 804051
277 302 12 12 1083954
276 301 14 14 1415350
275 300 16 16 1783406
274 299 18 18 2196286
281 306 4 4 215216
280 305 6 6 380424
279 304 8 8 552939
278 303 10 10 776537
277 302 12 12 1052679
276 301 14 14 1373774
275 300 16 16 1746928
274 299 18 18 2157892
281 306 4 4 211562
280 305 6 6 353625
279 304 8 8 529632
278 303 10 10 755159
277 302 12 12 1035618
276 301 14 14 1340756
275 300 16 16 1724531
274 299 18 18 2145440
281 306 4 4 222809
280 305 6 6 373595
279 304 8 8 556866
278 303 10 10 798373
277 302 12 12 1074676
276 301 14 14 1406906
275 300 16 16 1781775
274 299 18 18 2209280
281 306 4 4 209568
280 305 6 6 365338
279 304 8 8 541137
278 303 10 10 775104
277 302 12 12 1054138
276 301 14 14 1372909
275 300 16 16 1736295
274 299 18 18 2154243
281 306 4 4 215859
280 305 6 6 378694
279 304 8 8 563100
278 303 10 10 807229
277 302 12 12 1078321
276 301 14 14 1402304
275 300 16 16 1765677
274 299 18 18 2188338
281 306 4 4 209353
280 305 6 6 373970
279 304 8 8 551136
278 303 10 10 791273
277 302 12 12 1066690
276 301 14 14 1400844
275 300 16 16 1781603
274 299 18 18 2207556
281 306 4 4 206657
280 305 6 6 358435
279 304 8 8 546892
278 303 10 10 777427
277 302 12 12 1058791
276 301 14 14 1386241
275 300 16 16 1754083
274 299 18 18 2180284
281 306 4 4 211974
280 305 6 6 374596
279 304 8 8 557536
278 303 10 10 792625
277 302 12 12 1061182
276 301 14 14 1392928
275 300 16 16 1770127
274 299 18 18 2176799
281 306 4 4 213970
280 305 6 6 374122
279 304 8 8 566721
278 303 10 10 805172
277 302 12 12 1085820
276 301 14 14 1418402
275 300 16 16 1787542
274 299 18 18 2193178
281 306 4 4 217935
280 305 6 6 367371
279 304 8 8 549348
278 303 10 10 773535
277 302 12 12 1042472
276 301 14 14 1362334
275 300 16 16 1736329
274 299 18 18 2139062
281 306 4 4 210576
280 305 6 6 358745
279 304 8 8 552702
278 303 10 10 795230
277 302 12 12 1074137
276 301 14 14 1406077
275 300 16 16 1789928
274 299 18 18 2214775
281 306 4 4 211954
280 305 6 6 362562
279 304 8 8 558371
278 303 10 10 767988
277 302 12 12 1038096
276 301 14 14 1354993
275 300 16 16 1730282
274 299 18 18 2157175
281 306 4 4 218399
280 305 6 6 387018
279 304 8 8 570046
278 303 10 10 800950
277 302 12 12 1069930
276 301 14 14 1392007
275 300 16 16 1769232
274 299 18 18 2196182
281 306 4 4 206135
280 305 6 6 366669
279 304 8 8 562223
278 303 10 10 803461
277 302 12 12 1077115
276 301 14 14 1408267
275 300 16 16 1789222
274 299 18 18 2233022
281 306 4 4 222678
280 305 6 6 371887
279 304 8 8 557953
278 303 10 10 779805
277 302 12 12 1071667
276 301 14 14 1384881
275 300 16 16 1758528
274 299 18 18 2179844
281 306 4 4 214699
280 305 6 6 369368
279 304 8 8 565343
278 303 10 10 804618
277 302 12 12 1079284
276 301 14 14 1409163
275 300 16 16 1783398
274 299 18 18 2206702
281 306 4 4 215357
280 305 6 6 365391
279 304 8 8 554865
278 303 10 10 794250
277 302 12 12 1062618
276 301 14 14 1417937
275 300 16 16 1792581
274 299 18 18 2224282
281 306 4 4 219058
280 305 6 6 374401
279 304 8 8 556882
278 303 10 10 796594
277 302 12 12 1084595
276 301 14 14 1426321
275 300 16 16 1800868
274 299 18 18 2216416
281 306 4 4 224124
280 305 6 6 375005
279 304 8 8 567034
278 303 10 10 804774
277 302 12 12 1093037
276 301 14 14 1415406
275 300 16 16 1777382
274 299 18 18 2202537
281 306 4 4 211371
280 305 6 6 367645
279 304 8 8 561411
278 303 10 10 804143
277 302 12 12 1084702
276 301 14 14 1393883
275 300 16 16 1765725
274 299 18 18 2178968
281 306 4 4 201605
280 305 6 6 358459
279 304 8 8 543596
278 303 10 10 776216
277 302 12 12 1051216
276 301 14 14 1376505
275 300 16 16 1760955
274 299 18 18 2183702
281 306 4 4 229187
280 305 6 6 391313
279 304 8 8 572682
278 303 10 10 809394
277 302 12 12 1100514
276 301 14 14 1428446
275 300 16 16 1787825
274 299 18 18 2200747
281 306 4 4 207595
280 305 6 6 359668
279 304 8 8 556359
278 303 10 10 793133
277 302 12 12 1061010
276 301 14 14 1379198
275 300 16 16 1750524
274 299 18 18 2191555
281 306 4 4 220899
280 305 6 6 376480
279 304 8 8 567319
278 303 10 10 796875
277 302 12 12 1082333
276 301 14 14 1421083
275 300 16 16 1796307
274 299 18 18 2226441
281 306 4 4 215347
280 305 6 6 364123
279 304 8 8 548559
278 303 10 10 793775
277 302 12 12 1074105
276 301 14 14 1417627
275 300 16 16 1805264
274 299 18 18 2212593
281 306 4 4 208903
280 305 6 6 374705
279 304 8 8 561106
278 303 10 10 781911
277 302 12 12 1074867
276 301 14 14 1421104
275 300 16 16 1784296
274 299 18 18 2214724
281 306 4 4 209796
280 305 6 6 372664
279 304 8 8 547584
278 303 10 10 784476
277 302 12 12 1061344
276 301 14 14 1394805
275 300 16 16 1757174
274 299 18 18 2178466
281 306 4 4 215001
280 305 6 6 368312
279 304 8 8 564970
278 303 10 10 795876
277 302 12 12 1067762
276 301 14 14 1399058
275 300 16 16 1791154
274 299 18 18 2211852
281 306 4 4 209019
280 305 6 6 362182
279 304 8 8 548135
278 303 10 10 781889
277 302 12 12 1064671
276 301 14 14 1405302
275 300 16 16 1790849
274 299 18 18 2209258
281 306 4 4 222458
280 305 6 6 390004
279 304 8 8 575943
278 303 10 10 807412
277 302 12 12 1085535
276 301 14 14 1412842
275 300 16 16 1809812
274 299 18 18 2230778
281 306 4 4 228513
280 305 6 6 396887
279 304 8 8 588368
278 303 10 10 822241
277 302 12 12 1097573
276 301 14 14 1419608
275 300 16 16 1771034
274 299 18 18 2198691
281 306 4 4 219612
280 305 6 6 375361
279 304 8 8 571370
278 303 10 10 814599
277 302 12 12 1074765
276 301 14 14 1416863
275 300 16 16 1789428
274 299 18 18 2208354
281 306 4 4 221697
280 305 6 6 367583
279 304 8 8 556679
278 303 10 10 782785
277 302 12 12 1060223
276 301 14 14 1370207
275 300 16 16 1743439
274 299 18 18 2194847
281 306 4 4 225164
280 305 6 6 379935
279 304 8 8 567467
278 303 10 10 801747
277 302 12 12 1101576
276 301 14 14 1439619
275 300 16 16 1812502
274 299 18 18 2247018
281 306 4 4 220339
280 305 6 6 382738
279 304 8 8 569620
278 303 10 10 793138
277 302 12 12 1067656
276 301 14 14 1390346
275 300 16 16 1753095
274 299 18 18 2186708
281 306 4 4 225159
280 305 6 6 375090
279 304 8 8 571533
278 303 10 10 822134
277 302 12 12 1101106
276 301 14 14 1423929
275 300 16 16 1802415
274 299 18 18 2254708
281 306 4 4 205314
280 305 6 6 364750
279 304 8 8 558598
278 303 10 10 786960
277 302 12 12 1070064
276 301 14 14 1400344
275 300 16 16 1780439
274 299 18 18 2211868
281 306 4 4 227914
280 305 6 6 385830
279 304 8 8 579366
278 303 10 10 821875
277 302 12 12 1096721
276 301 14 14 1418953
275 300 16 16 1794098
274 299 18 18 2219391
281 306 4 4 210395
280 305 6 6 364888
279 304 8 8 548870
278 303 10 10 784730
277 302 12 12 1065833
276 301 14 14 1398514
275 300 16 16 1783788
274 299 18 18 2189869
281 306 4 4 212735
280 305 6 6 369210
279 304 8 8 569011
278 303 10 10 805394
277 302 12 12 1078231
276 301 14 14 1403027
275 300 16 16 1795962
274 299 18 18 2217222
281 306 4 4 228613
280 305 6 6 390696
279 304 8 8 586199
278 303 10 10 817852
277 302 12 12 1096841
276 301 14 14 1432373
275 300 16 16 1813317
274 299 18 18 2220281
281 306 4 4 229711
280 305 6 6 378462
279 304 8 8 562180
278 303 10 10 800754
277 302 12 12 1063422
276 301 14 14 1396286
275 300 16 16 1772819
274 299 18 18 2196177
281 306 4 4 215149
280 305 6 6 370011
279 304 8 8 562382
278 303 10 10 787733
277 302 12 12 1056703
276 301 14 14 1378756
275 300 16 16 1748000
274 299 18 18 2175455
281 306 4 4 213311
280 305 6 6 374418
279 304 8 8 560621
278 303 10 10 790527
277 302 12 12 1055042
276 301 14 14 1357705
275 300 16 16 1737982
274 299 18 18 2158955
281 306 4 4 206728
280 305 6 6 366679
279 304 8 8 560943
278 303 10 10 800802
277 302 12 12 1091296
276 301 14 14 1425569
275 300 16 16 1808407
274 299 18 18 2241401
281 306 4 4 217373
280 305 6 6 372810
279 304 8 8 563733
278 303 10 10 803200
277 302 12 12 1093115
276 301 14 14 1410392
275 300 16 16 1768686
274 299 18 18 2186288
281 306 4 4 206657
280 305 6 6 356916
279 304 8 8 547285
278 303 10 10 786548
277 302 12 12 1068219
276 301 14 14 1402046
275 300 16 16 1791948
274 299 18 18 2220496
281 306 4 4 225418
280 305 6 6 389822
279 304 8 8 575377
278 303 10 10 804248
277 302 12 12 1099356
276 301 14 14 1424922
275 300 16 16 1803474
274 299 18 18 2220661
281 306 4 4 220172
280 305 6 6 375321
279 304 8 8 549489
278 303 10 10 797511
277 302 12 12 1098930
276 301 14 14 1431314
275 300 16 16 1816963
274 299 18 18 2254800
281 306 4 4 209363
280 305 6 6 364762
279 304 8 8 550382
278 303 10 10 784047
277 302 12 12 1061710
276 301 14 14 1368491
275 300 16 16 1763562
274 299 18 18 2187898
281 306 4 4 213282
280 305 6 6 360864
279 304 8 8 559727
278 303 10 10 793008
277 302 12 12 1068846
276 301 14 14 1393745
275 300 16 16 1755532
274 299 18 18 2184953
281 306 4 4 220997
280 305 6 6 377134
279 304 8 8 575199
278 303 10 10 807417
277 302 12 12 1080956
276 301 14 14 1401049
275 300 16 16 1770197
274 299 18 18 2196242
281 306 4 4 218027
280 305 6 6 386075
279 304 8 8 585412
278 303 10 10 811661
277 302 12 12 1081995
276 301 14 14 1421434
275 300 16 16 1800628
274 299 18 18 2225746
281 306 4 4 227172
280 305 6 6 386114
279 304 8 8 563823
278 303 10 10 793155
277 302 12 12 1064126
276 301 14 14 1395963
275 300 16 16 1782094
274 299 18 18 2216277
281 306 4 4 214021
280 305 6 6 379267
279 304 8 8 568626
278 303 10 10 800100
277 302 12 12 1083247
276 301 14 14 1413065
275 300 16 16 1794797
274 299 18 18 2218420
281 306 4 4 218695
280 305 6 6 373782
279 304 8 8 557452
278 303 10 10 795142
277 302 12 12 1095583
276 301 14 14 1427745
275 300 16 16 1804875
274 299 18 18 2232506
281 306 4 4 216420
280 305 6 6 373728
279 304 8 8 571161
278 303 10 10 808347
277 302 12 12 1081558
276 301 14 14 1402950
275 300 16 16 1807415
274 299 18 18 2217240
281 306 4 4 230525
280 305 6 6 394515
279 304 8 8 578009
278 303 10 10 812986
277 302 12 12 1074866
276 301 14 14 1403695
275 300 16 16 1792966
274 299 18 18 2218291
281 306 4 4 219660
280 305 6 6 386437
279 304 8 8 580736
278 303 10 10 830802
277 302 12 12 1126475
276 301 14 14 1473474
275 300 16 16 1866618
274 299 18 18 2293471
281 306 4 4 224704
280 305 6 6 377313
279 304 8 8 568972
278 303 10 10 797002
277 302 12 12 1078889
276 301 14 14 1411856
275 300 16 16 1790555
274 299 18 18 2208681
281 306 4 4 227442
280 305 6 6 392290
279 304 8 8 585544
278 303 10 10 820271
277 302 12 12 1112198
276 301 14 14 1440409
275 300 16 16 1820512
274 299 18 18 2256177
281 306 4 4 212840
280 305 6 6 374993
279 304 8 8 562279
278 303 10 10 810816
277 302 12 12 1077240
276 301 14 14 1391273
275 300 16 16 1773411
274 299 18 18 2205474
281 306 4 4 223050
280 305 6 6 375807
279 304 8 8 568627
278 303 10 10 796848
277 302 12 12 1091427
276 301 14 14 1425787
275 300 16 16 1802910
274 299 18 18 2240171
281 306 4 4 206241
280 305 6 6 358608
279 304 8 8 557684
278 303 10 10 787296
277 302 12 12 1049762
276 301 14 14 1370939
275 300 16 16 1750503
274 299 18 18 2185454
281 306 4 4 222252
280 305 6 6 391622
279 304 8 8 587089
278 303 10 10 823220
277 302 12 12 1099830
276 301 14 14 1425759
275 300 16 16 1782765
274 299 18 18 2206621
281 306 4 4 222841
280 305 6 6 390672
279 304 8 8 577225
278 303 10 10 827917
277 302 12 12 1092050
276 301 14 14 1403526
275 300 16 16 1784838
274 299 18 18 2218692
281 306 4 4 219936
280 305 6 6 385791
279 304 8 8 583810
278 303 10 10 809939
277 302 12 12 1090960
276 301 14 14 1416463
275 300 16 16 1796632
274 299 18 18 2202493
281 306 4 4 219118
280 305 6 6 385181
279 304 8 8 575275
278 303 10 10 804302
277 302 12 12 1086086
276 301 14 14 1436149
275 300 16 16 1821960
274 299 18 18 2228574
281 306 4 4 217741
280 305 6 6 369177
279 304 8 8 563121
278 303 10 10 808378
277 302 12 12 1091073
276 301 14 14 1407780
275 300 16 16 1793036
274 299 18 18 2218853
281 306 4 4 202363
280 305 6 6 364547
279 304 8 8 550229
278 303 10 10 783044
277 302 12 12 1062244
276 301 14 14 1383888
275 300 16 16 1763010
274 299 18 18 2184876
281 306 4 4 227859
280 305 6 6 387533
279 304 8 8 583076
278 303 10 10 815025
277 302 12 12 1095706
276 301 14 14 1441192
275 300 16 16 1796048
274 299 18 18 2204813
281 306 4 4 216293
280 305 6 6 380789
279 304 8 8 571560
278 303 10 10 809841
277 302 12 12 1088566
276 301 14 14 1414048
275 300 16 16 1791973
274 299 18 18 2208483
281 306 4 4 213664
280 305 6 6 371994
279 304 8 8 550946
278 303 10 10 782542
277 302 12 12 1054197
276 301 14 14 1378560
275 300 16 16 1740160
274 299 18 18 2160105
281 306 4 4 217123
280 305 6 6 365719
279 304 8 8 551392
278 303 10 10 790224
277 302 12 12 1060111
276 301 14 14 1390091
275 300 16 16 1764676
274 299 18 18 2174931
281 306 4 4 213107
280 305 6 6 370715
279 304 8 8 565251
278 303 10 10 813813
277 302 12 12 1096849
276 301 14 14 1439742
275 300 16 16 1808404
274 299 18 18 2222034
281 306 4 4 214649
280 305 6 6 369141
279 304 8 8 551450
278 303 10 10 781501
277 302 12 12 1055232
276 301 14 14 1373631
275 300 16 16 1738332
274 299 18 18 2168946
281 306 4 4 218088
280 305 6 6 369995
279 304 8 8 557173
278 303 10 10 792096
277 302 12 12 1071973
276 301 14 14 1391184
275 300 16 16 1773528
274 299 18 18 2204468
281 306 4 4 216174
280 305 6 6 358710
279 304 8 8 544745
278 303 10 10 773484
277 302 12 12 1037017
276 301 14 14 1349718
275 300 16 16 1714426
274 299 18 18 2123697
281 306 4 4 216922
280 305 6 6 375137
279 304 8 8 561954
278 303 10 10 791151
277 302 12 12 1062190
276 301 14 14 1396630
275 300 16 16 1766981
274 299 18 18 2195658
281 306 4 4 218799
280 305 6 6 369030
279 304 8 8 548685
278 303 10 10 782273
277 302 12 12 1061991
276 301 14 14 1379157
275 300 16 16 1750583
274 299 18 18 2176089
281 306 4 4 224111
280 305 6 6 385280
279 304 8 8 566720
278 303 10 10 802788
277 302 12 12 1086152
276 301 14 14 1408431
275 300 16 16 1767981
274 299 18 18 2195269
281 306 4 4 217378
280 305 6 6 375333
279 304 8 8 565754
278 303 10 10 798816
277 302 12 12 1075448
276 301 14 14 1408794
275 300 16 16 1789953
274 299 18 18 2233884
281 306 4 4 228249
280 305 6 6 389217
279 304 8 8 577208
278 303 10 10 805928
277 302 12 12 1084577
276 301 14 14 1402360
275 300 16 16 1773484
274 299 18 18 2199804
281 306 4 4 226298
280 305 6 6 394800
279 304 8 8 580414
278 303 10 10 824996
277 302 12 12 1112917
276 301 14 14 1430080
275 300 16 16 1805440
274 299 18 18 2242092
281 306 4 4 222526
280 305 6 6 374582
279 304 8 8 569703
278 303 10 10 791569
277 302 12 12 1084373
276 301 14 14 1413239
275 300 16 16 1785251
274 299 18 18 2208151
281 306 4 4 218028
280 305 6 6 365362
279 304 8 8 551644
278 303 10 10 778022
277 302 12 12 1060918
276 301 14 14 1385301
275 300 16 16 1752273
274 299 18 18 2164542
281 306 4 4 214137
280 305 6 6 363703
279 304 8 8 547439
278 303 10 10 779307
277 302 12 12 1066234
276 301 14 14 1398388
275 300 16 16 1770640
274 299 18 18 2208296
281 306 4 4 221053
280 305 6 6 369667
279 304 8 8 562276
278 303 10 10 812592
277 302 12 12 1099649
276 301 14 14 1415131
275 300 16 16 1787197
274 299 18 18 2212337
281 306 4 4 218409
280 305 6 6 367324
279 304 8 8 537460
278 303 10 10 758202
277 302 12 12 1026277
276 301 14 14 1340023
275 300 16 16 1721742
274 299 18 18 2167339
281 306 4 4 221047
280 305 6 6 379393
279 304 8 8 571607
278 303 10 10 793555
277 302 12 12 1064024
276 301 14 14 1384231
275 300 16 16 1747360
274 299 18 18 2169191
281 306 4 4 231298
280 305 6 6 385533
279 304 8 8 570098
278 303 10 10 802160
277 302 12 12 1071973
276 301 14 14 1398225
275 300 16 16 1778981
274 299 18 18 2221193
281 306 4 4 204058
280 305 6 6 344242
279 304 8 8 528878
278 303 10 10 767525
277 302 12 12 1047146
276 301 14 14 1363232
275 300 16 16 1740562
274 299 18 18 2177679
281 306 4 4 226640
280 305 6 6 384939
279 304 8 8 577110
278 303 10 10 793175
277 302 12 12 1056006
276 301 14 14 1387717
275 300 16 16 1761208
274 299 18 18 2187769
281 306 4 4 212758
280 305 6 6 355880
279 304 8 8 532582
278 303 10 10 758782
277 302 12 12 1026008
276 301 14 14 1335851
275 300 16 16 1697301
274 299 18 18 2140685
