401 473 4 4 2278
400 472 6 6 4511
399 471 8 8 8564
398 470 10 10 14297
397 469 12 12 20018
396 468 14 14 25615
395 467 16 16 32588
394 466 18 18 40820
401 473 4 4 1777
400 472 6 6 4098
399 471 8 8 7356
398 470 10 10 11759
397 469 12 12 17240
396 468 14 14 22590
395 467 16 16 29531
394 466 18 18 37053
401 473 4 4 2303
400 472 6 6 5748
399 471 8 8 9436
398 470 10 10 13519
397 469 12 12 19217
396 468 14 14 25455
395 467 16 16 32124
394 466 18 18 40457
401 473 4 4 1826
400 472 6 6 3975
399 471 8 8 6911
398 470 10 10 10949
397 469 12 12 15882
396 468 14 14 22083
395 467 16 16 28959
394 466 18 18 36698
401 473 4 4 1595
400 472 6 6 3952
399 471 8 8 7356
398 470 10 10 11617
397 469 12 12 17723
396 468 14 14 23543
395 467 16 16 30924
394 466 18 18 39031
401 473 4 4 2178
400 472 6 6 5004
399 471 8 8 8419
398 470 10 10 13526
397 469 12 12 18803
396 468 14 14 25899
395 467 16 16 35023
394 466 18 18 43271
401 473 4 4 2164
400 472 6 6 4235
399 471 8 8 7932
398 470 10 10 11588
397 469 12 12 16122
396 468 14 14 23623
395 467 16 16 32108
394 466 18 18 39757
401 473 4 4 1723
400 472 6 6 3833
399 471 8 8 7237
398 470 10 10 12066
397 469 12 12 18262
396 468 14 14 25003
395 467 16 16 32453
394 466 18 18 41435
401 473 4 4 2501
400 472 6 6 5277
399 471 8 8 9081
398 470 10 10 13120
397 469 12 12 18406
396 468 14 14 24077
395 467 16 16 31265
394 466 18 18 39794
401 473 4 4 1646
400 472 6 6 3622
399 471 8 8 7510
398 470 10 10 11333
397 469 12 12 16435
396 468 14 14 22189
395 467 16 16 28713
394 466 18 18 37212
401 473 4 4 1878
400 472 6 6 4285
399 471 8 8 7755
398 470 10 10 12176
397 469 12 12 17973
396 468 14 14 24758
395 467 16 16 32187
394 466 18 18 40354
401 473 4 4 1923
400 472 6 6 4489
399 471 8 8 7943
398 470 10 10 12396
397 469 12 12 18549
396 468 14 14 24736
395 467 16 16 31556
394 466 18 18 40082
401 473 4 4 1520
400 472 6 6 3581
399 471 8 8 6229
398 470 10 10 11148
397 469 12 12 16148
396 468 14 14 21522
395 467 16 16 28423
394 466 18 18 35922
401 473 4 4 1882
400 472 6 6 4116
399 471 8 8 6812
398 470 10 10 10674
397 469 12 12 15558
396 468 14 14 21549
395 467 16 16 28246
394 466 18 18 35105
401 473 4 4 1624
400 472 6 6 4494
399 471 8 8 7331
398 470 10 10 12042
397 469 12 12 16560
396 468 14 14 22311
395 467 16 16 27987
394 466 18 18 35360
401 473 4 4 2049
400 472 6 6 4167
399 471 8 8 7242
398 470 10 10 11484
397 469 12 12 16547
396 468 14 14 22798
395 467 16 16 29614
394 466 18 18 38032
401 473 4 4 1843
400 472 6 6 3831
399 471 8 8 7717
398 470 10 10 12841
397 469 12 12 18535
396 468 14 14 25012
395 467 16 16 33346
394 466 18 18 41519
401 473 4 4 1746
400 472 6 6 4173
399 471 8 8 7310
398 470 10 10 11910
397 469 12 12 17586
396 468 14 14 24467
395 467 16 16 31869
394 466 18 18 39509
401 473 4 4 2239
400 472 6 6 5120
399 471 8 8 8926
398 470 10 10 12775
397 469 12 12 18161
396 468 14 14 23839
395 467 16 16 30779
394 466 18 18 38953
401 473 4 4 1769
400 472 6 6 4482
399 471 8 8 8274
398 470 10 10 13555
397 469 12 12 20007
396 468 14 14 25639
395 467 16 16 32977
394 466 18 18 41897
401 473 4 4 1687
400 472 6 6 3694
399 471 8 8 6944
398 470 10 10 11221
397 469 12 12 17016
396 468 14 14 22883
395 467 16 16 30147
394 466 18 18 38866
401 473 4 4 1883
400 472 6 6 4708
399 471 8 8 8492
398 470 10 10 12082
397 469 12 12 17328
396 468 14 14 23205
395 467 16 16 31207
394 466 18 18 39268
401 473 4 4 1772
400 472 6 6 4460
399 471 8 8 8180
398 470 10 10 12553
397 469 12 12 18124
396 468 14 14 24092
395 467 16 16 31749
394 466 18 18 40206
401 473 4 4 2532
400 472 6 6 5776
399 471 8 8 11936
398 470 10 10 16471
397 469 12 12 24910
396 468 14 14 32412
395 467 16 16 42728
394 466 18 18 52958
401 473 4 4 2268
400 472 6 6 6372
399 471 8 8 9969
398 470 10 10 15713
397 469 12 12 22105
396 468 14 14 28983
395 467 16 16 37937
394 466 18 18 47578
401 473 4 4 141509
400 472 6 6 302828
399 471 8 8 523889
398 470 10 10 794506
397 469 12 12 1103471
396 468 14 14 1498893
395 467 16 16 1932799
394 466 18 18 2443678
401 473 4 4 146991
400 472 6 6 292368
399 471 8 8 496514
398 470 10 10 763620
397 469 12 12 1104783
396 468 14 14 1469956
395 467 16 16 1883985
394 466 18 18 2391558
401 473 4 4 134711
400 472 6 6 281325
399 471 8 8 481368
398 470 10 10 733400
397 469 12 12 1047522
396 468 14 14 1417195
395 467 16 16 1868560
394 466 18 18 2386431
401 473 4 4 132781
400 472 6 6 285299
399 471 8 8 494343
398 470 10 10 765684
397 469 12 12 1071596
396 468 14 14 1443235
395 467 16 16 1889246
394 466 18 18 2388394
401 473 4 4 139266
400 472 6 6 290691
399 471 8 8 499060
398 470 10 10 771543
397 469 12 12 1090099
396 468 14 14 1466314
395 467 16 16 1908170
394 466 18 18 2382488
401 473 4 4 131607
400 472 6 6 275889
399 471 8 8 481870
398 470 10 10 734964
397 469 12 12 1043451
396 468 14 14 1413663
395 467 16 16 1834611
394 466 18 18 2324509
401 473 4 4 145368
400 472 6 6 311645
399 471 8 8 518179
398 470 10 10 782386
397 469 12 12 1085451
396 468 14 14 1467358
395 467 16 16 1892594
394 466 18 18 2393171
401 473 4 4 140881
400 472 6 6 298467
399 471 8 8 497001
398 470 10 10 767409
397 469 12 12 1083677
396 468 14 14 1461085
395 467 16 16 1881099
394 466 18 18 2370494
401 473 4 4 144038
400 472 6 6 283220
399 471 8 8 487752
398 470 10 10 749744
397 469 12 12 1073732
396 468 14 14 1437752
395 467 16 16 1870089
394 466 18 18 2363946
401 473 4 4 145368
400 472 6 6 302753
399 471 8 8 513818
398 470 10 10 783384
397 469 12 12 1100554
396 468 14 14 1484233
395 467 16 16 1903802
394 466 18 18 2394360
401 473 4 4 142026
400 472 6 6 310730
399 471 8 8 527670
398 470 10 10 784521
397 469 12 12 1111275
396 468 14 14 1485515
395 467 16 16 1896670
394 466 18 18 2394519
401 473 4 4 135615
400 472 6 6 288044
399 471 8 8 509414
398 470 10 10 753695
397 469 12 12 1077993
396 468 14 14 1443352
395 467 16 16 1876161
394 466 18 18 2368261
401 473 4 4 132731
400 472 6 6 288158
399 471 8 8 486836
398 470 10 10 751580
397 469 12 12 1046501
396 468 14 14 1410942
395 467 16 16 1851637
394 466 18 18 2330417
401 473 4 4 141809
400 472 6 6 298714
399 471 8 8 506797
398 470 10 10 774010
397 469 12 12 1104497
396 468 14 14 1496505
395 467 16 16 1912628
394 466 18 18 2401466
401 473 4 4 152186
400 472 6 6 298454
399 471 8 8 493101
398 470 10 10 744219
397 469 12 12 1070889
396 468 14 14 1428853
395 467 16 16 1867364
394 466 18 18 2348374
401 473 4 4 141451
400 472 6 6 290331
399 471 8 8 486191
398 470 10 10 737858
397 469 12 12 1032564
396 468 14 14 1414264
395 467 16 16 1842311
394 466 18 18 2320842
401 473 4 4 134104
400 472 6 6 280167
399 471 8 8 459741
398 470 10 10 710715
397 469 12 12 1024811
396 468 14 14 1391935
395 467 16 16 1844792
394 466 18 18 2332354
401 473 4 4 139188
400 472 6 6 284477
399 471 8 8 474864
398 470 10 10 731060
397 469 12 12 1038159
396 468 14 14 1427165
395 467 16 16 1859002
394 466 18 18 2333339
401 473 4 4 170203
400 472 6 6 314578
399 471 8 8 512288
398 470 10 10 771833
397 469 12 12 1080042
396 468 14 14 1437400
395 467 16 16 1851309
394 466 18 18 2331951
401 473 4 4 141855
400 472 6 6 302789
399 471 8 8 505399
398 470 10 10 756150
397 469 12 12 1059926
396 468 14 14 1412949
395 467 16 16 1829431
394 466 18 18 2302255
401 473 4 4 138872
400 472 6 6 296851
399 471 8 8 501771
398 470 10 10 756708
397 469 12 12 1063141
396 468 14 14 1438132
395 467 16 16 1867746
394 466 18 18 2354100
401 473 4 4 134643
400 472 6 6 289488
399 471 8 8 493821
398 470 10 10 754401
397 469 12 12 1051432
396 468 14 14 1417099
395 467 16 16 1828461
394 466 18 18 2321612
401 473 4 4 144468
400 472 6 6 307317
399 471 8 8 527552
398 470 10 10 787616
397 469 12 12 1097507
396 468 14 14 1468398
395 467 16 16 1891807
394 466 18 18 2373887
401 473 4 4 141133
400 472 6 6 301649
399 471 8 8 505020
398 470 10 10 763233
397 469 12 12 1071203
396 468 14 14 1428762
395 467 16 16 1863710
394 466 18 18 2343583
401 473 4 4 134957
400 472 6 6 287901
399 471 8 8 489226
398 470 10 10 755026
397 469 12 12 1063863
396 468 14 14 1424486
395 467 16 16 1843726
394 466 18 18 2311867
401 473 4 4 144493
400 472 6 6 288612
399 471 8 8 506314
398 470 10 10 766103
397 469 12 12 1063942
396 468 14 14 1415811
395 467 16 16 1821972
394 466 18 18 2301324
401 473 4 4 150247
400 472 6 6 300844
399 471 8 8 500949
398 470 10 10 755287
397 469 12 12 1058090
396 468 14 14 1405998
395 467 16 16 1829459
394 466 18 18 2307062
401 473 4 4 136023
400 472 6 6 283664
399 471 8 8 481300
398 470 10 10 722715
397 469 12 12 1021963
396 468 14 14 1385196
395 467 16 16 1824156
394 466 18 18 2301432
401 473 4 4 139489
400 472 6 6 279807
399 471 8 8 488988
398 470 10 10 751847
397 469 12 12 1058101
396 468 14 14 1402827
395 467 16 16 1823504
394 466 18 18 2298796
401 473 4 4 132155
400 472 6 6 270705
399 471 8 8 465984
398 470 10 10 726282
397 469 12 12 1044530
396 468 14 14 1413774
395 467 16 16 1841828
394 466 18 18 2325165
401 473 4 4 135131
400 472 6 6 291122
399 471 8 8 490595
398 470 10 10 741846
397 469 12 12 1061050
396 468 14 14 1441363
395 467 16 16 1852308
394 466 18 18 2334039
401 473 4 4 138159
400 472 6 6 279517
399 471 8 8 476801
398 470 10 10 734282
397 469 12 12 1049124
396 468 14 14 1408021
395 467 16 16 1829106
394 466 18 18 2291468
401 473 4 4 146399
400 472 6 6 294547
399 471 8 8 488627
398 470 10 10 736940
397 469 12 12 1053585
396 468 14 14 1422974
395 467 16 16 1848044
394 466 18 18 2322862
401 473 4 4 136766
400 472 6 6 287727
399 471 8 8 484242
398 470 10 10 738876
397 469 12 12 1053630
396 468 14 14 1412913
395 467 16 16 1843015
394 466 18 18 2314756
401 473 4 4 134502
400 472 6 6 285058
399 471 8 8 480790
398 470 10 10 723974
397 469 12 12 1030887
396 468 14 14 1396938
395 467 16 16 1826334
394 466 18 18 2286882
401 473 4 4 135409
400 472 6 6 283316
399 471 8 8 491256
398 470 10 10 738474
397 469 12 12 1044252
396 468 14 14 1418761
395 467 16 16 1834835
394 466 18 18 2321264
401 473 4 4 148639
400 472 6 6 304182
399 471 8 8 500305
398 470 10 10 759094
397 469 12 12 1060828
396 468 14 14 1411998
395 467 16 16 1813262
394 466 18 18 2274647
401 473 4 4 138434
400 472 6 6 278151
399 471 8 8 486593
398 470 10 10 732593
397 469 12 12 1035062
396 468 14 14 1384473
395 467 16 16 1804118
394 466 18 18 2291635
401 473 4 4 127949
400 472 6 6 279746
399 471 8 8 469824
398 470 10 10 721978
397 469 12 12 1036729
396 468 14 14 1397357
395 467 16 16 1806454
394 466 18 18 2266828
401 473 4 4 134680
400 472 6 6 277908
399 471 8 8 487075
398 470 10 10 725280
397 469 12 12 1006648
396 468 14 14 1371698
395 467 16 16 1782898
394 466 18 18 2255672
401 473 4 4 133262
400 472 6 6 276115
399 471 8 8 470853
398 470 10 10 727830
397 469 12 12 1033415
396 468 14 14 1373701
395 467 16 16 1797440
394 466 18 18 2260564
401 473 4 4 140793
400 472 6 6 291753
399 471 8 8 495074
398 470 10 10 740744
397 469 12 12 1038740
396 468 14 14 1392020
395 467 16 16 1794637
394 466 18 18 2279489
401 473 4 4 133928
400 472 6 6 274427
399 471 8 8 483342
398 470 10 10 744994
397 469 12 12 1086408
396 468 14 14 1446715
395 467 16 16 1871380
394 466 18 18 2353459
401 473 4 4 137522
400 472 6 6 284516
399 471 8 8 474776
398 470 10 10 703384
397 469 12 12 1001038
396 468 14 14 1346218
395 467 16 16 1768433
394 466 18 18 2236830
401 473 4 4 132493
400 472 6 6 286082
399 471 8 8 490466
398 470 10 10 736760
397 469 12 12 1031806
396 468 14 14 1415754
395 467 16 16 1856063
394 466 18 18 2326406
401 473 4 4 145257
400 472 6 6 303070
399 471 8 8 500404
398 470 10 10 750195
397 469 12 12 1048813
396 468 14 14 1417490
395 467 16 16 1817916
394 466 18 18 2264532
401 473 4 4 141513
400 472 6 6 289095
399 471 8 8 481253
398 470 10 10 733993
397 469 12 12 1025119
396 468 14 14 1376739
395 467 16 16 1808732
394 466 18 18 2284055
401 473 4 4 129035
400 472 6 6 287099
399 471 8 8 483492
398 470 10 10 739214
397 469 12 12 1041078
396 468 14 14 1388627
395 467 16 16 1803126
394 466 18 18 2262470
401 473 4 4 145236
400 472 6 6 294487
399 471 8 8 480270
398 470 10 10 742128
397 469 12 12 1037076
396 468 14 14 1393808
395 467 16 16 1780191
394 466 18 18 2234229
401 473 4 4 147405
400 472 6 6 303361
399 471 8 8 488599
398 470 10 10 733199
397 469 12 12 1028575
396 468 14 14 1367811
395 467 16 16 1784442
394 466 18 18 2264704
401 473 4 4 146579
400 472 6 6 295847
399 471 8 8 487924
398 470 10 10 735014
397 469 12 12 1048798
396 468 14 14 1387495
395 467 16 16 1776091
394 466 18 18 2245172
401 473 4 4 124850
400 472 6 6 281022
399 471 8 8 468115
398 470 10 10 726313
397 469 12 12 1037367
396 468 14 14 1411578
395 467 16 16 1822043
394 466 18 18 2308174
401 473 4 4 139217
400 472 6 6 282594
399 471 8 8 485736
398 470 10 10 740370
397 469 12 12 1055298
396 468 14 14 1398787
395 467 16 16 1812513
394 466 18 18 2287566
401 473 4 4 139420
400 472 6 6 299578
399 471 8 8 484246
398 470 10 10 727208
397 469 12 12 1034520
396 468 14 14 1414437
395 467 16 16 1824366
394 466 18 18 2280749
401 473 4 4 137451
400 472 6 6 293048
399 471 8 8 490454
398 470 10 10 741736
397 469 12 12 1052142
396 468 14 14 1408686
395 467 16 16 1824239
394 466 18 18 2295397
401 473 4 4 132530
400 472 6 6 284015
399 471 8 8 471698
398 470 10 10 722636
397 469 12 12 1023824
396 468 14 14 1386900
395 467 16 16 1795602
394 466 18 18 2264374
401 473 4 4 137309
400 472 6 6 289401
399 471 8 8 502268
398 470 10 10 742226
397 469 12 12 1034577
396 468 14 14 1397352
395 467 16 16 1810474
394 466 18 18 2276630
401 473 4 4 140952
400 472 6 6 286656
399 471 8 8 479288
398 470 10 10 710739
397 469 12 12 1010957
396 468 14 14 1374824
395 467 16 16 1796570
394 466 18 18 2263069
401 473 4 4 150099
400 472 6 6 312473
399 471 8 8 505940
398 470 10 10 776269
397 469 12 12 1073534
396 468 14 14 1430433
395 467 16 16 1845138
394 466 18 18 2299985
401 473 4 4 146783
400 472 6 6 298794
399 471 8 8 477191
398 470 10 10 717135
397 469 12 12 1012559
396 468 14 14 1350337
395 467 16 16 1752353
394 466 18 18 2222241
401 473 4 4 138588
400 472 6 6 297443
399 471 8 8 492870
398 470 10 10 745227
397 469 12 12 1044198
396 468 14 14 1415190
395 467 16 16 1836613
394 466 18 18 2321956
401 473 4 4 138969
400 472 6 6 282484
399 471 8 8 468454
398 470 10 10 726673
397 469 12 12 1024149
396 468 14 14 1376139
395 467 16 16 1794589
394 466 18 18 2262660
401 473 4 4 139440
400 472 6 6 279027
399 471 8 8 463752
398 470 10 10 723017
397 469 12 12 1025886
396 468 14 14 1380461
395 467 16 16 1808999
394 466 18 18 2265212
401 473 4 4 147156
400 472 6 6 300525
399 471 8 8 490539
398 470 10 10 733115
397 469 12 12 1040600
396 468 14 14 1383680
395 467 16 16 1800217
394 466 18 18 2258216
401 473 4 4 146339
400 472 6 6 276931
399 471 8 8 462992
398 470 10 10 711585
397 469 12 12 1014802
396 468 14 14 1386409
395 467 16 16 1775501
394 466 18 18 2245086
401 473 4 4 136787
400 472 6 6 293481
399 471 8 8 494118
398 470 10 10 746755
397 469 12 12 1042382
396 468 14 14 1389788
395 467 16 16 1785158
394 466 18 18 2236671
401 473 4 4 137210
400 472 6 6 293217
399 471 8 8 489353
398 470 10 10 746357
397 469 12 12 1047467
396 468 14 14 1436997
395 467 16 16 1848140
394 466 18 18 2325832
401 473 4 4 146047
400 472 6 6 296664
399 471 8 8 505041
398 470 10 10 754209
397 469 12 12 1061908
396 468 14 14 1417447
395 467 16 16 1819158
394 466 18 18 2300992
401 473 4 4 137824
400 472 6 6 276388
399 471 8 8 473768
398 470 10 10 718995
397 469 12 12 1015553
396 468 14 14 1378654
395 467 16 16 1793898
394 466 18 18 2261918
401 473 4 4 152424
400 472 6 6 301416
399 471 8 8 494344
398 470 10 10 751585
397 469 12 12 1049841
396 468 14 14 1414572
395 467 16 16 1820657
394 466 18 18 2294423
401 473 4 4 143650
400 472 6 6 298931
399 471 8 8 486083
398 470 10 10 745839
397 469 12 12 1059751
396 468 14 14 1413954
395 467 16 16 1807287
394 466 18 18 2287807
401 473 4 4 134490
400 472 6 6 284236
399 471 8 8 472025
398 470 10 10 723448
397 469 12 12 1011009
396 468 14 14 1352849
395 467 16 16 1771430
394 466 18 18 2227964
401 473 4 4 137642
400 472 6 6 285719
399 471 8 8 487476
398 470 10 10 748583
397 469 12 12 1048148
396 468 14 14 1408750
395 467 16 16 1829503
394 466 18 18 2300925
401 473 4 4 141878
400 472 6 6 291446
399 471 8 8 489599
398 470 10 10 734589
397 469 12 12 1036636
396 468 14 14 1404819
395 467 16 16 1826674
394 466 18 18 2298941
401 473 4 4 143528
400 472 6 6 294134
399 471 8 8 491984
398 470 10 10 737952
397 469 12 12 1037011
396 468 14 14 1392219
395 467 16 16 1798714
394 466 18 18 2262851
401 473 4 4 140794
400 472 6 6 294264
399 471 8 8 485197
398 470 10 10 732782
397 469 12 12 1032651
396 468 14 14 1390171
395 467 16 16 1795169
394 466 18 18 2262391
401 473 4 4 146077
400 472 6 6 284309
399 471 8 8 482336
398 470 10 10 725074
397 469 12 12 1019059
396 468 14 14 1391504
395 467 16 16 1809861
394 466 18 18 2267103
401 473 4 4 139733
400 472 6 6 284655
399 471 8 8 481491
398 470 10 10 711760
397 469 12 12 1016317
396 468 14 14 1374701
395 467 16 16 1801330
394 466 18 18 2260957
401 473 4 4 133717
400 472 6 6 286793
399 471 8 8 476873
398 470 10 10 709691
397 469 12 12 1014088
396 468 14 14 1362122
395 467 16 16 1777433
394 466 18 18 2262905
401 473 4 4 130846
400 472 6 6 278858
399 471 8 8 470532
398 470 10 10 720938
397 469 12 12 1024571
396 468 14 14 1392550
395 467 16 16 1792518
394 466 18 18 2260207
401 473 4 4 142912
400 472 6 6 291361
399 471 8 8 477089
398 470 10 10 731269
397 469 12 12 1010565
396 468 14 14 1374891
395 467 16 16 1775322
394 466 18 18 2226477
401 473 4 4 143064
400 472 6 6 291664
399 471 8 8 488292
398 470 10 10 737327
397 469 12 12 1053373
396 468 14 14 1416688
395 467 16 16 1807588
394 466 18 18 2282972
401 473 4 4 142238
400 472 6 6 290806
399 471 8 8 475388
398 470 10 10 707953
397 469 12 12 1001112
396 468 14 14 1343017
395 467 16 16 1740753
394 466 18 18 2219058
401 473 4 4 141711
400 472 6 6 290142
399 471 8 8 492307
398 470 10 10 747512
397 469 12 12 1043130
396 468 14 14 1398998
395 467 16 16 1808222
394 466 18 18 2287490
401 473 4 4 134691
400 472 6 6 289423
399 471 8 8 482808
398 470 10 10 731444
397 469 12 12 1018605
396 468 14 14 1378096
395 467 16 16 1793738
394 466 18 18 2282746
401 473 4 4 140131
400 472 6 6 285006
399 471 8 8 485274
398 470 10 10 740980
397 469 12 12 1044949
396 468 14 14 1405391
395 467 16 16 1815290
394 466 18 18 2258403
401 473 4 4 139002
400 472 6 6 281004
399 471 8 8 463159
398 470 10 10 712487
397 469 12 12 1013681
396 468 14 14 1365985
395 467 16 16 1770160
394 466 18 18 2224144
401 473 4 4 144778
400 472 6 6 298387
399 471 8 8 500456
398 470 10 10 750682
397 469 12 12 1052903
396 468 14 14 1400316
395 467 16 16 1826594
394 466 18 18 2274480
401 473 4 4 140407
400 472 6 6 287785
399 471 8 8 474130
398 470 10 10 698822
397 469 12 12 1000455
396 468 14 14 1371782
395 467 16 16 1786925
394 466 18 18 2257544
401 473 4 4 130631
400 472 6 6 277586
399 471 8 8 489261
398 470 10 10 731939
397 469 12 12 1027672
396 468 14 14 1380521
395 467 16 16 1793963
394 466 18 18 2278962
401 473 4 4 136877
400 472 6 6 284616
399 471 8 8 485290
398 470 10 10 736152
397 469 12 12 1040407
396 468 14 14 1395937
395 467 16 16 1819385
394 466 18 18 2291310
401 473 4 4 135055
400 472 6 6 279700
399 471 8 8 472830
398 470 10 10 717618
397 469 12 12 1014137
396 468 14 14 1371160
395 467 16 16 1766999
394 466 18 18 2247710
401 473 4 4 157066
400 472 6 6 297576
399 471 8 8 496109
398 470 10 10 744430
397 469 12 12 1044047
396 468 14 14 1375405
395 467 16 16 1774112
394 466 18 18 2254118
401 473 4 4 137354
400 472 6 6 298863
399 471 8 8 493631
398 470 10 10 745746
397 469 12 12 1040658
396 468 14 14 1395055
395 467 16 16 1788305
394 466 18 18 2240439
401 473 4 4 140402
400 472 6 6 287687
399 471 8 8 488388
398 470 10 10 739478
397 469 12 12 1041415
396 468 14 14 1389402
395 467 16 16 1795129
394 466 18 18 2255534
401 473 4 4 129010
400 472 6 6 279080
399 471 8 8 471564
398 470 10 10 733342
397 469 12 12 1024142
396 468 14 14 1363493
395 467 16 16 1774409
394 466 18 18 2234157
401 473 4 4 133721
400 472 6 6 283038
399 471 8 8 479691
398 470 10 10 717551
397 469 12 12 1016288
396 468 14 14 1389026
395 467 16 16 1791347
394 466 18 18 2255772
401 473 4 4 122880
400 472 6 6 272194
399 471 8 8 460046
398 470 10 10 705144
397 469 12 12 995962
396 468 14 14 1339435
395 467 16 16 1749764
394 466 18 18 2222278
401 473 4 4 133044
400 472 6 6 281296
399 471 8 8 486078
398 470 10 10 731290
397 469 12 12 1022575
396 468 14 14 1367433
395 467 16 16 1765853
394 466 18 18 2216035
401 473 4 4 143831
400 472 6 6 285487
399 471 8 8 486877
398 470 10 10 732058
397 469 12 12 1025980
396 468 14 14 1382643
395 467 16 16 1769677
394 466 18 18 2239511
401 473 4 4 125790
400 472 6 6 270698
399 471 8 8 461909
398 470 10 10 707523
397 469 12 12 1015453
396 468 14 14 1371161
395 467 16 16 1791681
394 466 18 18 2240893
401 473 4 4 134262
400 472 6 6 275866
399 471 8 8 468949
398 470 10 10 710730
397 469 12 12 980082
396 468 14 14 1325008
395 467 16 16 1727725
394 466 18 18 2201488
401 473 4 4 134603
400 472 6 6 283740
399 471 8 8 473236
398 470 10 10 713368
397 469 12 12 1013644
396 468 14 14 1374955
395 467 16 16 1781598
394 466 18 18 2238545
401 473 4 4 142885
400 472 6 6 286502
399 471 8 8 480302
398 470 10 10 714825
397 469 12 12 1023327
396 468 14 14 1376633
395 467 16 16 1780958
394 466 18 18 2235009
401 473 4 4 134658
400 472 6 6 271468
399 471 8 8 446505
398 470 10 10 696970
397 469 12 12 997888
396 468 14 14 1351182
395 467 16 16 1772032
394 466 18 18 2245830
401 473 4 4 135858
400 472 6 6 291639
399 471 8 8 491629
398 470 10 10 737278
397 469 12 12 1032155
396 468 14 14 1392563
395 467 16 16 1785716
394 466 18 18 2236255
401 473 4 4 135523
400 472 6 6 281608
399 471 8 8 485708
398 470 10 10 740316
397 469 12 12 1040555
396 468 14 14 1398833
395 467 16 16 1826430
394 466 18 18 2282577
401 473 4 4 136901
400 472 6 6 282627
399 471 8 8 482384
398 470 10 10 722399
397 469 12 12 1014329
396 468 14 14 1373658
395 467 16 16 1787083
394 466 18 18 2267284
401 473 4 4 136503
400 472 6 6 276595
399 471 8 8 471473
398 470 10 10 704373
397 469 12 12 1002681
396 468 14 14 1354336
395 467 16 16 1752213
394 466 18 18 2225019
401 473 4 4 126030
400 472 6 6 262202
399 471 8 8 457712
398 470 10 10 702415
397 469 12 12 986612
396 468 14 14 1328912
395 467 16 16 1733546
394 466 18 18 2194903
401 473 4 4 133902
400 472 6 6 277011
399 471 8 8 466960
398 470 10 10 713645
397 469 12 12 1008530
396 468 14 14 1364441
395 467 16 16 1772403
394 466 18 18 2238660
401 473 4 4 133866
400 472 6 6 269567
399 471 8 8 455917
398 470 10 10 700490
397 469 12 12 1002483
396 468 14 14 1336041
395 467 16 16 1741988
394 466 18 18 2202012
401 473 4 4 138788
400 472 6 6 282967
399 471 8 8 486899
398 470 10 10 710771
397 469 12 12 1019616
396 468 14 14 1377022
395 467 16 16 1771839
394 466 18 18 2234983
401 473 4 4 145493
400 472 6 6 298630
399 471 8 8 500327
398 470 10 10 739578
397 469 12 12 1018102
396 468 14 14 1362722
395 467 16 16 1754093
394 466 18 18 2219546
401 473 4 4 133986
400 472 6 6 287032
399 471 8 8 481620
398 470 10 10 734323
397 469 12 12 1023798
396 468 14 14 1367062
395 467 16 16 1774830
394 466 18 18 2220103
401 473 4 4 136937
400 472 6 6 293123
399 471 8 8 488925
398 470 10 10 736585
397 469 12 12 1031143
396 468 14 14 1374219
395 467 16 16 1782285
394 466 18 18 2232106
401 473 4 4 139149
400 472 6 6 276148
399 471 8 8 463075
398 470 10 10 719362
397 469 12 12 1014770
396 468 14 14 1358214
395 467 16 16 1758589
394 466 18 18 2219609
401 473 4 4 138995
400 472 6 6 286758
399 471 8 8 479443
398 470 10 10 729271
397 469 12 12 1028457
396 468 14 14 1362493
395 467 16 16 1763593
394 466 18 18 2213801
401 473 4 4 128340
400 472 6 6 272156
399 471 8 8 481121
398 470 10 10 726946
397 469 12 12 1039117
396 468 14 14 1394714
395 467 16 16 1799793
394 466 18 18 2254722
401 473 4 4 137883
400 472 6 6 288501
399 471 8 8 496799
398 470 10 10 749974
397 469 12 12 1059422
396 468 14 14 1408975
395 467 16 16 1811839
394 466 18 18 2283848
401 473 4 4 130773
400 472 6 6 277316
399 471 8 8 477325
398 470 10 10 727389
397 469 12 12 1024372
396 468 14 14 1374174
395 467 16 16 1771009
394 466 18 18 2217052
401 473 4 4 151529
400 472 6 6 293811
399 471 8 8 491274
398 470 10 10 741370
397 469 12 12 1048100
396 468 14 14 1393388
395 467 16 16 1789578
394 466 18 18 2249002
401 473 4 4 144310
400 472 6 6 294790
399 471 8 8 491689
398 470 10 10 738952
397 469 12 12 1034804
396 468 14 14 1377076
395 467 16 16 1775149
394 466 18 18 2234466
401 473 4 4 137079
400 472 6 6 272604
399 471 8 8 453702
398 470 10 10 699138
397 469 12 12 1011133
396 468 14 14 1367338
395 467 16 16 1780563
394 466 18 18 2235013
401 473 4 4 133551
400 472 6 6 272603
399 471 8 8 468865
398 470 10 10 707571
397 469 12 12 1018665
396 468 14 14 1367727
395 467 16 16 1760351
394 466 18 18 2225805
401 473 4 4 131508
400 472 6 6 278177
399 471 8 8 480696
398 470 10 10 716543
397 469 12 12 1016662
396 468 14 14 1379191
395 467 16 16 1777886
394 466 18 18 2229820
401 473 4 4 138900
400 472 6 6 276936
399 471 8 8 458392
398 470 10 10 700820
397 469 12 12 1006155
396 468 14 14 1341614
395 467 16 16 1745402
394 466 18 18 2208713
401 473 4 4 143661
400 472 6 6 293733
399 471 8 8 485770
398 470 10 10 731039
397 469 12 12 1029944
396 468 14 14 1390398
395 467 16 16 1781383
394 466 18 18 2221298
401 473 4 4 133990
400 472 6 6 274056
399 471 8 8 462660
398 470 10 10 697710
397 469 12 12 996501
396 468 14 14 1354992
395 467 16 16 1777176
394 466 18 18 2224899
401 473 4 4 135923
400 472 6 6 281880
399 471 8 8 473785
398 470 10 10 730343
397 469 12 12 1035059
396 468 14 14 1387350
395 467 16 16 1812937
394 466 18 18 2293993
401 473 4 4 131830
400 472 6 6 277937
399 471 8 8 465130
398 470 10 10 697851
397 469 12 12 1010624
396 468 14 14 1337479
395 467 16 16 1743883
394 466 18 18 2224977
401 473 4 4 133711
400 472 6 6 287413
399 471 8 8 497215
398 470 10 10 736634
397 469 12 12 1022922
396 468 14 14 1379130
395 467 16 16 1789933
394 466 18 18 2253204
401 473 4 4 146855
400 472 6 6 284258
399 471 8 8 498723
398 470 10 10 746292
397 469 12 12 1048716
396 468 14 14 1392691
395 467 16 16 1777043
394 466 18 18 2239834
401 473 4 4 150041
400 472 6 6 288385
399 471 8 8 474393
398 470 10 10 726618
397 469 12 12 1036514
396 468 14 14 1381494
395 467 16 16 1781080
394 466 18 18 2254287
401 473 4 4 123802
400 472 6 6 268403
399 471 8 8 460418
398 470 10 10 688424
397 469 12 12 973388
396 468 14 14 1326692
395 467 16 16 1750285
394 466 18 18 2215861
401 473 4 4 141115
400 472 6 6 289576
399 471 8 8 484641
398 470 10 10 723874
397 469 12 12 1020665
396 468 14 14 1361768
395 467 16 16 1769664
394 466 18 18 2226401
401 473 4 4 127816
400 472 6 6 274236
399 471 8 8 480155
398 470 10 10 728056
397 469 12 12 1027932
396 468 14 14 1384282
395 467 16 16 1789700
394 466 18 18 2250374
401 473 4 4 125005
400 472 6 6 272053
399 471 8 8 453529
398 470 10 10 712045
397 469 12 12 1007671
396 468 14 14 1345043
395 467 16 16 1726752
394 466 18 18 2202636
401 473 4 4 152057
400 472 6 6 307491
399 471 8 8 501287
398 470 10 10 752090
397 469 12 12 1059584
396 468 14 14 1385148
395 467 16 16 1774541
394 466 18 18 2237155
401 473 4 4 130840
400 472 6 6 269008
399 471 8 8 457506
398 470 10 10 697537
397 469 12 12 998617
396 468 14 14 1353662
395 467 16 16 1751492
394 466 18 18 2200238
401 473 4 4 141091
400 472 6 6 285122
399 471 8 8 489164
398 470 10 10 733378
397 469 12 12 1027803
396 468 14 14 1382618
395 467 16 16 1809531
394 466 18 18 2270888
401 473 4 4 137296
400 472 6 6 297703
399 471 8 8 487784
398 470 10 10 720260
397 469 12 12 1017473
396 468 14 14 1351348
395 467 16 16 1754418
394 466 18 18 2210614
401 473 4 4 135647
400 472 6 6 277353
399 471 8 8 474667
398 470 10 10 719102
397 469 12 12 1006090
396 468 14 14 1341973
395 467 16 16 1746868
394 466 18 18 2201474
401 473 4 4 123448
400 472 6 6 276345
399 471 8 8 483297
398 470 10 10 720345
397 469 12 12 1018154
396 468 14 14 1363210
395 467 16 16 1763956
394 466 18 18 2223199
401 473 4 4 138459
400 472 6 6 283090
399 471 8 8 476785
398 470 10 10 720253
397 469 12 12 1027530
396 468 14 14 1381953
395 467 16 16 1794232
394 466 18 18 2251562
401 473 4 4 141096
400 472 6 6 275661
399 471 8 8 464582
398 470 10 10 712044
397 469 12 12 1008890
396 468 14 14 1372773
395 467 16 16 1764564
394 466 18 18 2225314
401 473 4 4 143577
400 472 6 6 291646
399 471 8 8 487956
398 470 10 10 749529
397 469 12 12 1037349
396 468 14 14 1389529
395 467 16 16 1801078
394 466 18 18 2252702
401 473 4 4 137013
400 472 6 6 279387
399 471 8 8 472731
398 470 10 10 703899
397 469 12 12 1007599
396 468 14 14 1352213
395 467 16 16 1774163
394 466 18 18 2225969
401 473 4 4 137500
400 472 6 6 282106
399 471 8 8 484220
398 470 10 10 731581
397 469 12 12 1015680
396 468 14 14 1363700
395 467 16 16 1769704
394 466 18 18 2218874
401 473 4 4 144528
400 472 6 6 289528
399 471 8 8 482222
398 470 10 10 734642
397 469 12 12 1030671
396 468 14 14 1376614
395 467 16 16 1776133
394 466 18 18 2224277
401 473 4 4 135286
400 472 6 6 284112
399 471 8 8 486303
398 470 10 10 734747
397 469 12 12 1043038
396 468 14 14 1392718
395 467 16 16 1813376
394 466 18 18 2247322
401 473 4 4 137719
400 472 6 6 285024
399 471 8 8 485562
398 470 10 10 725297
397 469 12 12 1006672
396 468 14 14 1355882
395 467 16 16 1739505
394 466 18 18 2205492
401 473 4 4 124133
400 472 6 6 279173
399 471 8 8 468146
398 470 10 10 710212
397 469 12 12 1010756
396 468 14 14 1358977
395 467 16 16 1767219
394 466 18 18 2228192
401 473 4 4 135312
400 472 6 6 291904
399 471 8 8 473586
398 470 10 10 707674
397 469 12 12 1001752
396 468 14 14 1350261
395 467 16 16 1757226
394 466 18 18 2226368
401 473 4 4 137151
400 472 6 6 277745
399 471 8 8 483174
398 470 10 10 735477
397 469 12 12 1029768
396 468 14 14 1374326
395 467 16 16 1769415
394 466 18 18 2233833
401 473 4 4 141612
400 472 6 6 287809
399 471 8 8 493294
398 470 10 10 726975
397 469 12 12 1024324
396 468 14 14 1362252
395 467 16 16 1780493
394 466 18 18 2221817
401 473 4 4 134930
400 472 6 6 270185
399 471 8 8 462399
398 470 10 10 708213
397 469 12 12 993540
396 468 14 14 1328943
395 467 16 16 1701656
394 466 18 18 2165504
401 473 4 4 121722
400 472 6 6 257470
399 471 8 8 450445
398 470 10 10 697426
397 469 12 12 997906
396 468 14 14 1343252
395 467 16 16 1740921
394 466 18 18 2196112
401 473 4 4 126358
400 472 6 6 273543
399 471 8 8 469478
398 470 10 10 712272
397 469 12 12 1002265
396 468 14 14 1350217
395 467 16 16 1742411
394 466 18 18 2209319
401 473 4 4 131858
400 472 6 6 285111
399 471 8 8 480196
398 470 10 10 737222
397 469 12 12 1026009
396 468 14 14 1372955
395 467 16 16 1770127
394 466 18 18 2230761
401 473 4 4 133671
400 472 6 6 288636
399 471 8 8 484065
398 470 10 10 728127
397 469 12 12 1015340
396 468 14 14 1344436
395 467 16 16 1746196
394 466 18 18 2206210
401 473 4 4 132902
400 472 6 6 285322
399 471 8 8 473555
398 470 10 10 723183
397 469 12 12 1010678
396 468 14 14 1347091
395 467 16 16 1747554
394 466 18 18 2222234
401 473 4 4 130563
400 472 6 6 268236
399 471 8 8 447789
398 470 10 10 673681
397 469 12 12 973937
396 468 14 14 1313211
395 467 16 16 1726694
394 466 18 18 2189366
401 473 4 4 129003
400 472 6 6 277659
399 471 8 8 474245
398 470 10 10 708387
397 469 12 12 996762
396 468 14 14 1334461
395 467 16 16 1748939
394 466 18 18 2211137
401 473 4 4 130133
400 472 6 6 273458
399 471 8 8 463062
398 470 10 10 699464
397 469 12 12 1000463
396 468 14 14 1347186
395 467 16 16 1745160
394 466 18 18 2201708
401 473 4 4 138816
400 472 6 6 289814
399 471 8 8 488274
398 470 10 10 740847
397 469 12 12 1040947
396 468 14 14 1385733
395 467 16 16 1787327
394 466 18 18 2250425
401 473 4 4 144488
400 472 6 6 290091
399 471 8 8 478849
398 470 10 10 716849
397 469 12 12 1004151
396 468 14 14 1355736
395 467 16 16 1761946
394 466 18 18 2221072
401 473 4 4 129419
400 472 6 6 272088
399 471 8 8 461495
398 470 10 10 700902
397 469 12 12 998035
396 468 14 14 1337344
395 467 16 16 1726287
394 466 18 18 2162111
401 473 4 4 133055
400 472 6 6 283409
399 471 8 8 476658
398 470 10 10 720486
397 469 12 12 1015645
396 468 14 14 1370306
395 467 16 16 1762409
394 466 18 18 2225582
401 473 4 4 129252
400 472 6 6 282269
399 471 8 8 481624
398 470 10 10 708232
397 469 12 12 1024898
396 468 14 14 1373563
395 467 16 16 1776989
394 466 18 18 2234161
401 473 4 4 141761
400 472 6 6 284219
399 471 8 8 473289
398 470 10 10 708865
397 469 12 12 1010575
396 468 14 14 1359486
395 467 16 16 1751490
394 466 18 18 2209903
401 473 4 4 133148
400 472 6 6 272142
399 471 8 8 472119
398 470 10 10 712930
397 469 12 12 1019431
396 468 14 14 1367863
395 467 16 16 1770359
394 466 18 18 2207026
401 473 4 4 131969
400 472 6 6 275071
399 471 8 8 470792
398 470 10 10 708971
397 469 12 12 994164
396 468 14 14 1338724
395 467 16 16 1756999
394 466 18 18 2206623
401 473 4 4 132023
400 472 6 6 276595
399 471 8 8 468719
398 470 10 10 711754
397 469 12 12 998942
396 468 14 14 1330639
395 467 16 16 1722920
394 466 18 18 2161082
401 473 4 4 132840
400 472 6 6 280085
399 471 8 8 480483
398 470 10 10 714166
397 469 12 12 1001765
396 468 14 14 1341819
395 467 16 16 1741407
394 466 18 18 2195748
401 473 4 4 126350
400 472 6 6 273245
399 471 8 8 460249
398 470 10 10 704388
397 469 12 12 1007821
396 468 14 14 1362798
395 467 16 16 1768126
394 466 18 18 2215156
401 473 4 4 137508
400 472 6 6 277259
399 471 8 8 469699
398 470 10 10 714873
397 469 12 12 1023213
396 468 14 14 1370988
395 467 16 16 1775194
394 466 18 18 2222760
401 473 4 4 141669
400 472 6 6 289163
399 471 8 8 473782
398 470 10 10 720191
397 469 12 12 1020784
396 468 14 14 1386458
395 467 16 16 1780721
394 466 18 18 2253150
401 473 4 4 141864
400 472 6 6 281470
399 471 8 8 477152
398 470 10 10 729940
397 469 12 12 1031633
396 468 14 14 1395664
395 467 16 16 1784004
394 466 18 18 2247782
401 473 4 4 138287
400 472 6 6 280100
399 471 8 8 478521
398 470 10 10 733121
397 469 12 12 1024542
396 468 14 14 1364460
395 467 16 16 1760300
394 466 18 18 2227333
401 473 4 4 138384
400 472 6 6 288277
399 471 8 8 479602
398 470 10 10 715362
397 469 12 12 1017182
396 468 14 14 1377790
395 467 16 16 1785435
394 466 18 18 2226699
401 473 4 4 135561
400 472 6 6 283159
399 471 8 8 484005
398 470 10 10 729902
397 469 12 12 1017782
396 468 14 14 1358880
395 467 16 16 1760504
394 466 18 18 2207996
401 473 4 4 133033
400 472 6 6 283732
399 471 8 8 472435
398 470 10 10 705751
397 469 12 12 999562
396 468 14 14 1354248
395 467 16 16 1751957
394 466 18 18 2206458
401 473 4 4 133027
400 472 6 6 287647
399 471 8 8 475965
398 470 10 10 727088
397 469 12 12 1029765
396 468 14 14 1401816
395 467 16 16 1793431
394 466 18 18 2250934
401 473 4 4 128512
400 472 6 6 276062
399 471 8 8 461804
398 470 10 10 707484
397 469 12 12 989998
396 468 14 14 1338069
395 467 16 16 1736158
394 466 18 18 2208592
401 473 4 4 131419
400 472 6 6 282221
399 471 8 8 470374
398 470 10 10 730886
397 469 12 12 1016216
396 468 14 14 1374277
395 467 16 16 1767532
394 466 18 18 2229158
401 473 4 4 140823
400 472 6 6 294307
399 471 8 8 490685
398 470 10 10 739232
397 469 12 12 1035561
396 468 14 14 1372888
395 467 16 16 1781083
394 466 18 18 2241043
401 473 4 4 130396
400 472 6 6 281029
399 471 8 8 472762
398 470 10 10 710708
397 469 12 12 1007138
396 468 14 14 1355832
395 467 16 16 1753495
394 466 18 18 2215955
401 473 4 4 133882
400 472 6 6 282851
399 471 8 8 465023
398 470 10 10 712533
397 469 12 12 1002448
396 468 14 14 1348233
395 467 16 16 1751490
394 466 18 18 2207847
401 473 4 4 140897
400 472 6 6 285211
399 471 8 8 479760
398 470 10 10 713296
397 469 12 12 998986
396 468 14 14 1336943
395 467 16 16 1736613
394 466 18 18 2188693
401 473 4 4 131786
400 472 6 6 276442
399 471 8 8 479938
398 470 10 10 714051
397 469 12 12 999336
396 468 14 14 1350827
395 467 16 16 1735545
394 466 18 18 2204087
401 473 4 4 145736
400 472 6 6 286301
399 471 8 8 486151
398 470 10 10 731485
397 469 12 12 1032936
396 468 14 14 1378360
395 467 16 16 1772870
394 466 18 18 2219811
401 473 4 4 143504
400 472 6 6 297396
399 471 8 8 490609
398 470 10 10 725374
397 469 12 12 1033488
396 468 14 14 1384185
395 467 16 16 1782029
394 466 18 18 2239180
401 473 4 4 137872
400 472 6 6 295297
399 471 8 8 498353
398 470 10 10 744137
397 469 12 12 1044125
396 468 14 14 1404216
395 467 16 16 1825073
394 466 18 18 2269007
401 473 4 4 140860
400 472 6 6 284088
399 471 8 8 483571
398 470 10 10 725442
397 469 12 12 1008434
396 468 14 14 1357569
395 467 16 16 1763491
394 466 18 18 2216544
401 473 4 4 127368
400 472 6 6 270305
399 471 8 8 462662
398 470 10 10 702394
397 469 12 12 991385
396 468 14 14 1334751
395 467 16 16 1736707
394 466 18 18 2188048
401 473 4 4 134875
400 472 6 6 272067
399 471 8 8 444814
398 470 10 10 696076
397 469 12 12 980995
396 468 14 14 1322101
395 467 16 16 1728766
394 466 18 18 2182107
401 473 4 4 136248
400 472 6 6 284516
399 471 8 8 479591
398 470 10 10 717949
397 469 12 12 1013482
396 468 14 14 1352944
395 467 16 16 1743914
394 466 18 18 2198602
401 473 4 4 133238
400 472 6 6 284897
399 471 8 8 472541
398 470 10 10 711133
397 469 12 12 1012562
396 468 14 14 1366323
395 467 16 16 1761116
394 466 18 18 2206123
401 473 4 4 127728
400 472 6 6 282858
399 471 8 8 492066
398 470 10 10 744200
397 469 12 12 1022810
396 468 14 14 1373172
395 467 16 16 1788694
394 466 18 18 2252334
401 473 4 4 129709
400 472 6 6 281855
399 471 8 8 466167
398 470 10 10 702859
397 469 12 12 987075
396 468 14 14 1343765
395 467 16 16 1742879
394 466 18 18 2192282
401 473 4 4 143552
400 472 6 6 293070
399 471 8 8 484412
398 470 10 10 719103
397 469 12 12 1011135
396 468 14 14 1362704
395 467 16 16 1755710
394 466 18 18 2208264
401 473 4 4 128924
400 472 6 6 273646
399 471 8 8 457354
398 470 10 10 705013
397 469 12 12 999649
396 468 14 14 1347784
395 467 16 16 1749653
394 466 18 18 2207104
401 473 4 4 130508
400 472 6 6 270756
399 471 8 8 452891
398 470 10 10 697401
397 469 12 12 985819
396 468 14 14 1341254
395 467 16 16 1728540
394 466 18 18 2185364
401 473 4 4 130062
400 472 6 6 275826
399 471 8 8 454179
398 470 10 10 698462
397 469 12 12 980839
396 468 14 14 1326879
395 467 16 16 1719259
394 466 18 18 2165732
401 473 4 4 137107
400 472 6 6 280047
399 471 8 8 485399
398 470 10 10 724721
397 469 12 12 1025757
396 468 14 14 1355677
395 467 16 16 1761117
394 466 18 18 2216198
401 473 4 4 128110
400 472 6 6 264546
399 471 8 8 469559
398 470 10 10 716056
397 469 12 12 1025366
396 468 14 14 1371147
395 467 16 16 1778750
394 466 18 18 2228906
401 473 4 4 132150
400 472 6 6 279959
399 471 8 8 473250
398 470 10 10 720337
397 469 12 12 1012496
396 468 14 14 1361621
395 467 16 16 1773749
394 466 18 18 2243521
401 473 4 4 132445
400 472 6 6 279546
399 471 8 8 475005
398 470 10 10 721551
397 469 12 12 1004727
396 468 14 14 1334227
395 467 16 16 1730911
394 466 18 18 2194761
401 473 4 4 136382
400 472 6 6 287094
399 471 8 8 481440
398 470 10 10 743053
397 469 12 12 1036073
396 468 14 14 1397835
395 467 16 16 1790629
394 466 18 18 2243419
401 473 4 4 132063
400 472 6 6 288675
399 471 8 8 477173
398 470 10 10 716646
397 469 12 12 1019441
396 468 14 14 1350636
395 467 16 16 1755366
394 466 18 18 2214448
401 473 4 4 139950
400 472 6 6 280317
399 471 8 8 460164
398 470 10 10 707361
397 469 12 12 992374
396 468 14 14 1355991
395 467 16 16 1768236
394 466 18 18 2218703
401 473 4 4 130422
400 472 6 6 263916
399 471 8 8 458450
398 470 10 10 690123
397 469 12 12 986456
396 468 14 14 1324262
395 467 16 16 1710860
394 466 18 18 2169883
401 473 4 4 123623
400 472 6 6 273072
399 471 8 8 454692
398 470 10 10 696381
397 469 12 12 995669
396 468 14 14 1348941
395 467 16 16 1746195
394 466 18 18 2194418
401 473 4 4 144043
400 472 6 6 297271
399 471 8 8 486689
398 470 10 10 730919
397 469 12 12 1014521
396 468 14 14 1365348
395 467 16 16 1767280
394 466 18 18 2227701
401 473 4 4 130738
400 472 6 6 275367
399 471 8 8 481488
398 470 10 10 731744
397 469 12 12 1022088
396 468 14 14 1376061
395 467 16 16 1748341
394 466 18 18 2221205
401 473 4 4 130845
400 472 6 6 275333
399 471 8 8 459021
398 470 10 10 686517
397 469 12 12 981481
396 468 14 14 1331666
395 467 16 16 1746242
394 466 18 18 2182207
401 473 4 4 129088
400 472 6 6 284451
399 471 8 8 486632
398 470 10 10 737847
397 469 12 12 1042863
396 468 14 14 1403927
395 467 16 16 1797192
394 466 18 18 2265813
401 473 4 4 130111
400 472 6 6 274942
399 471 8 8 468474
398 470 10 10 719197
397 469 12 12 1010055
396 468 14 14 1355441
395 467 16 16 1758519
394 466 18 18 2210319
401 473 4 4 141034
400 472 6 6 288356
399 471 8 8 479016
398 470 10 10 701835
397 469 12 12 1014269
396 468 14 14 1372741
395 467 16 16 1766199
394 466 18 18 2228046
401 473 4 4 134772
400 472 6 6 283786
399 471 8 8 460804
398 470 10 10 709774
397 469 12 12 1001757
396 468 14 14 1354065
395 467 16 16 1736011
394 466 18 18 2173329
401 473 4 4 131070
400 472 6 6 276394
399 471 8 8 465139
398 470 10 10 691306
397 469 12 12 999440
396 468 14 14 1342413
395 467 16 16 1728910
394 466 18 18 2198725
401 473 4 4 130498
400 472 6 6 280673
399 471 8 8 478880
398 470 10 10 727912
397 469 12 12 1020362
396 468 14 14 1371334
395 467 16 16 1768856
394 466 18 18 2205924
401 473 4 4 129730
400 472 6 6 262464
399 471 8 8 452662
398 470 10 10 688050
397 469 12 12 994601
396 468 14 14 1340120
395 467 16 16 1727537
394 466 18 18 2187321
401 473 4 4 130971
400 472 6 6 282491
399 471 8 8 483052
398 470 10 10 714707
397 469 12 12 995321
396 468 14 14 1330184
395 467 16 16 1723149
394 466 18 18 2153298
401 473 4 4 134505
400 472 6 6 268663
399 471 8 8 465536
398 470 10 10 695394
397 469 12 12 996335
396 468 14 14 1338238
395 467 16 16 1744060
394 466 18 18 2178956
401 473 4 4 133310
400 472 6 6 277647
399 471 8 8 473677
398 470 10 10 709727
397 469 12 12 1006826
396 468 14 14 1351021
395 467 16 16 1742884
394 466 18 18 2198618
401 473 4 4 134290
400 472 6 6 278023
399 471 8 8 465979
398 470 10 10 706109
397 469 12 12 995621
396 468 14 14 1323157
395 467 16 16 1720325
394 466 18 18 2176268
401 473 4 4 134491
400 472 6 6 278737
399 471 8 8 475550
398 470 10 10 707112
397 469 12 12 999317
396 468 14 14 1339641
395 467 16 16 1741744
394 466 18 18 2194438
401 473 4 4 133393
400 472 6 6 292640
399 471 8 8 494940
398 470 10 10 736468
397 469 12 12 1025930
396 468 14 14 1364933
395 467 16 16 1765190
394 466 18 18 2215833
401 473 4 4 130347
400 472 6 6 283178
399 471 8 8 479773
398 470 10 10 725027
397 469 12 12 1016872
396 468 14 14 1380848
395 467 16 16 1789699
394 466 18 18 2257379
401 473 4 4 138946
400 472 6 6 285025
399 471 8 8 481711
398 470 10 10 728199
397 469 12 12 1018416
396 468 14 14 1368596
395 467 16 16 1765841
394 466 18 18 2217912
401 473 4 4 133208
400 472 6 6 271965
399 471 8 8 471153
398 470 10 10 734192
397 469 12 12 1038212
396 468 14 14 1380454
395 467 16 16 1765435
394 466 18 18 2216632
401 473 4 4 134789
400 472 6 6 279633
399 471 8 8 462444
398 470 10 10 700434
397 469 12 12 1005062
396 468 14 14 1356378
395 467 16 16 1759346
394 466 18 18 2225817
401 473 4 4 139561
400 472 6 6 277271
399 471 8 8 473862
398 470 10 10 702326
397 469 12 12 984453
396 468 14 14 1327641
395 467 16 16 1740309
394 466 18 18 2201121
401 473 4 4 128403
400 472 6 6 263081
399 471 8 8 450779
398 470 10 10 682951
397 469 12 12 969499
396 468 14 14 1324971
395 467 16 16 1731857
394 466 18 18 2180161
401 473 4 4 132897
400 472 6 6 287740
399 471 8 8 464536
398 470 10 10 712222
397 469 12 12 1007896
396 468 14 14 1353633
395 467 16 16 1763141
394 466 18 18 2228087
401 473 4 4 133442
400 472 6 6 274296
399 471 8 8 462888
398 470 10 10 704912
397 469 12 12 1014522
396 468 14 14 1367514
395 467 16 16 1765009
394 466 18 18 2210484
401 473 4 4 130352
400 472 6 6 277526
399 471 8 8 459755
398 470 10 10 699777
397 469 12 12 987061
396 468 14 14 1336406
395 467 16 16 1746045
394 466 18 18 2199836
401 473 4 4 132840
400 472 6 6 276544
399 471 8 8 449348
398 470 10 10 708336
397 469 12 12 999144
396 468 14 14 1349220
395 467 16 16 1761308
394 466 18 18 2198955
401 473 4 4 138034
400 472 6 6 302537
399 471 8 8 494631
398 470 10 10 739400
397 469 12 12 1032396
396 468 14 14 1384812
395 467 16 16 1782765
394 466 18 18 2237225
401 473 4 4 124314
400 472 6 6 266919
399 471 8 8 453802
398 470 10 10 695283
397 469 12 12 1006794
396 468 14 14 1354490
395 467 16 16 1746316
394 466 18 18 2214933
401 473 4 4 139963
400 472 6 6 297259
399 471 8 8 501114
398 470 10 10 748763
397 469 12 12 1031715
396 468 14 14 1391376
395 467 16 16 1780228
394 466 18 18 2244715
401 473 4 4 139540
400 472 6 6 281115
399 471 8 8 474608
398 470 10 10 713174
397 469 12 12 1006431
396 468 14 14 1337059
395 467 16 16 1727380
394 466 18 18 2182048
401 473 4 4 127791
400 472 6 6 268889
399 471 8 8 461505
398 470 10 10 703940
397 469 12 12 997725
396 468 14 14 1332926
395 467 16 16 1734728
394 466 18 18 2194521
401 473 4 4 134842
400 472 6 6 272986
399 471 8 8 451659
398 470 10 10 690965
397 469 12 12 983617
396 468 14 14 1336413
395 467 16 16 1729891
394 466 18 18 2175007
401 473 4 4 134715
400 472 6 6 279570
399 471 8 8 469076
398 470 10 10 710465
397 469 12 12 1003022
396 468 14 14 1325395
395 467 16 16 1744278
394 466 18 18 2191101
401 473 4 4 139792
400 472 6 6 288990
399 471 8 8 474130
398 470 10 10 709695
397 469 12 12 990992
396 468 14 14 1337101
395 467 16 16 1745463
394 466 18 18 2201719
401 473 4 4 139934
400 472 6 6 275879
399 471 8 8 471150
398 470 10 10 717950
397 469 12 12 999602
396 468 14 14 1334712
395 467 16 16 1724468
394 466 18 18 2170704
401 473 4 4 138760
400 472 6 6 282993
399 471 8 8 475668
398 470 10 10 698419
397 469 12 12 1005277
396 468 14 14 1367586
395 467 16 16 1762727
394 466 18 18 2225521
401 473 4 4 130561
400 472 6 6 275767
399 471 8 8 456339
398 470 10 10 698467
397 469 12 12 984095
396 468 14 14 1321008
395 467 16 16 1730681
394 466 18 18 2205433
401 473 4 4 123309
400 472 6 6 262821
399 471 8 8 448929
398 470 10 10 697965
397 469 12 12 988547
396 468 14 14 1342491
395 467 16 16 1752426
394 466 18 18 2196685
401 473 4 4 128446
400 472 6 6 277333
399 471 8 8 457135
398 470 10 10 689354
397 469 12 12 962997
396 468 14 14 1296837
395 467 16 16 1688789
394 466 18 18 2147151
401 473 4 4 134152
400 472 6 6 277958
399 471 8 8 465264
398 470 10 10 702922
397 469 12 12 1014168
396 468 14 14 1386601
395 467 16 16 1790021
394 466 18 18 2266837
401 473 4 4 132249
400 472 6 6 279233
399 471 8 8 454247
398 470 10 10 683637
397 469 12 12 980880
396 468 14 14 1338662
395 467 16 16 1733277
394 466 18 18 2196373
401 473 4 4 131185
400 472 6 6 283230
399 471 8 8 475002
398 470 10 10 730538
397 469 12 12 1017447
396 468 14 14 1376058
395 467 16 16 1784286
394 466 18 18 2253146
401 473 4 4 131763
400 472 6 6 279932
399 471 8 8 475196
398 470 10 10 714939
397 469 12 12 1020453
396 468 14 14 1354350
395 467 16 16 1740117
394 466 18 18 2182791
401 473 4 4 130720
400 472 6 6 270389
399 471 8 8 464476
398 470 10 10 698660
397 469 12 12 979814
396 468 14 14 1318356
395 467 16 16 1710425
394 466 18 18 2149708
401 473 4 4 139696
400 472 6 6 278884
399 471 8 8 481312
398 470 10 10 719802
397 469 12 12 1015172
396 468 14 14 1356458
395 467 16 16 1759023
394 466 18 18 2225443
401 473 4 4 122329
400 472 6 6 267044
399 471 8 8 448095
398 470 10 10 685206
397 469 12 12 976425
396 468 14 14 1337209
395 467 16 16 1721837
394 466 18 18 2182071
401 473 4 4 136316
400 472 6 6 294572
399 471 8 8 485285
398 470 10 10 736205
397 469 12 12 1024982
396 468 14 14 1355946
395 467 16 16 1734672
394 466 18 18 2184627
401 473 4 4 127553
400 472 6 6 262200
399 471 8 8 447633
398 470 10 10 683869
397 469 12 12 985688
396 468 14 14 1332378
395 467 16 16 1730369
394 466 18 18 2196839
401 473 4 4 132449
400 472 6 6 291337
399 471 8 8 481672
398 470 10 10 714729
397 469 12 12 1015310
396 468 14 14 1355137
395 467 16 16 1745582
394 466 18 18 2190213
