133 462 4 4 1757
132 461 6 6 4310
131 460 8 8 7812
130 459 10 10 12856
129 458 12 12 17650
128 457 14 14 24188
127 456 16 16 31664
126 455 18 18 40861
133 462 4 4 1977
132 461 6 6 4201
131 460 8 8 7660
130 459 10 10 11593
129 458 12 12 16465
128 457 14 14 22260
127 456 16 16 31163
126 455 18 18 39697
133 462 4 4 2169
132 461 6 6 4785
131 460 8 8 8001
130 459 10 10 12418
129 458 12 12 18618
128 457 14 14 25798
127 456 16 16 33596
126 455 18 18 42068
133 462 4 4 1595
132 461 6 6 3790
131 460 8 8 7425
130 459 10 10 11934
129 458 12 12 17011
128 457 14 14 22926
127 456 16 16 32126
126 455 18 18 40296
133 462 4 4 1728
132 461 6 6 4202
131 460 8 8 7462
130 459 10 10 12405
129 458 12 12 17083
128 457 14 14 23116
127 456 16 16 30602
126 455 18 18 37848
133 462 4 4 2103
132 461 6 6 4599
131 460 8 8 7866
130 459 10 10 12331
129 458 12 12 18399
128 457 14 14 25029
127 456 16 16 32151
126 455 18 18 39459
133 462 4 4 2295
132 461 6 6 5366
131 460 8 8 8860
130 459 10 10 13545
129 458 12 12 19032
128 457 14 14 25638
127 456 16 16 33452
126 455 18 18 42676
133 462 4 4 2836
132 461 6 6 4959
131 460 8 8 7868
130 459 10 10 12547
129 458 12 12 18352
128 457 14 14 24443
127 456 16 16 31119
126 455 18 18 39605
133 462 4 4 1827
132 461 6 6 4205
131 460 8 8 8271
130 459 10 10 12552
129 458 12 12 18216
128 457 14 14 25189
127 456 16 16 32545
126 455 18 18 40648
133 462 4 4 1933
132 461 6 6 4279
131 460 8 8 8422
130 459 10 10 12293
129 458 12 12 17923
128 457 14 14 24754
127 456 16 16 32161
126 455 18 18 40308
133 462 4 4 1753
132 461 6 6 4096
131 460 8 8 7263
130 459 10 10 11658
129 458 12 12 17126
128 457 14 14 23208
127 456 16 16 30310
126 455 18 18 38514
133 462 4 4 1859
132 461 6 6 4310
131 460 8 8 7738
130 459 10 10 11773
129 458 12 12 17699
128 457 14 14 24310
127 456 16 16 31387
126 455 18 18 39842
133 462 4 4 2026
132 461 6 6 4745
131 460 8 8 7981
130 459 10 10 12509
129 458 12 12 17789
128 457 14 14 23958
127 456 16 16 30268
126 455 18 18 38440
133 462 4 4 1525
132 461 6 6 3402
131 460 8 8 7569
130 459 10 10 12516
129 458 12 12 17200
128 457 14 14 23106
127 456 16 16 31637
126 455 18 18 39305
133 462 4 4 1712
132 461 6 6 3519
131 460 8 8 6798
130 459 10 10 11596
129 458 12 12 15804
128 457 14 14 20962
127 456 16 16 27273
126 455 18 18 34502
133 462 4 4 2104
132 461 6 6 4543
131 460 8 8 8010
130 459 10 10 13224
129 458 12 12 18628
128 457 14 14 24796
127 456 16 16 31951
126 455 18 18 41227
133 462 4 4 2167
132 461 6 6 4905
131 460 8 8 8052
130 459 10 10 12964
129 458 12 12 18721
128 457 14 14 24717
127 456 16 16 31599
126 455 18 18 38462
133 462 4 4 1599
132 461 6 6 4225
131 460 8 8 7499
130 459 10 10 11730
129 458 12 12 16813
128 457 14 14 23566
127 456 16 16 31484
126 455 18 18 39817
133 462 4 4 2183
132 461 6 6 4307
131 460 8 8 7403
130 459 10 10 12178
129 458 12 12 17052
128 457 14 14 23886
127 456 16 16 31794
126 455 18 18 39916
133 462 4 4 2059
132 461 6 6 4160
131 460 8 8 6990
130 459 10 10 11162
129 458 12 12 16305
128 457 14 14 22646
127 456 16 16 29473
126 455 18 18 38550
133 462 4 4 2742
132 461 6 6 4736
131 460 8 8 8473
130 459 10 10 12314
129 458 12 12 18150
128 457 14 14 24152
127 456 16 16 31403
126 455 18 18 40312
133 462 4 4 1965
132 461 6 6 4132
131 460 8 8 7841
130 459 10 10 12455
129 458 12 12 17886
128 457 14 14 24407
127 456 16 16 31259
126 455 18 18 39378
133 462 4 4 2097
132 461 6 6 4903
131 460 8 8 8313
130 459 10 10 12483
129 458 12 12 18395
128 457 14 14 25235
127 456 16 16 32527
126 455 18 18 42984
133 462 4 4 2043
132 461 6 6 4546
131 460 8 8 8508
130 459 10 10 13398
129 458 12 12 18594
128 457 14 14 25551
127 456 16 16 34343
126 455 18 18 43135
133 462 4 4 2646
132 461 6 6 5015
131 460 8 8 8327
130 459 10 10 13445
129 458 12 12 19589
128 457 14 14 25632
127 456 16 16 33570
126 455 18 18 42927
133 462 4 4 45766
132 461 6 6 77402
131 460 8 8 126544
130 459 10 10 181985
129 458 12 12 248758
128 457 14 14 337615
127 456 16 16 431356
126 455 18 18 541723
133 462 4 4 59999
132 461 6 6 94143
131 460 8 8 141367
130 459 10 10 194995
129 458 12 12 257595
128 457 14 14 342318
127 456 16 16 430690
126 455 18 18 548760
133 462 4 4 65183
132 461 6 6 101930
131 460 8 8 143796
130 459 10 10 201612
129 458 12 12 259659
128 457 14 14 342282
127 456 16 16 431513
126 455 18 18 541039
133 462 4 4 65580
132 461 6 6 100281
131 460 8 8 150223
130 459 10 10 201150
129 458 12 12 273119
128 457 14 14 348846
127 456 16 16 444274
126 455 18 18 552479
133 462 4 4 61464
132 461 6 6 95542
131 460 8 8 136754
130 459 10 10 195735
129 458 12 12 264302
128 457 14 14 341239
127 456 16 16 432270
126 455 18 18 548731
133 462 4 4 57086
132 461 6 6 89239
131 460 8 8 132272
130 459 10 10 194619
129 458 12 12 268351
128 457 14 14 348201
127 456 16 16 440640
126 455 18 18 560547
133 462 4 4 56450
132 461 6 6 89467
131 460 8 8 132795
130 459 10 10 191132
129 458 12 12 254329
128 457 14 14 326865
127 456 16 16 421222
126 455 18 18 538259
133 462 4 4 62980
132 461 6 6 100845
131 460 8 8 141695
130 459 10 10 193791
129 458 12 12 263165
128 457 14 14 341299
127 456 16 16 437599
126 455 18 18 555388
133 462 4 4 67504
132 461 6 6 101860
131 460 8 8 144513
130 459 10 10 204119
129 458 12 12 270187
128 457 14 14 347961
127 456 16 16 441910
126 455 18 18 554054
133 462 4 4 57091
132 461 6 6 88948
131 460 8 8 135278
130 459 10 10 192508
129 458 12 12 257083
128 457 14 14 331839
127 456 16 16 425031
126 455 18 18 541625
133 462 4 4 61130
132 461 6 6 99427
131 460 8 8 147511
130 459 10 10 199941
129 458 12 12 260880
128 457 14 14 339627
127 456 16 16 435770
126 455 18 18 550386
133 462 4 4 59216
132 461 6 6 96303
131 460 8 8 143825
130 459 10 10 202034
129 458 12 12 267063
128 457 14 14 343134
127 456 16 16 434641
126 455 18 18 549262
133 462 4 4 67127
132 461 6 6 104376
131 460 8 8 143091
130 459 10 10 191632
129 458 12 12 255653
128 457 14 14 331984
127 456 16 16 419793
126 455 18 18 533185
133 462 4 4 55113
132 461 6 6 87212
131 460 8 8 133931
130 459 10 10 183866
129 458 12 12 248886
128 457 14 14 331886
127 456 16 16 423643
126 455 18 18 531517
133 462 4 4 62758
132 461 6 6 96289
131 460 8 8 146407
130 459 10 10 203010
129 458 12 12 267053
128 457 14 14 344116
127 456 16 16 431452
126 455 18 18 539002
133 462 4 4 63143
132 461 6 6 98385
131 460 8 8 145648
130 459 10 10 206065
129 458 12 12 273858
128 457 14 14 350584
127 456 16 16 442252
126 455 18 18 558119
133 462 4 4 60697
132 461 6 6 91508
131 460 8 8 136390
130 459 10 10 192047
129 458 12 12 265881
128 457 14 14 342966
127 456 16 16 442208
126 455 18 18 550315
133 462 4 4 62410
132 461 6 6 100023
131 460 8 8 145544
130 459 10 10 197534
129 458 12 12 257891
128 457 14 14 340549
127 456 16 16 429343
126 455 18 18 527947
133 462 4 4 64250
132 461 6 6 104718
131 460 8 8 150698
130 459 10 10 204275
129 458 12 12 271938
128 457 14 14 343818
127 456 16 16 431918
126 455 18 18 537950
133 462 4 4 61919
132 461 6 6 93667
131 460 8 8 140495
130 459 10 10 197150
129 458 12 12 262639
128 457 14 14 341477
127 456 16 16 428871
126 455 18 18 535169
133 462 4 4 64581
132 461 6 6 103928
131 460 8 8 146130
130 459 10 10 207907
129 458 12 12 273228
128 457 14 14 349893
127 456 16 16 444322
126 455 18 18 555167
133 462 4 4 63056
132 461 6 6 101886
131 460 8 8 142892
130 459 10 10 200146
129 458 12 12 268250
128 457 14 14 339187
127 456 16 16 427852
126 455 18 18 541526
133 462 4 4 65658
132 461 6 6 102765
131 460 8 8 145864
130 459 10 10 204520
129 458 12 12 270271
128 457 14 14 347488
127 456 16 16 431977
126 455 18 18 543698
133 462 4 4 72563
132 461 6 6 105618
131 460 8 8 152243
130 459 10 10 209242
129 458 12 12 278201
128 457 14 14 352747
127 456 16 16 443193
126 455 18 18 555030
133 462 4 4 70990
132 461 6 6 109002
131 460 8 8 152800
130 459 10 10 210585
129 458 12 12 275249
128 457 14 14 345966
127 456 16 16 441991
126 455 18 18 549652
133 462 4 4 66972
132 461 6 6 105344
131 460 8 8 147577
130 459 10 10 201586
129 458 12 12 265472
128 457 14 14 341262
127 456 16 16 432208
126 455 18 18 535983
133 462 4 4 70589
132 461 6 6 108270
131 460 8 8 156606
130 459 10 10 212344
129 458 12 12 276385
128 457 14 14 351391
127 456 16 16 434029
126 455 18 18 537804
133 462 4 4 52495
132 461 6 6 86680
131 460 8 8 130625
130 459 10 10 188280
129 458 12 12 258524
128 457 14 14 334673
127 456 16 16 427916
126 455 18 18 533665
133 462 4 4 60541
132 461 6 6 99274
131 460 8 8 143441
130 459 10 10 200859
129 458 12 12 271436
128 457 14 14 348632
127 456 16 16 437979
126 455 18 18 547836
133 462 4 4 59207
132 461 6 6 92607
131 460 8 8 139482
130 459 10 10 194757
129 458 12 12 265241
128 457 14 14 345802
127 456 16 16 428817
126 455 18 18 533702
133 462 4 4 48671
132 461 6 6 85409
131 460 8 8 124333
130 459 10 10 187473
129 458 12 12 246991
128 457 14 14 326197
127 456 16 16 415842
126 455 18 18 525454
133 462 4 4 64855
132 461 6 6 97518
131 460 8 8 143414
130 459 10 10 202907
129 458 12 12 267683
128 457 14 14 343114
127 456 16 16 428811
126 455 18 18 539879
133 462 4 4 61192
132 461 6 6 95059
131 460 8 8 136304
130 459 10 10 196131
129 458 12 12 257663
128 457 14 14 336307
127 456 16 16 424715
126 455 18 18 535771
133 462 4 4 61070
132 461 6 6 97464
131 460 8 8 140715
130 459 10 10 201287
129 458 12 12 270421
128 457 14 14 348270
127 456 16 16 442372
126 455 18 18 553826
133 462 4 4 57444
132 461 6 6 97595
131 460 8 8 143328
130 459 10 10 204398
129 458 12 12 274435
128 457 14 14 357902
127 456 16 16 441567
126 455 18 18 551794
133 462 4 4 65401
132 461 6 6 105315
131 460 8 8 146688
130 459 10 10 205263
129 458 12 12 270644
128 457 14 14 353581
127 456 16 16 441896
126 455 18 18 542175
133 462 4 4 54581
132 461 6 6 85392
131 460 8 8 127635
130 459 10 10 179938
129 458 12 12 244662
128 457 14 14 326073
127 456 16 16 412878
126 455 18 18 520233
133 462 4 4 64124
132 461 6 6 98603
131 460 8 8 146261
130 459 10 10 203146
129 458 12 12 271689
128 457 14 14 346408
127 456 16 16 434969
126 455 18 18 544637
133 462 4 4 59554
132 461 6 6 92300
131 460 8 8 136242
130 459 10 10 196060
129 458 12 12 264552
128 457 14 14 339989
127 456 16 16 435312
126 455 18 18 540701
133 462 4 4 57071
132 461 6 6 98233
131 460 8 8 137780
130 459 10 10 194000
129 458 12 12 258387
128 457 14 14 339317
127 456 16 16 422984
126 455 18 18 528539
133 462 4 4 62383
132 461 6 6 98663
131 460 8 8 143834
130 459 10 10 197038
129 458 12 12 261632
128 457 14 14 331995
127 456 16 16 417333
126 455 18 18 517232
133 462 4 4 64235
132 461 6 6 108915
131 460 8 8 150818
130 459 10 10 204789
129 458 12 12 275230
128 457 14 14 353949
127 456 16 16 444280
126 455 18 18 546714
133 462 4 4 64787
132 461 6 6 103885
131 460 8 8 146446
130 459 10 10 195769
129 458 12 12 260730
128 457 14 14 341469
127 456 16 16 426002
126 455 18 18 521887
133 462 4 4 60991
132 461 6 6 97932
131 460 8 8 137210
130 459 10 10 193883
129 458 12 12 255793
128 457 14 14 335784
127 456 16 16 414281
126 455 18 18 523474
133 462 4 4 53017
132 461 6 6 90812
131 460 8 8 133673
130 459 10 10 182364
129 458 12 12 254018
128 457 14 14 327821
127 456 16 16 412356
126 455 18 18 515363
133 462 4 4 57758
132 461 6 6 94082
131 460 8 8 134385
130 459 10 10 189489
129 458 12 12 257842
128 457 14 14 330247
127 456 16 16 415651
126 455 18 18 518209
133 462 4 4 57989
132 461 6 6 94714
131 460 8 8 141503
130 459 10 10 191233
129 458 12 12 254280
128 457 14 14 334634
127 456 16 16 418581
126 455 18 18 530509
133 462 4 4 65576
132 461 6 6 103945
131 460 8 8 142850
130 459 10 10 197004
129 458 12 12 266980
128 457 14 14 336661
127 456 16 16 429281
126 455 18 18 539464
133 462 4 4 61668
132 461 6 6 99377
131 460 8 8 139501
130 459 10 10 194140
129 458 12 12 264635
128 457 14 14 344122
127 456 16 16 433968
126 455 18 18 537765
133 462 4 4 60409
132 461 6 6 97152
131 460 8 8 141330
130 459 10 10 191654
129 458 12 12 255756
128 457 14 14 332780
127 456 16 16 415160
126 455 18 18 523125
133 462 4 4 61720
132 461 6 6 95173
131 460 8 8 140983
130 459 10 10 198551
129 458 12 12 260144
128 457 14 14 334609
127 456 16 16 423582
126 455 18 18 534930
133 462 4 4 64078
132 461 6 6 98005
131 460 8 8 143568
130 459 10 10 195875
129 458 12 12 262924
128 457 14 14 337548
127 456 16 16 428328
126 455 18 18 535438
133 462 4 4 61412
132 461 6 6 97459
131 460 8 8 138751
130 459 10 10 187236
129 458 12 12 251261
128 457 14 14 330319
127 456 16 16 417291
126 455 18 18 533742
133 462 4 4 68875
132 461 6 6 107839
131 460 8 8 152580
130 459 10 10 206797
129 458 12 12 272021
128 457 14 14 351462
127 456 16 16 443297
126 455 18 18 566621
133 462 4 4 63407
132 461 6 6 100498
131 460 8 8 137569
130 459 10 10 193116
129 458 12 12 255658
128 457 14 14 329350
127 456 16 16 414606
126 455 18 18 504967
133 462 4 4 58420
132 461 6 6 91363
131 460 8 8 136161
130 459 10 10 191992
129 458 12 12 260848
128 457 14 14 333659
127 456 16 16 422547
126 455 18 18 538372
133 462 4 4 60415
132 461 6 6 99455
131 460 8 8 143292
130 459 10 10 203601
129 458 12 12 266294
128 457 14 14 342714
127 456 16 16 428383
126 455 18 18 536483
133 462 4 4 65201
132 461 6 6 103124
131 460 8 8 151722
130 459 10 10 200306
129 458 12 12 263288
128 457 14 14 336220
127 456 16 16 431504
126 455 18 18 538637
133 462 4 4 56646
132 461 6 6 90850
131 460 8 8 128583
130 459 10 10 189030
129 458 12 12 255061
128 457 14 14 328117
127 456 16 16 417050
126 455 18 18 528913
133 462 4 4 56952
132 461 6 6 91645
131 460 8 8 132333
130 459 10 10 180233
129 458 12 12 241344
128 457 14 14 313526
127 456 16 16 405716
126 455 18 18 517292
133 462 4 4 54401
132 461 6 6 85403
131 460 8 8 131114
130 459 10 10 184658
129 458 12 12 254414
128 457 14 14 335617
127 456 16 16 422501
126 455 18 18 531076
133 462 4 4 58100
132 461 6 6 99076
131 460 8 8 145715
130 459 10 10 195790
129 458 12 12 262215
128 457 14 14 338094
127 456 16 16 425724
126 455 18 18 540617
133 462 4 4 58373
132 461 6 6 92251
131 460 8 8 137514
130 459 10 10 197116
129 458 12 12 259787
128 457 14 14 338755
127 456 16 16 419785
126 455 18 18 527154
133 462 4 4 59198
132 461 6 6 93697
131 460 8 8 135036
130 459 10 10 189653
129 458 12 12 250617
128 457 14 14 326872
127 456 16 16 413066
126 455 18 18 518938
133 462 4 4 60146
132 461 6 6 97837
131 460 8 8 137120
130 459 10 10 198092
129 458 12 12 263467
128 457 14 14 341719
127 456 16 16 433941
126 455 18 18 537343
133 462 4 4 64434
132 461 6 6 98137
131 460 8 8 140663
130 459 10 10 198479
129 458 12 12 266665
128 457 14 14 336274
127 456 16 16 415999
126 455 18 18 526071
133 462 4 4 55806
132 461 6 6 90957
131 460 8 8 136880
130 459 10 10 191511
129 458 12 12 256243
128 457 14 14 330575
127 456 16 16 414774
126 455 18 18 517409
133 462 4 4 55759
132 461 6 6 92064
131 460 8 8 129441
130 459 10 10 187109
129 458 12 12 256180
128 457 14 14 329257
127 456 16 16 414348
126 455 18 18 519986
133 462 4 4 61442
132 461 6 6 97812
131 460 8 8 142194
130 459 10 10 199774
129 458 12 12 261566
128 457 14 14 337298
127 456 16 16 428464
126 455 18 18 534754
133 462 4 4 63646
132 461 6 6 96409
131 460 8 8 140392
130 459 10 10 192287
129 458 12 12 250265
128 457 14 14 321421
127 456 16 16 406056
126 455 18 18 510895
133 462 4 4 51892
132 461 6 6 86065
131 460 8 8 129940
130 459 10 10 185226
129 458 12 12 247923
128 457 14 14 316544
127 456 16 16 401221
126 455 18 18 515955
133 462 4 4 53083
132 461 6 6 84049
131 460 8 8 126149
130 459 10 10 177537
129 458 12 12 241791
128 457 14 14 316448
127 456 16 16 412411
126 455 18 18 521176
133 462 4 4 60760
132 461 6 6 97856
131 460 8 8 142844
130 459 10 10 198512
129 458 12 12 266976
128 457 14 14 336589
127 456 16 16 419738
126 455 18 18 534150
133 462 4 4 56494
132 461 6 6 94657
131 460 8 8 133436
130 459 10 10 193391
129 458 12 12 257418
128 457 14 14 331068
127 456 16 16 424193
126 455 18 18 527303
133 462 4 4 58523
132 461 6 6 91765
131 460 8 8 135747
130 459 10 10 184412
129 458 12 12 244272
128 457 14 14 323586
127 456 16 16 407242
126 455 18 18 512631
133 462 4 4 60926
132 461 6 6 95168
131 460 8 8 133708
130 459 10 10 184950
129 458 12 12 251853
128 457 14 14 330215
127 456 16 16 417626
126 455 18 18 522935
133 462 4 4 61046
132 461 6 6 98797
131 460 8 8 145419
130 459 10 10 201347
129 458 12 12 261039
128 457 14 14 328728
127 456 16 16 413734
126 455 18 18 529552
133 462 4 4 57112
132 461 6 6 84481
131 460 8 8 131215
130 459 10 10 187531
129 458 12 12 256139
128 457 14 14 322008
127 456 16 16 405990
126 455 18 18 509469
133 462 4 4 64722
132 461 6 6 101889
131 460 8 8 146370
130 459 10 10 194854
129 458 12 12 261582
128 457 14 14 333717
127 456 16 16 432889
126 455 18 18 539536
133 462 4 4 61279
132 461 6 6 96193
131 460 8 8 133379
130 459 10 10 186820
129 458 12 12 248605
128 457 14 14 323041
127 456 16 16 414873
126 455 18 18 524290
133 462 4 4 64602
132 461 6 6 101485
131 460 8 8 141410
130 459 10 10 191227
129 458 12 12 249809
128 457 14 14 323083
127 456 16 16 408611
126 455 18 18 510857
133 462 4 4 56552
132 461 6 6 92176
131 460 8 8 132352
130 459 10 10 188630
129 458 12 12 253340
128 457 14 14 320270
127 456 16 16 408973
126 455 18 18 512429
133 462 4 4 57182
132 461 6 6 91532
131 460 8 8 138941
130 459 10 10 196484
129 458 12 12 262154
128 457 14 14 339690
127 456 16 16 420734
126 455 18 18 519472
133 462 4 4 55482
132 461 6 6 88726
131 460 8 8 127779
130 459 10 10 178857
129 458 12 12 239846
128 457 14 14 309191
127 456 16 16 395393
126 455 18 18 496253
133 462 4 4 55535
132 461 6 6 94080
131 460 8 8 137338
130 459 10 10 191216
129 458 12 12 253701
128 457 14 14 325902
127 456 16 16 413554
126 455 18 18 515945
133 462 4 4 57564
132 461 6 6 97463
131 460 8 8 135685
130 459 10 10 196429
129 458 12 12 256280
128 457 14 14 332938
127 456 16 16 424234
126 455 18 18 523055
133 462 4 4 57031
132 461 6 6 93381
131 460 8 8 137499
130 459 10 10 197449
129 458 12 12 263262
128 457 14 14 335891
127 456 16 16 418586
126 455 18 18 527952
133 462 4 4 57279
132 461 6 6 90427
131 460 8 8 131934
130 459 10 10 180387
129 458 12 12 239727
128 457 14 14 313549
127 456 16 16 397859
126 455 18 18 504074
133 462 4 4 59493
132 461 6 6 95333
131 460 8 8 136300
130 459 10 10 188751
129 458 12 12 254823
128 457 14 14 331976
127 456 16 16 414208
126 455 18 18 522416
133 462 4 4 63569
132 461 6 6 97906
131 460 8 8 137672
130 459 10 10 200958
129 458 12 12 273081
128 457 14 14 341688
127 456 16 16 425023
126 455 18 18 537866
133 462 4 4 58127
132 461 6 6 89465
131 460 8 8 129550
130 459 10 10 179726
129 458 12 12 243288
128 457 14 14 317603
127 456 16 16 407572
126 455 18 18 509122
133 462 4 4 57262
132 461 6 6 90049
131 460 8 8 135933
130 459 10 10 188800
129 458 12 12 248919
128 457 14 14 324967
127 456 16 16 413061
126 455 18 18 525702
133 462 4 4 60186
132 461 6 6 94414
131 460 8 8 138373
130 459 10 10 194517
129 458 12 12 261973
128 457 14 14 333203
127 456 16 16 414530
126 455 18 18 512587
133 462 4 4 62196
132 461 6 6 100066
131 460 8 8 143639
130 459 10 10 200118
129 458 12 12 266604
128 457 14 14 337722
127 456 16 16 422788
126 455 18 18 522453
133 462 4 4 51976
132 461 6 6 90564
131 460 8 8 132070
130 459 10 10 185058
129 458 12 12 249173
128 457 14 14 321925
127 456 16 16 401532
126 455 18 18 511789
133 462 4 4 64882
132 461 6 6 94562
131 460 8 8 139839
130 459 10 10 193119
129 458 12 12 253670
128 457 14 14 328103
127 456 16 16 412230
126 455 18 18 515653
133 462 4 4 61413
132 461 6 6 93211
131 460 8 8 131559
130 459 10 10 189698
129 458 12 12 250017
128 457 14 14 329084
127 456 16 16 416665
126 455 18 18 524475
133 462 4 4 58520
132 461 6 6 93849
131 460 8 8 141835
130 459 10 10 192659
129 458 12 12 253364
128 457 14 14 327328
127 456 16 16 416865
126 455 18 18 514457
133 462 4 4 50467
132 461 6 6 82533
131 460 8 8 125882
130 459 10 10 173003
129 458 12 12 237326
128 457 14 14 311474
127 456 16 16 392179
126 455 18 18 498721
133 462 4 4 57296
132 461 6 6 86024
131 460 8 8 128721
130 459 10 10 180674
129 458 12 12 244395
128 457 14 14 321049
127 456 16 16 399872
126 455 18 18 501610
133 462 4 4 60331
132 461 6 6 96646
131 460 8 8 137552
130 459 10 10 188901
129 458 12 12 247926
128 457 14 14 314071
127 456 16 16 397954
126 455 18 18 502821
133 462 4 4 61013
132 461 6 6 94442
131 460 8 8 141837
130 459 10 10 194970
129 458 12 12 256428
128 457 14 14 331266
127 456 16 16 414514
126 455 18 18 510799
133 462 4 4 58410
132 461 6 6 92310
131 460 8 8 133660
130 459 10 10 189002
129 458 12 12 249936
128 457 14 14 322374
127 456 16 16 414564
126 455 18 18 509384
133 462 4 4 61928
132 461 6 6 90846
131 460 8 8 134652
130 459 10 10 196285
129 458 12 12 263021
128 457 14 14 338695
127 456 16 16 422094
126 455 18 18 517814
133 462 4 4 57476
132 461 6 6 90700
131 460 8 8 134334
130 459 10 10 187453
129 458 12 12 249989
128 457 14 14 328587
127 456 16 16 421416
126 455 18 18 526600
133 462 4 4 55552
132 461 6 6 94558
131 460 8 8 138467
130 459 10 10 193092
129 458 12 12 259070
128 457 14 14 332489
127 456 16 16 420949
126 455 18 18 529252
133 462 4 4 60726
132 461 6 6 102862
131 460 8 8 144821
130 459 10 10 195099
129 458 12 12 260952
128 457 14 14 332344
127 456 16 16 415582
126 455 18 18 517119
133 462 4 4 59118
132 461 6 6 90884
131 460 8 8 132883
130 459 10 10 184406
129 458 12 12 248825
128 457 14 14 319783
127 456 16 16 409621
126 455 18 18 515090
133 462 4 4 58205
132 461 6 6 91441
131 460 8 8 136548
130 459 10 10 189934
129 458 12 12 251085
128 457 14 14 326974
127 456 16 16 414463
126 455 18 18 522538
133 462 4 4 58295
132 461 6 6 92595
131 460 8 8 131735
130 459 10 10 186899
129 458 12 12 245194
128 457 14 14 314942
127 456 16 16 404225
126 455 18 18 505757
133 462 4 4 57070
132 461 6 6 90398
131 460 8 8 131397
130 459 10 10 181485
129 458 12 12 245970
128 457 14 14 333218
127 456 16 16 425269
126 455 18 18 527804
133 462 4 4 55744
132 461 6 6 90842
131 460 8 8 133127
130 459 10 10 190858
129 458 12 12 256074
128 457 14 14 327853
127 456 16 16 420086
126 455 18 18 520221
133 462 4 4 58629
132 461 6 6 94565
131 460 8 8 134951
130 459 10 10 189271
129 458 12 12 253001
128 457 14 14 325897
127 456 16 16 418724
126 455 18 18 522866
133 462 4 4 54393
132 461 6 6 84475
131 460 8 8 129524
130 459 10 10 183378
129 458 12 12 251370
128 457 14 14 325232
127 456 16 16 409208
126 455 18 18 512154
133 462 4 4 52121
132 461 6 6 86735
131 460 8 8 123172
130 459 10 10 179849
129 458 12 12 250174
128 457 14 14 325560
127 456 16 16 411529
126 455 18 18 511369
133 462 4 4 56829
132 461 6 6 91719
131 460 8 8 132052
130 459 10 10 185583
129 458 12 12 256106
128 457 14 14 330296
127 456 16 16 411421
126 455 18 18 518022
133 462 4 4 59113
132 461 6 6 94553
131 460 8 8 145935
130 459 10 10 202087
129 458 12 12 268240
128 457 14 14 341270
127 456 16 16 427853
126 455 18 18 533410
133 462 4 4 58699
132 461 6 6 93096
131 460 8 8 131152
130 459 10 10 179016
129 458 12 12 238877
128 457 14 14 315672
127 456 16 16 402103
126 455 18 18 504692
133 462 4 4 61062
132 461 6 6 93250
131 460 8 8 132379
130 459 10 10 181757
129 458 12 12 247132
128 457 14 14 313602
127 456 16 16 396825
126 455 18 18 505060
133 462 4 4 55015
132 461 6 6 85599
131 460 8 8 130356
130 459 10 10 186604
129 458 12 12 258518
128 457 14 14 332836
127 456 16 16 414224
126 455 18 18 517358
133 462 4 4 65656
132 461 6 6 102071
131 460 8 8 139056
130 459 10 10 192570
129 458 12 12 252491
128 457 14 14 323994
127 456 16 16 411674
126 455 18 18 521918
133 462 4 4 64101
132 461 6 6 100172
131 460 8 8 140489
130 459 10 10 192162
129 458 12 12 255660
128 457 14 14 330914
127 456 16 16 411259
126 455 18 18 508088
133 462 4 4 56504
132 461 6 6 95010
131 460 8 8 135754
130 459 10 10 188752
129 458 12 12 252725
128 457 14 14 324498
127 456 16 16 413214
126 455 18 18 510702
133 462 4 4 54436
132 461 6 6 86765
131 460 8 8 129825
130 459 10 10 175333
129 458 12 12 232994
128 457 14 14 301980
127 456 16 16 390048
126 455 18 18 493004
133 462 4 4 64251
132 461 6 6 101865
131 460 8 8 142720
130 459 10 10 196764
129 458 12 12 257227
128 457 14 14 330435
127 456 16 16 421043
126 455 18 18 526474
133 462 4 4 53103
132 461 6 6 88247
131 460 8 8 132725
130 459 10 10 188333
129 458 12 12 253419
128 457 14 14 319953
127 456 16 16 399063
126 455 18 18 501914
133 462 4 4 58974
132 461 6 6 98849
131 460 8 8 150080
130 459 10 10 203247
129 458 12 12 269515
128 457 14 14 343359
127 456 16 16 423415
126 455 18 18 519480
133 462 4 4 59047
132 461 6 6 91686
131 460 8 8 133578
130 459 10 10 179456
129 458 12 12 245170
128 457 14 14 322376
127 456 16 16 407753
126 455 18 18 513632
133 462 4 4 59316
132 461 6 6 98327
131 460 8 8 137890
130 459 10 10 194075
129 458 12 12 256218
128 457 14 14 333461
127 456 16 16 421901
126 455 18 18 529908
133 462 4 4 54652
132 461 6 6 87249
131 460 8 8 128556
130 459 10 10 182498
129 458 12 12 244699
128 457 14 14 314742
127 456 16 16 399085
126 455 18 18 503675
133 462 4 4 51476
132 461 6 6 80843
131 460 8 8 120073
130 459 10 10 174537
129 458 12 12 231917
128 457 14 14 307086
127 456 16 16 392637
126 455 18 18 493737
133 462 4 4 60257
132 461 6 6 92335
131 460 8 8 141782
130 459 10 10 193943
129 458 12 12 261462
128 457 14 14 331701
127 456 16 16 411390
126 455 18 18 519711
133 462 4 4 59312
132 461 6 6 90499
131 460 8 8 132357
130 459 10 10 188821
129 458 12 12 253151
128 457 14 14 330509
127 456 16 16 415880
126 455 18 18 528348
133 462 4 4 57784
132 461 6 6 99129
131 460 8 8 141724
130 459 10 10 199773
129 458 12 12 264050
128 457 14 14 341363
127 456 16 16 423673
126 455 18 18 529985
133 462 4 4 60686
132 461 6 6 96487
131 460 8 8 142022
130 459 10 10 201712
129 458 12 12 265360
128 457 14 14 347997
127 456 16 16 434883
126 455 18 18 536622
133 462 4 4 57151
132 461 6 6 89484
131 460 8 8 125553
130 459 10 10 176722
129 458 12 12 242602
128 457 14 14 319546
127 456 16 16 398896
126 455 18 18 502116
133 462 4 4 57343
132 461 6 6 92587
131 460 8 8 134680
130 459 10 10 186504
129 458 12 12 252015
128 457 14 14 331518
127 456 16 16 416736
126 455 18 18 521560
133 462 4 4 61855
132 461 6 6 97060
131 460 8 8 139716
130 459 10 10 194937
129 458 12 12 260295
128 457 14 14 332223
127 456 16 16 426181
126 455 18 18 523266
133 462 4 4 56483
132 461 6 6 90590
131 460 8 8 125804
130 459 10 10 182556
129 458 12 12 243783
128 457 14 14 317192
127 456 16 16 398987
126 455 18 18 494917
133 462 4 4 54024
132 461 6 6 93870
131 460 8 8 132507
130 459 10 10 190204
129 458 12 12 249898
128 457 14 14 325830
127 456 16 16 409754
126 455 18 18 517136
133 462 4 4 50461
132 461 6 6 85081
131 460 8 8 126842
130 459 10 10 176617
129 458 12 12 239639
128 457 14 14 315868
127 456 16 16 401611
126 455 18 18 500993
133 462 4 4 57454
132 461 6 6 92768
131 460 8 8 130681
130 459 10 10 184324
129 458 12 12 247551
128 457 14 14 321637
127 456 16 16 403161
126 455 18 18 502812
133 462 4 4 53963
132 461 6 6 91205
131 460 8 8 133086
130 459 10 10 183138
129 458 12 12 244052
128 457 14 14 315175
127 456 16 16 395346
126 455 18 18 492270
133 462 4 4 61313
132 461 6 6 94809
131 460 8 8 140222
130 459 10 10 195871
129 458 12 12 258819
128 457 14 14 326328
127 456 16 16 411010
126 455 18 18 509360
133 462 4 4 57889
132 461 6 6 98861
131 460 8 8 145655
130 459 10 10 196339
129 458 12 12 262086
128 457 14 14 334823
127 456 16 16 417541
126 455 18 18 515983
133 462 4 4 59432
132 461 6 6 91923
131 460 8 8 134271
130 459 10 10 185742
129 458 12 12 242179
128 457 14 14 311251
127 456 16 16 409336
126 455 18 18 505991
133 462 4 4 52206
132 461 6 6 89012
131 460 8 8 142103
130 459 10 10 200889
129 458 12 12 266961
128 457 14 14 344238
127 456 16 16 431837
126 455 18 18 535365
133 462 4 4 60796
132 461 6 6 94660
131 460 8 8 134859
130 459 10 10 193248
129 458 12 12 254056
128 457 14 14 326364
127 456 16 16 409898
126 455 18 18 513711
133 462 4 4 54735
132 461 6 6 89105
131 460 8 8 126158
130 459 10 10 178983
129 458 12 12 237122
128 457 14 14 313471
127 456 16 16 397659
126 455 18 18 500578
133 462 4 4 55709
132 461 6 6 90158
131 460 8 8 127930
130 459 10 10 178961
129 458 12 12 239911
128 457 14 14 306298
127 456 16 16 394184
126 455 18 18 495005
133 462 4 4 55533
132 461 6 6 91864
131 460 8 8 132857
130 459 10 10 188394
129 458 12 12 250053
128 457 14 14 319690
127 456 16 16 408929
126 455 18 18 519154
133 462 4 4 58610
132 461 6 6 95532
131 460 8 8 141575
130 459 10 10 196082
129 458 12 12 261016
128 457 14 14 341195
127 456 16 16 426008
126 455 18 18 531727
133 462 4 4 55854
132 461 6 6 88845
131 460 8 8 130257
130 459 10 10 184377
129 458 12 12 254299
128 457 14 14 325047
127 456 16 16 398039
126 455 18 18 500139
133 462 4 4 63003
132 461 6 6 98520
131 460 8 8 142429
130 459 10 10 197828
129 458 12 12 259679
128 457 14 14 330891
127 456 16 16 421508
126 455 18 18 518066
133 462 4 4 54176
132 461 6 6 88964
131 460 8 8 124854
130 459 10 10 175557
129 458 12 12 236389
128 457 14 14 309522
127 456 16 16 389694
126 455 18 18 483923
133 462 4 4 55715
132 461 6 6 91443
131 460 8 8 133974
130 459 10 10 185808
129 458 12 12 255160
128 457 14 14 324137
127 456 16 16 408267
126 455 18 18 510493
133 462 4 4 57424
132 461 6 6 93045
131 460 8 8 130548
130 459 10 10 180457
129 458 12 12 238267
128 457 14 14 309672
127 456 16 16 390293
126 455 18 18 491566
133 462 4 4 58845
132 461 6 6 93181
131 460 8 8 139092
130 459 10 10 183834
129 458 12 12 247617
128 457 14 14 319254
127 456 16 16 406975
126 455 18 18 512704
133 462 4 4 60323
132 461 6 6 92332
131 460 8 8 136757
130 459 10 10 195342
129 458 12 12 262602
128 457 14 14 338717
127 456 16 16 420550
126 455 18 18 538779
133 462 4 4 52909
132 461 6 6 90071
131 460 8 8 134852
130 459 10 10 183399
129 458 12 12 247041
128 457 14 14 322936
127 456 16 16 401440
126 455 18 18 500443
133 462 4 4 51457
132 461 6 6 91691
131 460 8 8 134661
130 459 10 10 190705
129 458 12 12 252859
128 457 14 14 337169
127 456 16 16 426182
126 455 18 18 533470
133 462 4 4 57873
132 461 6 6 98186
131 460 8 8 139689
130 459 10 10 191313
129 458 12 12 251737
128 457 14 14 323198
127 456 16 16 397921
126 455 18 18 502007
133 462 4 4 55363
132 461 6 6 88567
131 460 8 8 125917
130 459 10 10 179972
129 458 12 12 240771
128 457 14 14 312027
127 456 16 16 396214
126 455 18 18 500539
133 462 4 4 57697
132 461 6 6 93939
131 460 8 8 131790
130 459 10 10 187514
129 458 12 12 251822
128 457 14 14 324797
127 456 16 16 415535
126 455 18 18 516477
133 462 4 4 58839
132 461 6 6 95541
131 460 8 8 132154
130 459 10 10 186969
129 458 12 12 248372
128 457 14 14 324714
127 456 16 16 407382
126 455 18 18 513095
133 462 4 4 54859
132 461 6 6 92185
131 460 8 8 130272
130 459 10 10 183718
129 458 12 12 250471
128 457 14 14 322324
127 456 16 16 403480
126 455 18 18 511772
133 462 4 4 57659
132 461 6 6 89103
131 460 8 8 130487
130 459 10 10 181341
129 458 12 12 241302
128 457 14 14 315749
127 456 16 16 406116
126 455 18 18 505364
133 462 4 4 57793
132 461 6 6 95733
131 460 8 8 136594
130 459 10 10 186282
129 458 12 12 248874
128 457 14 14 316752
127 456 16 16 394466
126 455 18 18 495267
133 462 4 4 58849
132 461 6 6 95104
131 460 8 8 133003
130 459 10 10 188477
129 458 12 12 250721
128 457 14 14 319619
127 456 16 16 407689
126 455 18 18 504753
133 462 4 4 57233
132 461 6 6 90501
131 460 8 8 131878
130 459 10 10 195416
129 458 12 12 258683
128 457 14 14 333194
127 456 16 16 415584
126 455 18 18 519124
133 462 4 4 56477
132 461 6 6 94715
131 460 8 8 132162
130 459 10 10 187056
129 458 12 12 257006
128 457 14 14 330822
127 456 16 16 414957
126 455 18 18 512936
133 462 4 4 59724
132 461 6 6 90812
131 460 8 8 130586
130 459 10 10 191636
129 458 12 12 250387
128 457 14 14 327130
127 456 16 16 411934
126 455 18 18 514899
133 462 4 4 55666
132 461 6 6 87252
131 460 8 8 124625
130 459 10 10 179432
129 458 12 12 248789
128 457 14 14 319591
127 456 16 16 403944
126 455 18 18 503143
133 462 4 4 54212
132 461 6 6 86864
131 460 8 8 129060
130 459 10 10 182955
129 458 12 12 247784
128 457 14 14 316383
127 456 16 16 401584
126 455 18 18 502321
133 462 4 4 55187
132 461 6 6 93463
131 460 8 8 137368
130 459 10 10 190888
129 458 12 12 255900
128 457 14 14 328167
127 456 16 16 407313
126 455 18 18 509829
133 462 4 4 61968
132 461 6 6 96589
131 460 8 8 137423
130 459 10 10 191005
129 458 12 12 252909
128 457 14 14 321597
127 456 16 16 402262
126 455 18 18 501791
133 462 4 4 59336
132 461 6 6 95071
131 460 8 8 135345
130 459 10 10 191424
129 458 12 12 255749
128 457 14 14 325090
127 456 16 16 410199
126 455 18 18 518432
133 462 4 4 50452
132 461 6 6 83532
131 460 8 8 124734
130 459 10 10 179526
129 458 12 12 236856
128 457 14 14 313748
127 456 16 16 401434
126 455 18 18 497018
133 462 4 4 53050
132 461 6 6 90375
131 460 8 8 132296
130 459 10 10 185873
129 458 12 12 253629
128 457 14 14 335609
127 456 16 16 422122
126 455 18 18 523364
133 462 4 4 47229
132 461 6 6 82075
131 460 8 8 124765
130 459 10 10 177602
129 458 12 12 238511
128 457 14 14 313645
127 456 16 16 399623
126 455 18 18 508291
133 462 4 4 64930
132 461 6 6 99228
131 460 8 8 144217
130 459 10 10 194621
129 458 12 12 258055
128 457 14 14 330379
127 456 16 16 410386
126 455 18 18 516725
133 462 4 4 60053
132 461 6 6 100494
131 460 8 8 148600
130 459 10 10 194847
129 458 12 12 258996
128 457 14 14 333289
127 456 16 16 412103
126 455 18 18 510856
133 462 4 4 60032
132 461 6 6 96735
131 460 8 8 140963
130 459 10 10 189651
129 458 12 12 254537
128 457 14 14 325977
127 456 16 16 403210
126 455 18 18 503390
133 462 4 4 59327
132 461 6 6 95926
131 460 8 8 136492
130 459 10 10 184853
129 458 12 12 248622
128 457 14 14 322121
127 456 16 16 408592
126 455 18 18 508677
133 462 4 4 60711
132 461 6 6 95717
131 460 8 8 138876
130 459 10 10 193340
129 458 12 12 257632
128 457 14 14 345051
127 456 16 16 431809
126 455 18 18 540763
133 462 4 4 57770
132 461 6 6 87551
131 460 8 8 134426
130 459 10 10 190249
129 458 12 12 251509
128 457 14 14 321490
127 456 16 16 398086
126 455 18 18 493394
133 462 4 4 53720
132 461 6 6 89490
131 460 8 8 130096
130 459 10 10 185267
129 458 12 12 242271
128 457 14 14 326038
127 456 16 16 410744
126 455 18 18 510305
133 462 4 4 63689
132 461 6 6 99357
131 460 8 8 140874
130 459 10 10 197926
129 458 12 12 256219
128 457 14 14 329034
127 456 16 16 410011
126 455 18 18 512844
133 462 4 4 63401
132 461 6 6 101406
131 460 8 8 142106
130 459 10 10 192565
129 458 12 12 258436
128 457 14 14 332546
127 456 16 16 418421
126 455 18 18 524179
133 462 4 4 59911
132 461 6 6 93000
131 460 8 8 134033
130 459 10 10 188264
129 458 12 12 243797
128 457 14 14 311388
127 456 16 16 396367
126 455 18 18 502575
133 462 4 4 53626
132 461 6 6 85970
131 460 8 8 129274
130 459 10 10 183508
129 458 12 12 243670
128 457 14 14 324094
127 456 16 16 414448
126 455 18 18 516861
133 462 4 4 51268
132 461 6 6 91676
131 460 8 8 135259
130 459 10 10 189458
129 458 12 12 249914
128 457 14 14 322936
127 456 16 16 408144
126 455 18 18 504235
133 462 4 4 60957
132 461 6 6 97648
131 460 8 8 136707
130 459 10 10 186133
129 458 12 12 244141
128 457 14 14 320397
127 456 16 16 401415
126 455 18 18 508435
133 462 4 4 52334
132 461 6 6 86021
131 460 8 8 128705
130 459 10 10 183182
129 458 12 12 245066
128 457 14 14 322320
127 456 16 16 405867
126 455 18 18 517207
133 462 4 4 54286
132 461 6 6 89078
131 460 8 8 130246
130 459 10 10 180480
129 458 12 12 243408
128 457 14 14 318698
127 456 16 16 407891
126 455 18 18 513843
133 462 4 4 58168
132 461 6 6 92675
131 460 8 8 135268
130 459 10 10 194112
129 458 12 12 259726
128 457 14 14 323793
127 456 16 16 408990
126 455 18 18 513577
133 462 4 4 57714
132 461 6 6 94701
131 460 8 8 140815
130 459 10 10 191623
129 458 12 12 253402
128 457 14 14 317300
127 456 16 16 407081
126 455 18 18 508758
133 462 4 4 57532
132 461 6 6 91360
131 460 8 8 135546
130 459 10 10 182208
129 458 12 12 249423
128 457 14 14 321557
127 456 16 16 406526
126 455 18 18 517695
133 462 4 4 59276
132 461 6 6 96197
131 460 8 8 143606
130 459 10 10 199091
129 458 12 12 263655
128 457 14 14 339578
127 456 16 16 434913
126 455 18 18 529376
133 462 4 4 60264
132 461 6 6 96023
131 460 8 8 134794
130 459 10 10 187583
129 458 12 12 244746
128 457 14 14 320334
127 456 16 16 398223
126 455 18 18 494312
133 462 4 4 57409
132 461 6 6 93571
131 460 8 8 137228
130 459 10 10 185359
129 458 12 12 245909
128 457 14 14 323180
127 456 16 16 411340
126 455 18 18 508274
133 462 4 4 51446
132 461 6 6 89388
131 460 8 8 128978
130 459 10 10 181740
129 458 12 12 247644
128 457 14 14 321861
127 456 16 16 403131
126 455 18 18 518976
133 462 4 4 55115
132 461 6 6 87531
131 460 8 8 134819
130 459 10 10 188864
129 458 12 12 254154
128 457 14 14 326207
127 456 16 16 411164
126 455 18 18 520361
133 462 4 4 52537
132 461 6 6 88799
131 460 8 8 134187
130 459 10 10 186379
129 458 12 12 248249
128 457 14 14 316524
127 456 16 16 399019
126 455 18 18 500554
133 462 4 4 61029
132 461 6 6 98635
131 460 8 8 141580
130 459 10 10 199413
129 458 12 12 259850
128 457 14 14 328838
127 456 16 16 407928
126 455 18 18 507210
133 462 4 4 55726
132 461 6 6 90662
131 460 8 8 138055
130 459 10 10 190089
129 458 12 12 245599
128 457 14 14 324635
127 456 16 16 413310
126 455 18 18 506816
133 462 4 4 54508
132 461 6 6 93765
131 460 8 8 136111
130 459 10 10 188820
129 458 12 12 251229
128 457 14 14 328063
127 456 16 16 415757
126 455 18 18 512479
133 462 4 4 57847
132 461 6 6 93394
131 460 8 8 142935
130 459 10 10 194430
129 458 12 12 256389
128 457 14 14 328005
127 456 16 16 409494
126 455 18 18 508411
133 462 4 4 52947
132 461 6 6 84517
131 460 8 8 128010
130 459 10 10 183036
129 458 12 12 242816
128 457 14 14 312496
127 456 16 16 399233
126 455 18 18 501400
133 462 4 4 60299
132 461 6 6 95573
131 460 8 8 140748
130 459 10 10 200980
129 458 12 12 266890
128 457 14 14 339627
127 456 16 16 426782
126 455 18 18 528893
133 462 4 4 64732
132 461 6 6 107430
131 460 8 8 151548
130 459 10 10 207982
129 458 12 12 267749
128 457 14 14 335691
127 456 16 16 413511
126 455 18 18 517681
133 462 4 4 53412
132 461 6 6 86208
131 460 8 8 124923
130 459 10 10 175589
129 458 12 12 234043
128 457 14 14 303055
127 456 16 16 392436
126 455 18 18 489201
133 462 4 4 56575
132 461 6 6 97838
131 460 8 8 141253
130 459 10 10 195015
129 458 12 12 266363
128 457 14 14 336066
127 456 16 16 416324
126 455 18 18 522920
133 462 4 4 59802
132 461 6 6 93613
131 460 8 8 134463
130 459 10 10 181582
129 458 12 12 240337
128 457 14 14 315264
127 456 16 16 398292
126 455 18 18 502986
133 462 4 4 50732
132 461 6 6 90109
131 460 8 8 132417
130 459 10 10 181709
129 458 12 12 246297
128 457 14 14 312884
127 456 16 16 403182
126 455 18 18 499982
133 462 4 4 60803
132 461 6 6 90367
131 460 8 8 130446
130 459 10 10 188762
129 458 12 12 253995
128 457 14 14 331010
127 456 16 16 422517
126 455 18 18 530072
133 462 4 4 53708
132 461 6 6 84380
131 460 8 8 131814
130 459 10 10 184440
129 458 12 12 247299
128 457 14 14 321609
127 456 16 16 412113
126 455 18 18 521352
133 462 4 4 55850
132 461 6 6 93490
131 460 8 8 146378
130 459 10 10 193675
129 458 12 12 254185
128 457 14 14 329758
127 456 16 16 418371
126 455 18 18 518969
133 462 4 4 56347
132 461 6 6 95030
131 460 8 8 139076
130 459 10 10 191558
129 458 12 12 252818
128 457 14 14 325517
127 456 16 16 413139
126 455 18 18 525890
133 462 4 4 58868
132 461 6 6 95708
131 460 8 8 135116
130 459 10 10 188330
129 458 12 12 247623
128 457 14 14 323764
127 456 16 16 408192
126 455 18 18 506109
133 462 4 4 52725
132 461 6 6 81562
131 460 8 8 126168
130 459 10 10 184276
129 458 12 12 248651
128 457 14 14 321520
127 456 16 16 404228
126 455 18 18 508085
133 462 4 4 59563
132 461 6 6 99573
131 460 8 8 143185
130 459 10 10 199125
129 458 12 12 260517
128 457 14 14 335468
127 456 16 16 420783
126 455 18 18 523026
133 462 4 4 55599
132 461 6 6 92251
131 460 8 8 137133
130 459 10 10 189973
129 458 12 12 243930
128 457 14 14 325607
127 456 16 16 408512
126 455 18 18 507840
133 462 4 4 54997
132 461 6 6 84690
131 460 8 8 123644
130 459 10 10 177225
129 458 12 12 239190
128 457 14 14 309384
127 456 16 16 395987
126 455 18 18 499067
133 462 4 4 64207
132 461 6 6 98789
131 460 8 8 139697
130 459 10 10 192292
129 458 12 12 253065
128 457 14 14 328959
127 456 16 16 415007
126 455 18 18 509164
133 462 4 4 54924
132 461 6 6 90789
131 460 8 8 130167
130 459 10 10 176621
129 458 12 12 242801
128 457 14 14 319893
127 456 16 16 399376
126 455 18 18 509040
133 462 4 4 53567
132 461 6 6 84839
131 460 8 8 128768
130 459 10 10 183927
129 458 12 12 251600
128 457 14 14 323104
127 456 16 16 404037
126 455 18 18 504409
133 462 4 4 53366
132 461 6 6 90631
131 460 8 8 135555
130 459 10 10 196121
129 458 12 12 265902
128 457 14 14 329794
127 456 16 16 417296
126 455 18 18 521294
133 462 4 4 56333
132 461 6 6 91429
131 460 8 8 134935
130 459 10 10 191587
129 458 12 12 258483
128 457 14 14 335865
127 456 16 16 416791
126 455 18 18 503974
133 462 4 4 61802
132 461 6 6 93986
131 460 8 8 141671
130 459 10 10 195552
129 458 12 12 258723
128 457 14 14 330343
127 456 16 16 413190
126 455 18 18 508716
133 462 4 4 56323
132 461 6 6 91423
131 460 8 8 134447
130 459 10 10 189480
129 458 12 12 255059
128 457 14 14 321185
127 456 16 16 404915
126 455 18 18 512222
133 462 4 4 52324
132 461 6 6 92863
131 460 8 8 137508
130 459 10 10 187452
129 458 12 12 248213
128 457 14 14 319644
127 456 16 16 404562
126 455 18 18 501453
133 462 4 4 59152
132 461 6 6 95336
131 460 8 8 135270
130 459 10 10 190322
129 458 12 12 258967
128 457 14 14 332045
127 456 16 16 416287
126 455 18 18 515253
133 462 4 4 59477
132 461 6 6 92826
131 460 8 8 132840
130 459 10 10 193070
129 458 12 12 259484
128 457 14 14 331533
127 456 16 16 415473
126 455 18 18 517050
133 462 4 4 50297
132 461 6 6 85756
131 460 8 8 128315
130 459 10 10 185687
129 458 12 12 250316
128 457 14 14 324227
127 456 16 16 413610
126 455 18 18 507180
133 462 4 4 54118
132 461 6 6 93114
131 460 8 8 135387
130 459 10 10 190026
129 458 12 12 251611
128 457 14 14 325470
127 456 16 16 409410
126 455 18 18 513205
133 462 4 4 55303
132 461 6 6 92235
131 460 8 8 134438
130 459 10 10 185266
129 458 12 12 246703
128 457 14 14 324002
127 456 16 16 405668
126 455 18 18 501207
133 462 4 4 52745
132 461 6 6 90100
131 460 8 8 125128
130 459 10 10 176801
129 458 12 12 237260
128 457 14 14 304226
127 456 16 16 389106
126 455 18 18 488101
133 462 4 4 61156
132 461 6 6 100090
131 460 8 8 137757
130 459 10 10 190243
129 458 12 12 252269
128 457 14 14 326402
127 456 16 16 403932
126 455 18 18 506092
133 462 4 4 58806
132 461 6 6 92235
131 460 8 8 137564
130 459 10 10 196335
129 458 12 12 260254
128 457 14 14 324155
127 456 16 16 408898
126 455 18 18 510939
133 462 4 4 62119
132 461 6 6 99416
131 460 8 8 143403
130 459 10 10 193903
129 458 12 12 252947
128 457 14 14 322250
127 456 16 16 406169
126 455 18 18 512405
133 462 4 4 54425
132 461 6 6 89117
131 460 8 8 133527
130 459 10 10 188098
129 458 12 12 254191
128 457 14 14 324586
127 456 16 16 412515
126 455 18 18 509814
133 462 4 4 58470
132 461 6 6 95010
131 460 8 8 130390
130 459 10 10 183977
129 458 12 12 250549
128 457 14 14 329046
127 456 16 16 416071
126 455 18 18 518312
133 462 4 4 60676
132 461 6 6 95121
131 460 8 8 142083
130 459 10 10 191667
129 458 12 12 257775
128 457 14 14 325818
127 456 16 16 415778
126 455 18 18 518104
133 462 4 4 54829
132 461 6 6 89900
131 460 8 8 134666
130 459 10 10 190074
129 458 12 12 249954
128 457 14 14 323848
127 456 16 16 417651
126 455 18 18 519176
133 462 4 4 56518
132 461 6 6 92830
131 460 8 8 133414
130 459 10 10 188654
129 458 12 12 247155
128 457 14 14 318124
127 456 16 16 392370
126 455 18 18 491070
133 462 4 4 55873
132 461 6 6 89713
131 460 8 8 134274
130 459 10 10 189876
129 458 12 12 256097
128 457 14 14 328576
127 456 16 16 409272
126 455 18 18 507521
133 462 4 4 60976
132 461 6 6 96687
131 460 8 8 134321
130 459 10 10 192069
129 458 12 12 259159
128 457 14 14 331388
127 456 16 16 415359
126 455 18 18 520294
133 462 4 4 56802
132 461 6 6 93538
131 460 8 8 129738
130 459 10 10 176020
129 458 12 12 238968
128 457 14 14 318418
127 456 16 16 399518
126 455 18 18 507296
133 462 4 4 61011
132 461 6 6 94944
131 460 8 8 137644
130 459 10 10 191284
129 458 12 12 249655
128 457 14 14 324012
127 456 16 16 407693
126 455 18 18 512785
133 462 4 4 56530
132 461 6 6 90338
131 460 8 8 129970
130 459 10 10 180974
129 458 12 12 242525
128 457 14 14 323819
127 456 16 16 413939
126 455 18 18 515922
133 462 4 4 53389
132 461 6 6 83316
131 460 8 8 124420
130 459 10 10 175137
129 458 12 12 231061
128 457 14 14 301994
127 456 16 16 384543
126 455 18 18 491685
133 462 4 4 56222
132 461 6 6 89850
131 460 8 8 128811
130 459 10 10 183197
129 458 12 12 253120
128 457 14 14 323831
127 456 16 16 408777
126 455 18 18 510611
133 462 4 4 50188
132 461 6 6 86448
131 460 8 8 132832
130 459 10 10 192839
129 458 12 12 246882
128 457 14 14 328622
127 456 16 16 417001
126 455 18 18 515926
133 462 4 4 52399
132 461 6 6 82748
131 460 8 8 125679
130 459 10 10 178074
129 458 12 12 254138
128 457 14 14 327105
127 456 16 16 410760
126 455 18 18 511137
133 462 4 4 56499
132 461 6 6 92770
131 460 8 8 132166
130 459 10 10 186091
129 458 12 12 252083
128 457 14 14 331646
127 456 16 16 424642
126 455 18 18 533523
133 462 4 4 64435
132 461 6 6 105806
131 460 8 8 153852
130 459 10 10 206662
129 458 12 12 268155
128 457 14 14 343403
127 456 16 16 429405
126 455 18 18 528935
133 462 4 4 57602
132 461 6 6 91478
131 460 8 8 130055
130 459 10 10 183824
129 458 12 12 246571
128 457 14 14 320251
127 456 16 16 410036
126 455 18 18 515277
133 462 4 4 56124
132 461 6 6 92080
131 460 8 8 137277
130 459 10 10 187098
129 458 12 12 252170
128 457 14 14 321802
127 456 16 16 401109
126 455 18 18 505088
133 462 4 4 62269
132 461 6 6 103133
131 460 8 8 146482
130 459 10 10 200977
129 458 12 12 269527
128 457 14 14 347418
127 456 16 16 434289
126 455 18 18 536312
133 462 4 4 54915
132 461 6 6 87736
131 460 8 8 132372
130 459 10 10 186318
129 458 12 12 243706
128 457 14 14 313733
127 456 16 16 400056
126 455 18 18 501743
133 462 4 4 57669
132 461 6 6 96417
131 460 8 8 140989
130 459 10 10 201270
129 458 12 12 267092
128 457 14 14 336260
127 456 16 16 420946
126 455 18 18 524102
133 462 4 4 55581
132 461 6 6 88607
131 460 8 8 133329
130 459 10 10 189749
129 458 12 12 254219
128 457 14 14 322329
127 456 16 16 413637
126 455 18 18 515648
