167 324 4 4 1864
166 323 6 6 4637
165 322 8 8 8205
164 321 10 10 12427
163 320 12 12 18907
162 319 14 14 26641
161 318 16 16 34103
160 317 18 18 41444
167 324 4 4 2027
166 323 6 6 4674
165 322 8 8 7998
164 321 10 10 12127
163 320 12 12 16663
162 319 14 14 24232
161 318 16 16 32532
160 317 18 18 40907
167 324 4 4 1747
166 323 6 6 3871
165 322 8 8 7287
164 321 10 10 11808
163 320 12 12 17693
162 319 14 14 23611
161 318 16 16 31602
160 317 18 18 39675
167 324 4 4 2165
166 323 6 6 5676
165 322 8 8 9120
164 321 10 10 12759
163 320 12 12 17441
162 319 14 14 24001
161 318 16 16 31107
160 317 18 18 39867
167 324 4 4 2074
166 323 6 6 4514
165 322 8 8 8093
164 321 10 10 13098
163 320 12 12 18820
162 319 14 14 24578
161 318 16 16 31179
160 317 18 18 40032
167 324 4 4 2181
166 323 6 6 4515
165 322 8 8 7749
164 321 10 10 12697
163 320 12 12 18583
162 319 14 14 25835
161 318 16 16 33954
160 317 18 18 41737
167 324 4 4 1838
166 323 6 6 4428
165 322 8 8 8209
164 321 10 10 12070
163 320 12 12 16865
162 319 14 14 23229
161 318 16 16 31213
160 317 18 18 39048
167 324 4 4 1844
166 323 6 6 4459
165 322 8 8 7764
164 321 10 10 12601
163 320 12 12 18480
162 319 14 14 24896
161 318 16 16 32779
160 317 18 18 40687
167 324 4 4 1876
166 323 6 6 5323
165 322 8 8 8496
164 321 10 10 12877
163 320 12 12 17758
162 319 14 14 24974
161 318 16 16 32086
160 317 18 18 40545
167 324 4 4 1935
166 323 6 6 3917
165 322 8 8 7474
164 321 10 10 11583
163 320 12 12 17119
162 319 14 14 23843
161 318 16 16 31449
160 317 18 18 39327
167 324 4 4 1740
166 323 6 6 3994
165 322 8 8 7819
164 321 10 10 11593
163 320 12 12 16696
162 319 14 14 23907
161 318 16 16 31098
160 317 18 18 39486
167 324 4 4 2739
166 323 6 6 5322
165 322 8 8 8673
164 321 10 10 13769
163 320 12 12 18378
162 319 14 14 24424
161 318 16 16 31031
160 317 18 18 39531
167 324 4 4 1535
166 323 6 6 3599
165 322 8 8 6666
164 321 10 10 10637
163 320 12 12 16058
162 319 14 14 22065
161 318 16 16 29428
160 317 18 18 37302
167 324 4 4 1550
166 323 6 6 3929
165 322 8 8 6711
164 321 10 10 10437
163 320 12 12 15141
162 319 14 14 21389
161 318 16 16 27543
160 317 18 18 36545
167 324 4 4 1705
166 323 6 6 3767
165 322 8 8 6762
164 321 10 10 11319
163 320 12 12 15098
162 319 14 14 20758
161 318 16 16 27749
160 317 18 18 35077
167 324 4 4 2284
166 323 6 6 4436
165 322 8 8 8097
164 321 10 10 13429
163 320 12 12 19189
162 319 14 14 24906
161 318 16 16 32835
160 317 18 18 41381
167 324 4 4 1946
166 323 6 6 4088
165 322 8 8 6924
164 321 10 10 11271
163 320 12 12 16380
162 319 14 14 22001
161 318 16 16 28635
160 317 18 18 38743
167 324 4 4 1719
166 323 6 6 4004
165 322 8 8 7790
164 321 10 10 12263
163 320 12 12 17141
162 319 14 14 23067
161 318 16 16 29679
160 317 18 18 37143
167 324 4 4 1643
166 323 6 6 4329
165 322 8 8 7475
164 321 10 10 11574
163 320 12 12 16366
162 319 14 14 23232
161 318 16 16 29698
160 317 18 18 37609
167 324 4 4 2222
166 323 6 6 5256
165 322 8 8 8593
164 321 10 10 12463
163 320 12 12 17422
162 319 14 14 24483
161 318 16 16 31332
160 317 18 18 39543
167 324 4 4 1635
166 323 6 6 4348
165 322 8 8 8349
164 321 10 10 12324
163 320 12 12 17969
162 319 14 14 25115
161 318 16 16 32444
160 317 18 18 40142
167 324 4 4 1649
166 323 6 6 4342
165 322 8 8 7504
164 321 10 10 11218
163 320 12 12 17029
162 319 14 14 23415
161 318 16 16 30992
160 317 18 18 38975
167 324 4 4 2649
166 323 6 6 5321
165 322 8 8 8457
164 321 10 10 13198
163 320 12 12 18164
162 319 14 14 24963
161 318 16 16 32417
160 317 18 18 40476
167 324 4 4 3473
166 323 6 6 6804
165 322 8 8 12095
164 321 10 10 18987
163 320 12 12 25249
162 319 14 14 33139
161 318 16 16 42888
160 317 18 18 57732
167 324 4 4 2189
166 323 6 6 4501
165 322 8 8 7693
164 321 10 10 12033
163 320 12 12 17078
162 319 14 14 24057
161 318 16 16 33021
160 317 18 18 40781
167 324 4 4 76362
166 323 6 6 120034
165 322 8 8 173111
164 321 10 10 238011
163 320 12 12 299907
162 319 14 14 386152
161 318 16 16 476695
160 317 18 18 580377
167 324 4 4 105234
166 323 6 6 156221
165 322 8 8 205395
164 321 10 10 270225
163 320 12 12 333301
162 319 14 14 413370
161 318 16 16 494100
160 317 18 18 596489
167 324 4 4 100527
166 323 6 6 147876
165 322 8 8 198213
164 321 10 10 254132
163 320 12 12 325843
162 319 14 14 394301
161 318 16 16 483774
160 317 18 18 584685
167 324 4 4 100097
166 323 6 6 147856
165 322 8 8 199140
164 321 10 10 258635
163 320 12 12 326527
162 319 14 14 399219
161 318 16 16 487205
160 317 18 18 586466
167 324 4 4 105233
166 323 6 6 152655
165 322 8 8 204534
164 321 10 10 262758
163 320 12 12 320206
162 319 14 14 388304
161 318 16 16 470882
160 317 18 18 573891
167 324 4 4 107017
166 323 6 6 152743
165 322 8 8 201501
164 321 10 10 249758
163 320 12 12 319379
162 319 14 14 396041
161 318 16 16 484793
160 317 18 18 579790
167 324 4 4 104897
166 323 6 6 156518
165 322 8 8 212604
164 321 10 10 271459
163 320 12 12 338233
162 319 14 14 409365
161 318 16 16 500887
160 317 18 18 602944
167 324 4 4 104695
166 323 6 6 150869
165 322 8 8 201116
164 321 10 10 262099
163 320 12 12 325529
162 319 14 14 401445
161 318 16 16 493462
160 317 18 18 594522
167 324 4 4 106099
166 323 6 6 149862
165 322 8 8 199553
164 321 10 10 254732
163 320 12 12 320595
162 319 14 14 400056
161 318 16 16 486688
160 317 18 18 578130
167 324 4 4 98563
166 323 6 6 145486
165 322 8 8 201622
164 321 10 10 259298
163 320 12 12 326416
162 319 14 14 397054
161 318 16 16 482158
160 317 18 18 580460
167 324 4 4 98529
166 323 6 6 150790
165 322 8 8 204785
164 321 10 10 262701
163 320 12 12 322989
162 319 14 14 399253
161 318 16 16 485625
160 317 18 18 583824
167 324 4 4 102735
166 323 6 6 152242
165 322 8 8 199512
164 321 10 10 258761
163 320 12 12 324372
162 319 14 14 411217
161 318 16 16 500234
160 317 18 18 605428
167 324 4 4 111166
166 323 6 6 160226
165 322 8 8 209935
164 321 10 10 258506
163 320 12 12 326331
162 319 14 14 402335
161 318 16 16 484969
160 317 18 18 577049
167 324 4 4 106451
166 323 6 6 155600
165 322 8 8 202795
164 321 10 10 260008
163 320 12 12 326627
162 319 14 14 409779
161 318 16 16 488038
160 317 18 18 584280
167 324 4 4 110063
166 323 6 6 157645
165 322 8 8 204747
164 321 10 10 272730
163 320 12 12 340690
162 319 14 14 419227
161 318 16 16 502701
160 317 18 18 609167
167 324 4 4 105526
166 323 6 6 155072
165 322 8 8 210959
164 321 10 10 267533
163 320 12 12 329481
162 319 14 14 403162
161 318 16 16 489294
160 317 18 18 594560
167 324 4 4 113760
166 323 6 6 164850
165 322 8 8 213375
164 321 10 10 271505
163 320 12 12 334068
162 319 14 14 411515
161 318 16 16 504464
160 317 18 18 612262
167 324 4 4 105887
166 323 6 6 155391
165 322 8 8 200075
164 321 10 10 257435
163 320 12 12 327400
162 319 14 14 404972
161 318 16 16 500220
160 317 18 18 597113
167 324 4 4 105626
166 323 6 6 157790
165 322 8 8 207533
164 321 10 10 258010
163 320 12 12 318929
162 319 14 14 393666
161 318 16 16 486598
160 317 18 18 587734
167 324 4 4 107021
166 323 6 6 156216
165 322 8 8 201714
164 321 10 10 259291
163 320 12 12 327030
162 319 14 14 406052
161 318 16 16 492975
160 317 18 18 586549
167 324 4 4 102132
166 323 6 6 155242
165 322 8 8 204138
164 321 10 10 263106
163 320 12 12 329501
162 319 14 14 404585
161 318 16 16 497107
160 317 18 18 598163
167 324 4 4 102445
166 323 6 6 149165
165 322 8 8 195476
164 321 10 10 251476
163 320 12 12 315986
162 319 14 14 390114
161 318 16 16 478981
160 317 18 18 580990
167 324 4 4 100857
166 323 6 6 148793
165 322 8 8 204329
164 321 10 10 264257
163 320 12 12 330142
162 319 14 14 396022
161 318 16 16 486347
160 317 18 18 588266
167 324 4 4 110200
166 323 6 6 157111
165 322 8 8 206588
164 321 10 10 258581
163 320 12 12 322748
162 319 14 14 393693
161 318 16 16 483370
160 317 18 18 590462
167 324 4 4 109049
166 323 6 6 156748
165 322 8 8 197971
164 321 10 10 246538
163 320 12 12 308726
162 319 14 14 382398
161 318 16 16 463150
160 317 18 18 558854
167 324 4 4 106201
166 323 6 6 152763
165 322 8 8 197202
164 321 10 10 251908
163 320 12 12 317479
162 319 14 14 385901
161 318 16 16 474105
160 317 18 18 572752
167 324 4 4 99833
166 323 6 6 151438
165 322 8 8 207690
164 321 10 10 261826
163 320 12 12 326925
162 319 14 14 398415
161 318 16 16 481481
160 317 18 18 593434
167 324 4 4 107192
166 323 6 6 158236
165 322 8 8 208212
164 321 10 10 266070
163 320 12 12 327241
162 319 14 14 409682
161 318 16 16 499913
160 317 18 18 607576
167 324 4 4 88382
166 323 6 6 138760
165 322 8 8 191578
164 321 10 10 249146
163 320 12 12 317695
162 319 14 14 394938
161 318 16 16 481633
160 317 18 18 579959
167 324 4 4 86593
166 323 6 6 137734
165 322 8 8 190044
164 321 10 10 244537
163 320 12 12 314818
162 319 14 14 394892
161 318 16 16 480449
160 317 18 18 580337
167 324 4 4 89249
166 323 6 6 137257
165 322 8 8 182500
164 321 10 10 239010
163 320 12 12 304996
162 319 14 14 387585
161 318 16 16 469491
160 317 18 18 573533
167 324 4 4 115293
166 323 6 6 162013
165 322 8 8 209453
164 321 10 10 270355
163 320 12 12 340919
162 319 14 14 414551
161 318 16 16 501542
160 317 18 18 606969
167 324 4 4 113386
166 323 6 6 162020
165 322 8 8 205474
164 321 10 10 262088
163 320 12 12 326274
162 319 14 14 407244
161 318 16 16 497287
160 317 18 18 593007
167 324 4 4 104837
166 323 6 6 150953
165 322 8 8 201232
164 321 10 10 259434
163 320 12 12 330372
162 319 14 14 409089
161 318 16 16 497964
160 317 18 18 594947
167 324 4 4 111212
166 323 6 6 159147
165 322 8 8 204994
164 321 10 10 262300
163 320 12 12 333047
162 319 14 14 410668
161 318 16 16 496395
160 317 18 18 597977
167 324 4 4 99342
166 323 6 6 149257
165 322 8 8 197689
164 321 10 10 252440
163 320 12 12 316265
162 319 14 14 387706
161 318 16 16 473714
160 317 18 18 576620
167 324 4 4 107440
166 323 6 6 153490
165 322 8 8 202152
164 321 10 10 260173
163 320 12 12 328619
162 319 14 14 401644
161 318 16 16 478362
160 317 18 18 577169
167 324 4 4 108336
166 323 6 6 154560
165 322 8 8 209906
164 321 10 10 271721
163 320 12 12 336310
162 319 14 14 413551
161 318 16 16 500095
160 317 18 18 595970
167 324 4 4 105911
166 323 6 6 149919
165 322 8 8 196804
164 321 10 10 252209
163 320 12 12 315693
162 319 14 14 395641
161 318 16 16 487439
160 317 18 18 582961
167 324 4 4 107504
166 323 6 6 157025
165 322 8 8 204610
164 321 10 10 256880
163 320 12 12 316356
162 319 14 14 387787
161 318 16 16 476735
160 317 18 18 574338
167 324 4 4 112713
166 323 6 6 157528
165 322 8 8 204038
164 321 10 10 258349
163 320 12 12 326989
162 319 14 14 403430
161 318 16 16 488309
160 317 18 18 590036
167 324 4 4 117193
166 323 6 6 164575
165 322 8 8 205411
164 321 10 10 260128
163 320 12 12 325189
162 319 14 14 399332
161 318 16 16 480471
160 317 18 18 574636
167 324 4 4 98677
166 323 6 6 150406
165 322 8 8 197678
164 321 10 10 257531
163 320 12 12 319917
162 319 14 14 385305
161 318 16 16 468471
160 317 18 18 564956
167 324 4 4 103019
166 323 6 6 146231
165 322 8 8 193992
164 321 10 10 252576
163 320 12 12 311787
162 319 14 14 388697
161 318 16 16 477033
160 317 18 18 572490
167 324 4 4 106740
166 323 6 6 151679
165 322 8 8 202435
164 321 10 10 257212
163 320 12 12 327045
162 319 14 14 399802
161 318 16 16 490042
160 317 18 18 588533
167 324 4 4 116669
166 323 6 6 164228
165 322 8 8 214127
164 321 10 10 266696
163 320 12 12 322279
162 319 14 14 400118
161 318 16 16 488821
160 317 18 18 581308
167 324 4 4 107258
166 323 6 6 156778
165 322 8 8 197403
164 321 10 10 252365
163 320 12 12 316292
162 319 14 14 395685
161 318 16 16 483500
160 317 18 18 576704
167 324 4 4 104061
166 323 6 6 151562
165 322 8 8 197097
164 321 10 10 255668
163 320 12 12 318827
162 319 14 14 392655
161 318 16 16 474975
160 317 18 18 579193
167 324 4 4 89379
166 323 6 6 140927
165 322 8 8 196114
164 321 10 10 259398
163 320 12 12 321006
162 319 14 14 398826
161 318 16 16 483379
160 317 18 18 578349
167 324 4 4 118350
166 323 6 6 166459
165 322 8 8 221376
164 321 10 10 281699
163 320 12 12 346329
162 319 14 14 425439
161 318 16 16 515468
160 317 18 18 623224
167 324 4 4 112280
166 323 6 6 160668
165 322 8 8 212237
164 321 10 10 269152
163 320 12 12 339828
162 319 14 14 418100
161 318 16 16 502345
160 317 18 18 606953
167 324 4 4 108296
166 323 6 6 158539
165 322 8 8 206815
164 321 10 10 260933
163 320 12 12 339489
162 319 14 14 425019
161 318 16 16 532010
160 317 18 18 652633
167 324 4 4 113788
166 323 6 6 163608
165 322 8 8 218874
164 321 10 10 275885
163 320 12 12 343906
162 319 14 14 420951
161 318 16 16 505719
160 317 18 18 604585
167 324 4 4 114681
166 323 6 6 164769
165 322 8 8 222681
164 321 10 10 286100
163 320 12 12 360334
162 319 14 14 443434
161 318 16 16 541173
160 317 18 18 658182
167 324 4 4 112013
166 323 6 6 159564
165 322 8 8 207875
164 321 10 10 262320
163 320 12 12 336195
162 319 14 14 415091
161 318 16 16 516468
160 317 18 18 628888
167 324 4 4 107151
166 323 6 6 155615
165 322 8 8 206429
164 321 10 10 267661
163 320 12 12 344595
162 319 14 14 428750
161 318 16 16 527132
160 317 18 18 640243
167 324 4 4 111039
166 323 6 6 156361
165 322 8 8 211573
164 321 10 10 279524
163 320 12 12 350786
162 319 14 14 439888
161 318 16 16 547449
160 317 18 18 673399
167 324 4 4 115927
166 323 6 6 173755
165 322 8 8 241071
164 321 10 10 332147
163 320 12 12 431968
162 319 14 14 542841
161 318 16 16 662588
160 317 18 18 791072
167 324 4 4 136884
166 323 6 6 206574
165 322 8 8 275400
164 321 10 10 360582
163 320 12 12 444347
162 319 14 14 538208
161 318 16 16 655403
160 317 18 18 770546
167 324 4 4 110695
166 323 6 6 168388
165 322 8 8 233185
164 321 10 10 299744
163 320 12 12 382554
162 319 14 14 470713
161 318 16 16 572300
160 317 18 18 694171
167 324 4 4 106731
166 323 6 6 159847
165 322 8 8 217248
164 321 10 10 282828
163 320 12 12 352731
162 319 14 14 426276
161 318 16 16 519214
160 317 18 18 625714
167 324 4 4 103775
166 323 6 6 158673
165 322 8 8 211660
164 321 10 10 264730
163 320 12 12 333688
162 319 14 14 421742
161 318 16 16 515318
160 317 18 18 617353
167 324 4 4 100283
166 323 6 6 151819
165 322 8 8 208458
164 321 10 10 263111
163 320 12 12 329618
162 319 14 14 411209
161 318 16 16 497208
160 317 18 18 602180
167 324 4 4 110494
166 323 6 6 155206
165 322 8 8 209036
164 321 10 10 270468
163 320 12 12 344916
162 319 14 14 426219
161 318 16 16 529408
160 317 18 18 636520
167 324 4 4 110201
166 323 6 6 162113
165 322 8 8 213962
164 321 10 10 275650
163 320 12 12 346413
162 319 14 14 430367
161 318 16 16 533353
160 317 18 18 645410
167 324 4 4 107038
166 323 6 6 160380
165 322 8 8 210017
164 321 10 10 270402
163 320 12 12 334448
162 319 14 14 413046
161 318 16 16 509547
160 317 18 18 626858
167 324 4 4 107180
166 323 6 6 161202
165 322 8 8 215088
164 321 10 10 277574
163 320 12 12 347830
162 319 14 14 426481
161 318 16 16 527334
160 317 18 18 632386
167 324 4 4 116168
166 323 6 6 166793
165 322 8 8 214203
164 321 10 10 267850
163 320 12 12 338336
162 319 14 14 418448
161 318 16 16 500164
160 317 18 18 601193
167 324 4 4 105429
166 323 6 6 148804
165 322 8 8 199836
164 321 10 10 253045
163 320 12 12 317926
162 319 14 14 393620
161 318 16 16 475554
160 317 18 18 577001
167 324 4 4 97542
166 323 6 6 139436
165 322 8 8 192607
164 321 10 10 248958
163 320 12 12 309832
162 319 14 14 383355
161 318 16 16 468381
160 317 18 18 577121
167 324 4 4 112271
166 323 6 6 155073
165 322 8 8 201894
164 321 10 10 257204
163 320 12 12 324636
162 319 14 14 402875
161 318 16 16 492839
160 317 18 18 592925
167 324 4 4 101462
166 323 6 6 145430
165 322 8 8 197314
164 321 10 10 251251
163 320 12 12 315613
162 319 14 14 392064
161 318 16 16 474536
160 317 18 18 577052
167 324 4 4 111584
166 323 6 6 164010
165 322 8 8 210431
164 321 10 10 271678
163 320 12 12 336606
162 319 14 14 417869
161 318 16 16 496641
160 317 18 18 596737
167 324 4 4 99652
166 323 6 6 149272
165 322 8 8 203399
164 321 10 10 261021
163 320 12 12 323191
162 319 14 14 399228
161 318 16 16 487925
160 317 18 18 584761
167 324 4 4 105488
166 323 6 6 151646
165 322 8 8 201809
164 321 10 10 258449
163 320 12 12 328584
162 319 14 14 401422
161 318 16 16 485184
160 317 18 18 589692
167 324 4 4 112812
166 323 6 6 158424
165 322 8 8 206401
164 321 10 10 266950
163 320 12 12 324620
162 319 14 14 402955
161 318 16 16 492520
160 317 18 18 589640
167 324 4 4 100605
166 323 6 6 146633
165 322 8 8 194373
164 321 10 10 249800
163 320 12 12 317726
162 319 14 14 392526
161 318 16 16 475153
160 317 18 18 576317
167 324 4 4 102499
166 323 6 6 147678
165 322 8 8 193960
164 321 10 10 252357
163 320 12 12 317671
162 319 14 14 389696
161 318 16 16 469775
160 317 18 18 579024
167 324 4 4 106901
166 323 6 6 162633
165 322 8 8 208063
164 321 10 10 261723
163 320 12 12 325438
162 319 14 14 400830
161 318 16 16 485557
160 317 18 18 575385
167 324 4 4 109095
166 323 6 6 154585
165 322 8 8 206692
164 321 10 10 260279
163 320 12 12 326361
162 319 14 14 392404
161 318 16 16 470484
160 317 18 18 563296
167 324 4 4 111386
166 323 6 6 152601
165 322 8 8 193566
164 321 10 10 251425
163 320 12 12 308566
162 319 14 14 379484
161 318 16 16 466916
160 317 18 18 557279
167 324 4 4 115349
166 323 6 6 160587
165 322 8 8 204856
164 321 10 10 259380
163 320 12 12 323889
162 319 14 14 404736
161 318 16 16 496357
160 317 18 18 593386
167 324 4 4 101498
166 323 6 6 148484
165 322 8 8 203505
164 321 10 10 256057
163 320 12 12 327006
162 319 14 14 398046
161 318 16 16 482772
160 317 18 18 577981
167 324 4 4 120307
166 323 6 6 166373
165 322 8 8 218647
164 321 10 10 279976
163 320 12 12 340690
162 319 14 14 414632
161 318 16 16 507034
160 317 18 18 594060
167 324 4 4 106413
166 323 6 6 154043
165 322 8 8 201974
164 321 10 10 259292
163 320 12 12 326298
162 319 14 14 398966
161 318 16 16 481202
160 317 18 18 582973
167 324 4 4 100770
166 323 6 6 141212
165 322 8 8 192247
164 321 10 10 240100
163 320 12 12 306388
162 319 14 14 385066
161 318 16 16 479372
160 317 18 18 577356
167 324 4 4 107490
166 323 6 6 152359
165 322 8 8 206638
164 321 10 10 260152
163 320 12 12 325213
162 319 14 14 404045
161 318 16 16 493635
160 317 18 18 592844
167 324 4 4 107277
166 323 6 6 153140
165 322 8 8 201254
164 321 10 10 252970
163 320 12 12 316544
162 319 14 14 389031
161 318 16 16 471905
160 317 18 18 566698
167 324 4 4 97808
166 323 6 6 146821
165 322 8 8 189256
164 321 10 10 244334
163 320 12 12 311115
162 319 14 14 384063
161 318 16 16 468589
160 317 18 18 566205
167 324 4 4 100899
166 323 6 6 146296
165 322 8 8 191587
164 321 10 10 240021
163 320 12 12 309956
162 319 14 14 379038
161 318 16 16 460177
160 317 18 18 562298
167 324 4 4 109842
166 323 6 6 158837
165 322 8 8 206883
164 321 10 10 261460
163 320 12 12 322993
162 319 14 14 396242
161 318 16 16 486207
160 317 18 18 579180
167 324 4 4 101129
166 323 6 6 150002
165 322 8 8 200758
164 321 10 10 263707
163 320 12 12 324075
162 319 14 14 401617
161 318 16 16 494912
160 317 18 18 599467
167 324 4 4 106651
166 323 6 6 157158
165 322 8 8 208196
164 321 10 10 264650
163 320 12 12 326717
162 319 14 14 402203
161 318 16 16 479076
160 317 18 18 576205
167 324 4 4 117920
166 323 6 6 160992
165 322 8 8 208418
164 321 10 10 265262
163 320 12 12 332420
162 319 14 14 408148
161 318 16 16 495006
160 317 18 18 595233
167 324 4 4 106799
166 323 6 6 155262
165 322 8 8 204279
164 321 10 10 262764
163 320 12 12 326299
162 319 14 14 404240
161 318 16 16 492348
160 317 18 18 589283
167 324 4 4 108508
166 323 6 6 155271
165 322 8 8 207072
164 321 10 10 262505
163 320 12 12 323107
162 319 14 14 396614
161 318 16 16 475667
160 317 18 18 575176
167 324 4 4 103671
166 323 6 6 151260
165 322 8 8 195639
164 321 10 10 252627
163 320 12 12 311672
162 319 14 14 385685
161 318 16 16 473331
160 317 18 18 570735
167 324 4 4 104345
166 323 6 6 147651
165 322 8 8 197956
164 321 10 10 257776
163 320 12 12 330558
162 319 14 14 404247
161 318 16 16 484656
160 317 18 18 581379
167 324 4 4 104653
166 323 6 6 153657
165 322 8 8 207551
164 321 10 10 263764
163 320 12 12 327937
162 319 14 14 396644
161 318 16 16 478527
160 317 18 18 576046
167 324 4 4 92172
166 323 6 6 133173
165 322 8 8 175027
164 321 10 10 234582
163 320 12 12 299672
162 319 14 14 377845
161 318 16 16 465127
160 317 18 18 569441
167 324 4 4 116871
166 323 6 6 170511
165 322 8 8 214623
164 321 10 10 264318
163 320 12 12 331983
162 319 14 14 406759
161 318 16 16 490218
160 317 18 18 592814
167 324 4 4 112330
166 323 6 6 154687
165 322 8 8 205362
164 321 10 10 256319
163 320 12 12 326458
162 319 14 14 402573
161 318 16 16 486824
160 317 18 18 590101
167 324 4 4 102815
166 323 6 6 153358
165 322 8 8 203755
164 321 10 10 258839
163 320 12 12 326010
162 319 14 14 393945
161 318 16 16 475578
160 317 18 18 583108
167 324 4 4 111483
166 323 6 6 154475
165 322 8 8 205938
164 321 10 10 261066
163 320 12 12 322076
162 319 14 14 394272
161 318 16 16 482670
160 317 18 18 577213
167 324 4 4 96958
166 323 6 6 145537
165 322 8 8 197182
164 321 10 10 253994
163 320 12 12 321909
162 319 14 14 396276
161 318 16 16 480887
160 317 18 18 586429
167 324 4 4 96692
166 323 6 6 139394
165 322 8 8 185643
164 321 10 10 241547
163 320 12 12 308517
162 319 14 14 383390
161 318 16 16 480178
160 317 18 18 578849
167 324 4 4 101907
166 323 6 6 157451
165 322 8 8 203168
164 321 10 10 257577
163 320 12 12 325413
162 319 14 14 397194
161 318 16 16 488615
160 317 18 18 590751
167 324 4 4 110841
166 323 6 6 150346
165 322 8 8 199188
164 321 10 10 255063
163 320 12 12 316048
162 319 14 14 390038
161 318 16 16 478256
160 317 18 18 581526
167 324 4 4 112940
166 323 6 6 157564
165 322 8 8 209981
164 321 10 10 261622
163 320 12 12 327721
162 319 14 14 404832
161 318 16 16 485445
160 317 18 18 592617
167 324 4 4 99205
166 323 6 6 144673
165 322 8 8 186850
164 321 10 10 240720
163 320 12 12 301944
162 319 14 14 372067
161 318 16 16 456236
160 317 18 18 549834
167 324 4 4 111781
166 323 6 6 158876
165 322 8 8 205294
164 321 10 10 253801
163 320 12 12 313869
162 319 14 14 384420
161 318 16 16 467588
160 317 18 18 555224
167 324 4 4 105822
166 323 6 6 152853
165 322 8 8 202221
164 321 10 10 258011
163 320 12 12 322337
162 319 14 14 386525
161 318 16 16 461207
160 317 18 18 553117
167 324 4 4 112206
166 323 6 6 155958
165 322 8 8 207568
164 321 10 10 271323
163 320 12 12 333632
162 319 14 14 396966
161 318 16 16 483799
160 317 18 18 578290
167 324 4 4 101158
166 323 6 6 144313
165 322 8 8 194828
164 321 10 10 249781
163 320 12 12 314897
162 319 14 14 389869
161 318 16 16 467935
160 317 18 18 560420
167 324 4 4 112973
166 323 6 6 157484
165 322 8 8 207023
164 321 10 10 261886
163 320 12 12 323434
162 319 14 14 399807
161 318 16 16 486184
160 317 18 18 583958
167 324 4 4 108929
166 323 6 6 154771
165 322 8 8 206460
164 321 10 10 258918
163 320 12 12 326348
162 319 14 14 401580
161 318 16 16 484985
160 317 18 18 582093
167 324 4 4 105050
166 323 6 6 145534
165 322 8 8 192255
164 321 10 10 249308
163 320 12 12 310166
162 319 14 14 376044
161 318 16 16 459903
160 317 18 18 561729
167 324 4 4 106551
166 323 6 6 152578
165 322 8 8 198945
164 321 10 10 254479
163 320 12 12 322681
162 319 14 14 393705
161 318 16 16 475606
160 317 18 18 566731
167 324 4 4 107299
166 323 6 6 148546
165 322 8 8 194349
164 321 10 10 251272
163 320 12 12 319180
162 319 14 14 393908
161 318 16 16 469039
160 317 18 18 565199
167 324 4 4 98467
166 323 6 6 142764
165 322 8 8 189848
164 321 10 10 244386
163 320 12 12 309965
162 319 14 14 384703
161 318 16 16 461926
160 317 18 18 558048
167 324 4 4 101159
166 323 6 6 146846
165 322 8 8 194523
164 321 10 10 247860
163 320 12 12 303527
162 319 14 14 370111
161 318 16 16 461164
160 317 18 18 554033
167 324 4 4 92892
166 323 6 6 137137
165 322 8 8 185449
164 321 10 10 238126
163 320 12 12 298619
162 319 14 14 372719
161 318 16 16 459256
160 317 18 18 550577
167 324 4 4 110204
166 323 6 6 160085
165 322 8 8 212460
164 321 10 10 262462
163 320 12 12 321619
162 319 14 14 395524
161 318 16 16 478694
160 317 18 18 578902
167 324 4 4 95467
166 323 6 6 137314
165 322 8 8 183001
164 321 10 10 240684
163 320 12 12 300273
162 319 14 14 377334
161 318 16 16 466639
160 317 18 18 565719
167 324 4 4 104978
166 323 6 6 147606
165 322 8 8 197762
164 321 10 10 254754
163 320 12 12 317487
162 319 14 14 394362
161 318 16 16 474774
160 317 18 18 573037
167 324 4 4 105336
166 323 6 6 147537
165 322 8 8 196886
164 321 10 10 250837
163 320 12 12 318991
162 319 14 14 394084
161 318 16 16 488577
160 317 18 18 586413
167 324 4 4 100638
166 323 6 6 151104
165 322 8 8 198868
164 321 10 10 253845
163 320 12 12 324281
162 319 14 14 399303
161 318 16 16 479884
160 317 18 18 575301
167 324 4 4 100977
166 323 6 6 144218
165 322 8 8 200984
164 321 10 10 263324
163 320 12 12 326963
162 319 14 14 396555
161 318 16 16 477036
160 317 18 18 582253
167 324 4 4 106254
166 323 6 6 155569
165 322 8 8 203672
164 321 10 10 255177
163 320 12 12 325199
162 319 14 14 397615
161 318 16 16 486415
160 317 18 18 580776
167 324 4 4 102944
166 323 6 6 148895
165 322 8 8 198533
164 321 10 10 260615
163 320 12 12 318760
162 319 14 14 394340
161 318 16 16 483454
160 317 18 18 586619
167 324 4 4 99431
166 323 6 6 147722
165 322 8 8 197081
164 321 10 10 249438
163 320 12 12 313446
162 319 14 14 385026
161 318 16 16 469915
160 317 18 18 567323
167 324 4 4 100034
166 323 6 6 147978
165 322 8 8 194703
164 321 10 10 245807
163 320 12 12 306120
162 319 14 14 380814
161 318 16 16 458837
160 317 18 18 558035
167 324 4 4 102268
166 323 6 6 147058
165 322 8 8 196676
164 321 10 10 253774
163 320 12 12 317931
162 319 14 14 393084
161 318 16 16 477530
160 317 18 18 572643
167 324 4 4 103006
166 323 6 6 149162
165 322 8 8 197663
164 321 10 10 247068
163 320 12 12 312796
162 319 14 14 388257
161 318 16 16 475721
160 317 18 18 576821
167 324 4 4 103681
166 323 6 6 152194
165 322 8 8 198681
164 321 10 10 246298
163 320 12 12 309606
162 319 14 14 387954
161 318 16 16 470262
160 317 18 18 567202
167 324 4 4 109580
166 323 6 6 162284
165 322 8 8 212730
164 321 10 10 268767
163 320 12 12 332731
162 319 14 14 400412
161 318 16 16 476190
160 317 18 18 568907
167 324 4 4 102061
166 323 6 6 142809
165 322 8 8 188022
164 321 10 10 241958
163 320 12 12 306502
162 319 14 14 386717
161 318 16 16 464402
160 317 18 18 559685
167 324 4 4 109206
166 323 6 6 156233
165 322 8 8 199497
164 321 10 10 253764
163 320 12 12 314819
162 319 14 14 383069
161 318 16 16 474039
160 317 18 18 571977
167 324 4 4 95019
166 323 6 6 147242
165 322 8 8 199326
164 321 10 10 249335
163 320 12 12 315518
162 319 14 14 387147
161 318 16 16 472614
160 317 18 18 576074
167 324 4 4 101368
166 323 6 6 144459
165 322 8 8 196249
164 321 10 10 256183
163 320 12 12 321206
162 319 14 14 387295
161 318 16 16 469480
160 317 18 18 560917
167 324 4 4 98764
166 323 6 6 140300
165 322 8 8 187066
164 321 10 10 242841
163 320 12 12 303427
162 319 14 14 373787
161 318 16 16 459356
160 317 18 18 555896
167 324 4 4 107234
166 323 6 6 154926
165 322 8 8 202570
164 321 10 10 260112
163 320 12 12 319279
162 319 14 14 386115
161 318 16 16 477686
160 317 18 18 565827
167 324 4 4 109117
166 323 6 6 154242
165 322 8 8 196803
164 321 10 10 255709
163 320 12 12 317999
162 319 14 14 390730
161 318 16 16 481061
160 317 18 18 570345
167 324 4 4 103665
166 323 6 6 153093
165 322 8 8 206895
164 321 10 10 260764
163 320 12 12 328465
162 319 14 14 397050
161 318 16 16 475274
160 317 18 18 579054
167 324 4 4 107559
166 323 6 6 157779
165 322 8 8 211116
164 321 10 10 269561
163 320 12 12 331362
162 319 14 14 397921
161 318 16 16 482365
160 317 18 18 578840
167 324 4 4 94544
166 323 6 6 137679
165 322 8 8 192070
164 321 10 10 250012
163 320 12 12 310105
162 319 14 14 377258
161 318 16 16 467504
160 317 18 18 563999
167 324 4 4 103634
166 323 6 6 149182
165 322 8 8 198735
164 321 10 10 263170
163 320 12 12 333536
162 319 14 14 416893
161 318 16 16 510194
160 317 18 18 609815
167 324 4 4 108477
166 323 6 6 149953
165 322 8 8 197057
164 321 10 10 257983
163 320 12 12 317191
162 319 14 14 395133
161 318 16 16 490860
160 317 18 18 593241
167 324 4 4 100150
166 323 6 6 148622
165 322 8 8 196452
164 321 10 10 254355
163 320 12 12 321853
162 319 14 14 394857
161 318 16 16 475664
160 317 18 18 570038
167 324 4 4 103267
166 323 6 6 152831
165 322 8 8 203654
164 321 10 10 259275
163 320 12 12 322570
162 319 14 14 400256
161 318 16 16 490473
160 317 18 18 590229
167 324 4 4 105188
166 323 6 6 148605
165 322 8 8 197162
164 321 10 10 253973
163 320 12 12 311402
162 319 14 14 386775
161 318 16 16 475655
160 317 18 18 576935
167 324 4 4 108898
166 323 6 6 154217
165 322 8 8 203864
164 321 10 10 263070
163 320 12 12 337986
162 319 14 14 421334
161 318 16 16 513800
160 317 18 18 622821
167 324 4 4 102754
166 323 6 6 152142
165 322 8 8 199095
164 321 10 10 259159
163 320 12 12 318301
162 319 14 14 396283
161 318 16 16 477661
160 317 18 18 570544
167 324 4 4 99887
166 323 6 6 142655
165 322 8 8 187640
164 321 10 10 242413
163 320 12 12 297883
162 319 14 14 371026
161 318 16 16 456522
160 317 18 18 544157
167 324 4 4 108155
166 323 6 6 155327
165 322 8 8 200329
164 321 10 10 250930
163 320 12 12 310352
162 319 14 14 381449
161 318 16 16 464613
160 317 18 18 562904
167 324 4 4 93080
166 323 6 6 138219
165 322 8 8 179999
164 321 10 10 233051
163 320 12 12 301670
162 319 14 14 381618
161 318 16 16 462862
160 317 18 18 552136
167 324 4 4 103661
166 323 6 6 147944
165 322 8 8 189375
164 321 10 10 247532
163 320 12 12 313244
162 319 14 14 385159
161 318 16 16 470557
160 317 18 18 564910
167 324 4 4 95180
166 323 6 6 139296
165 322 8 8 194492
164 321 10 10 247705
163 320 12 12 311734
162 319 14 14 384151
161 318 16 16 470486
160 317 18 18 565216
167 324 4 4 99846
166 323 6 6 144050
165 322 8 8 191187
164 321 10 10 240585
163 320 12 12 308354
162 319 14 14 378245
161 318 16 16 469430
160 317 18 18 564976
167 324 4 4 103424
166 323 6 6 147281
165 322 8 8 196769
164 321 10 10 252257
163 320 12 12 311224
162 319 14 14 382949
161 318 16 16 461308
160 317 18 18 558600
167 324 4 4 103363
166 323 6 6 147125
165 322 8 8 188351
164 321 10 10 244781
163 320 12 12 310955
162 319 14 14 380429
161 318 16 16 468035
160 317 18 18 564334
167 324 4 4 99874
166 323 6 6 151165
165 322 8 8 201839
164 321 10 10 256075
163 320 12 12 320492
162 319 14 14 390598
161 318 16 16 472507
160 317 18 18 563092
167 324 4 4 90609
166 323 6 6 139226
165 322 8 8 184442
164 321 10 10 236916
163 320 12 12 295757
162 319 14 14 371110
161 318 16 16 452837
160 317 18 18 548605
167 324 4 4 98354
166 323 6 6 140726
165 322 8 8 191085
164 321 10 10 247851
163 320 12 12 313248
162 319 14 14 388445
161 318 16 16 477253
160 317 18 18 571057
167 324 4 4 101079
166 323 6 6 143873
165 322 8 8 191024
164 321 10 10 249980
163 320 12 12 303833
162 319 14 14 371669
161 318 16 16 448761
160 317 18 18 528654
167 324 4 4 105069
166 323 6 6 153177
165 322 8 8 206037
164 321 10 10 260840
163 320 12 12 321910
162 319 14 14 397509
161 318 16 16 476477
160 317 18 18 570367
167 324 4 4 102709
166 323 6 6 149049
165 322 8 8 198805
164 321 10 10 257292
163 320 12 12 316843
162 319 14 14 389271
161 318 16 16 470244
160 317 18 18 561760
167 324 4 4 99637
166 323 6 6 149080
165 322 8 8 197976
164 321 10 10 254718
163 320 12 12 320187
162 319 14 14 391342
161 318 16 16 486226
160 317 18 18 591922
167 324 4 4 102734
166 323 6 6 151259
165 322 8 8 198083
164 321 10 10 259049
163 320 12 12 317380
162 319 14 14 400388
161 318 16 16 496072
160 317 18 18 590733
167 324 4 4 103019
166 323 6 6 145113
165 322 8 8 193507
164 321 10 10 251731
163 320 12 12 324645
162 319 14 14 392003
161 318 16 16 476963
160 317 18 18 581362
167 324 4 4 109825
166 323 6 6 157245
165 322 8 8 205822
164 321 10 10 262466
163 320 12 12 329618
162 319 14 14 407685
161 318 16 16 489911
160 317 18 18 594606
167 324 4 4 96233
166 323 6 6 145667
165 322 8 8 197331
164 321 10 10 256905
163 320 12 12 327591
162 319 14 14 414079
161 318 16 16 506066
160 317 18 18 612962
167 324 4 4 105910
166 323 6 6 155751
165 322 8 8 203543
164 321 10 10 262544
163 320 12 12 327367
162 319 14 14 394549
161 318 16 16 482229
160 317 18 18 589718
167 324 4 4 109103
166 323 6 6 152254
165 322 8 8 197897
164 321 10 10 251276
163 320 12 12 319555
162 319 14 14 395609
161 318 16 16 489739
160 317 18 18 596730
167 324 4 4 100026
166 323 6 6 148390
165 322 8 8 201390
164 321 10 10 260812
163 320 12 12 325792
162 319 14 14 389753
161 318 16 16 477348
160 317 18 18 580107
167 324 4 4 105921
166 323 6 6 143561
165 322 8 8 191532
164 321 10 10 253068
163 320 12 12 315102
162 319 14 14 386949
161 318 16 16 479899
160 317 18 18 579272
167 324 4 4 109913
166 323 6 6 158607
165 322 8 8 209713
164 321 10 10 267012
163 320 12 12 327250
162 319 14 14 397988
161 318 16 16 484484
160 317 18 18 583106
167 324 4 4 104494
166 323 6 6 152792
165 322 8 8 201945
164 321 10 10 257667
163 320 12 12 315857
162 319 14 14 387841
161 318 16 16 483609
160 317 18 18 593344
167 324 4 4 108668
166 323 6 6 157237
165 322 8 8 206685
164 321 10 10 258690
163 320 12 12 313976
162 319 14 14 388159
161 318 16 16 467208
160 317 18 18 568356
167 324 4 4 106976
166 323 6 6 158570
165 322 8 8 203722
164 321 10 10 266359
163 320 12 12 322990
162 319 14 14 394117
161 318 16 16 473762
160 317 18 18 577245
167 324 4 4 103735
166 323 6 6 156207
165 322 8 8 203657
164 321 10 10 256350
163 320 12 12 320364
162 319 14 14 398201
161 318 16 16 485947
160 317 18 18 578514
167 324 4 4 109503
166 323 6 6 159292
165 322 8 8 207306
164 321 10 10 260474
163 320 12 12 326326
162 319 14 14 401744
161 318 16 16 493597
160 317 18 18 587659
167 324 4 4 106858
166 323 6 6 157753
165 322 8 8 208848
164 321 10 10 261841
163 320 12 12 333040
162 319 14 14 405432
161 318 16 16 487994
160 317 18 18 588946
167 324 4 4 102683
166 323 6 6 149414
165 322 8 8 209797
164 321 10 10 268237
163 320 12 12 329125
162 319 14 14 404064
161 318 16 16 495675
160 317 18 18 596008
167 324 4 4 108118
166 323 6 6 154978
165 322 8 8 204331
164 321 10 10 264873
163 320 12 12 329853
162 319 14 14 404950
161 318 16 16 488733
160 317 18 18 586404
167 324 4 4 98518
166 323 6 6 142840
165 322 8 8 199102
164 321 10 10 258161
163 320 12 12 314187
162 319 14 14 384743
161 318 16 16 475932
160 317 18 18 568823
167 324 4 4 112960
166 323 6 6 158271
165 322 8 8 207797
164 321 10 10 264942
163 320 12 12 327351
162 319 14 14 397400
161 318 16 16 477763
160 317 18 18 571703
167 324 4 4 110154
166 323 6 6 161669
165 322 8 8 209236
164 321 10 10 260593
163 320 12 12 327211
162 319 14 14 391414
161 318 16 16 480308
160 317 18 18 574279
167 324 4 4 100226
166 323 6 6 148366
165 322 8 8 197467
164 321 10 10 249545
163 320 12 12 313455
162 319 14 14 388535
161 318 16 16 467698
160 317 18 18 563170
167 324 4 4 99047
166 323 6 6 140365
165 322 8 8 185813
164 321 10 10 233402
163 320 12 12 296852
162 319 14 14 362622
161 318 16 16 456820
160 317 18 18 556326
167 324 4 4 88038
166 323 6 6 132710
165 322 8 8 181120
164 321 10 10 231689
163 320 12 12 295993
162 319 14 14 372418
161 318 16 16 456564
160 317 18 18 555815
167 324 4 4 95156
166 323 6 6 143936
165 322 8 8 196080
164 321 10 10 250072
163 320 12 12 317585
162 319 14 14 392786
161 318 16 16 476119
160 317 18 18 568028
167 324 4 4 106954
166 323 6 6 155473
165 322 8 8 210705
164 321 10 10 266198
163 320 12 12 330717
162 319 14 14 404899
161 318 16 16 481960
160 317 18 18 580048
167 324 4 4 96273
166 323 6 6 143192
165 322 8 8 195200
164 321 10 10 254523
163 320 12 12 323820
162 319 14 14 400188
161 318 16 16 484839
160 317 18 18 579153
167 324 4 4 104933
166 323 6 6 150065
165 322 8 8 191999
164 321 10 10 251682
163 320 12 12 312743
162 319 14 14 383483
161 318 16 16 469398
160 317 18 18 570983
167 324 4 4 96633
166 323 6 6 141927
165 322 8 8 188478
164 321 10 10 241572
163 320 12 12 306218
162 319 14 14 375120
161 318 16 16 466077
160 317 18 18 558959
167 324 4 4 106963
166 323 6 6 154061
165 322 8 8 198445
164 321 10 10 251253
163 320 12 12 316010
162 319 14 14 381880
161 318 16 16 464733
160 317 18 18 557075
167 324 4 4 104336
166 323 6 6 153331
165 322 8 8 199526
164 321 10 10 254476
163 320 12 12 315602
162 319 14 14 384122
161 318 16 16 470891
160 317 18 18 571081
167 324 4 4 108937
166 323 6 6 155235
165 322 8 8 196485
164 321 10 10 249822
163 320 12 12 305134
162 319 14 14 381820
161 318 16 16 463418
160 317 18 18 571052
167 324 4 4 94949
166 323 6 6 146814
165 322 8 8 197949
164 321 10 10 258776
163 320 12 12 320097
162 319 14 14 396351
161 318 16 16 478219
160 317 18 18 575620
167 324 4 4 100955
166 323 6 6 152237
165 322 8 8 198795
164 321 10 10 248624
163 320 12 12 315924
162 319 14 14 390181
161 318 16 16 472450
160 317 18 18 553694
167 324 4 4 103842
166 323 6 6 152580
165 322 8 8 195142
164 321 10 10 256154
163 320 12 12 317213
162 319 14 14 396805
161 318 16 16 476900
160 317 18 18 573760
167 324 4 4 96959
166 323 6 6 139453
165 322 8 8 186946
164 321 10 10 244658
163 320 12 12 299171
162 319 14 14 371592
161 318 16 16 454344
160 317 18 18 547412
167 324 4 4 96454
166 323 6 6 138721
165 322 8 8 182098
164 321 10 10 236344
163 320 12 12 300754
162 319 14 14 380166
161 318 16 16 465398
160 317 18 18 558684
167 324 4 4 102494
166 323 6 6 149330
165 322 8 8 200723
164 321 10 10 258166
163 320 12 12 315321
162 319 14 14 391150
161 318 16 16 477463
160 317 18 18 571010
167 324 4 4 102630
166 323 6 6 148437
165 322 8 8 192772
164 321 10 10 240260
163 320 12 12 296639
162 319 14 14 368790
161 318 16 16 455017
160 317 18 18 550539
167 324 4 4 99289
166 323 6 6 150791
165 322 8 8 196837
164 321 10 10 249197
163 320 12 12 309280
162 319 14 14 380542
161 318 16 16 464318
160 317 18 18 566325
167 324 4 4 95856
166 323 6 6 142727
165 322 8 8 188626
164 321 10 10 243229
163 320 12 12 302579
162 319 14 14 374996
161 318 16 16 465528
160 317 18 18 561641
167 324 4 4 105769
166 323 6 6 150405
165 322 8 8 202934
164 321 10 10 256512
163 320 12 12 313290
162 319 14 14 382558
161 318 16 16 467304
160 317 18 18 564032
167 324 4 4 107748
166 323 6 6 154252
165 322 8 8 202205
164 321 10 10 253912
163 320 12 12 318924
162 319 14 14 394294
161 318 16 16 477235
160 317 18 18 566176
167 324 4 4 98126
166 323 6 6 151446
165 322 8 8 202210
164 321 10 10 257968
163 320 12 12 318560
162 319 14 14 385659
161 318 16 16 470439
160 317 18 18 559284
167 324 4 4 101299
166 323 6 6 146949
165 322 8 8 196677
164 321 10 10 253309
163 320 12 12 318219
162 319 14 14 385889
161 318 16 16 460817
160 317 18 18 559491
167 324 4 4 96709
166 323 6 6 143175
165 322 8 8 189796
164 321 10 10 249046
163 320 12 12 312765
162 319 14 14 382992
161 318 16 16 475250
160 317 18 18 569185
167 324 4 4 98778
166 323 6 6 146652
165 322 8 8 195063
164 321 10 10 255915
163 320 12 12 319705
162 319 14 14 400090
161 318 16 16 478748
160 317 18 18 571763
167 324 4 4 101529
166 323 6 6 145781
165 322 8 8 194040
164 321 10 10 251772
163 320 12 12 317717
162 319 14 14 384570
161 318 16 16 471713
160 317 18 18 557296
167 324 4 4 106535
166 323 6 6 152642
165 322 8 8 204567
164 321 10 10 260160
163 320 12 12 321452
162 319 14 14 395443
161 318 16 16 474143
160 317 18 18 562578
167 324 4 4 107316
166 323 6 6 152943
165 322 8 8 198995
164 321 10 10 250298
163 320 12 12 310097
162 319 14 14 380254
161 318 16 16 461200
160 317 18 18 551560
167 324 4 4 97191
166 323 6 6 141862
165 322 8 8 192591
164 321 10 10 249643
163 320 12 12 312111
162 319 14 14 376004
161 318 16 16 454626
160 317 18 18 544203
167 324 4 4 102765
166 323 6 6 144106
165 322 8 8 189165
164 321 10 10 244749
163 320 12 12 309350
162 319 14 14 378054
161 318 16 16 453696
160 317 18 18 555912
167 324 4 4 106941
166 323 6 6 153606
165 322 8 8 204085
164 321 10 10 259906
163 320 12 12 322279
162 319 14 14 389560
161 318 16 16 470996
160 317 18 18 552954
167 324 4 4 98972
166 323 6 6 150945
165 322 8 8 193434
164 321 10 10 246141
163 320 12 12 304818
162 319 14 14 382052
161 318 16 16 462152
160 317 18 18 564444
167 324 4 4 93334
166 323 6 6 134468
165 322 8 8 181470
164 321 10 10 233504
163 320 12 12 299995
162 319 14 14 378434
161 318 16 16 469513
160 317 18 18 564127
167 324 4 4 98131
166 323 6 6 143723
165 322 8 8 192905
164 321 10 10 250338
163 320 12 12 312343
162 319 14 14 382077
161 318 16 16 462476
160 317 18 18 552898
167 324 4 4 98586
166 323 6 6 141324
165 322 8 8 184241
164 321 10 10 238077
163 320 12 12 304249
162 319 14 14 378956
161 318 16 16 463213
160 317 18 18 553596
167 324 4 4 101302
166 323 6 6 146657
165 322 8 8 190691
164 321 10 10 244951
163 320 12 12 310654
162 319 14 14 379591
161 318 16 16 464502
160 317 18 18 557273
167 324 4 4 98014
166 323 6 6 143728
165 322 8 8 186787
164 321 10 10 244123
163 320 12 12 304158
162 319 14 14 369493
161 318 16 16 454198
160 317 18 18 532828
167 324 4 4 92103
166 323 6 6 133394
165 322 8 8 179473
164 321 10 10 233405
163 320 12 12 295612
162 319 14 14 362766
161 318 16 16 452005
160 317 18 18 543970
167 324 4 4 92149
166 323 6 6 140603
165 322 8 8 189492
164 321 10 10 245233
163 320 12 12 308728
162 319 14 14 377692
161 318 16 16 448594
160 317 18 18 531503
167 324 4 4 99868
166 323 6 6 147752
165 322 8 8 197922
164 321 10 10 253217
163 320 12 12 313639
162 319 14 14 379332
161 318 16 16 457772
160 317 18 18 544494
167 324 4 4 97289
166 323 6 6 147677
165 322 8 8 193843
164 321 10 10 254205
163 320 12 12 323465
162 319 14 14 399822
161 318 16 16 477883
160 317 18 18 567414
167 324 4 4 83939
166 323 6 6 133725
165 322 8 8 178859
164 321 10 10 235270
163 320 12 12 297678
162 319 14 14 371967
161 318 16 16 461220
160 317 18 18 553917
167 324 4 4 107155
166 323 6 6 154916
165 322 8 8 203251
164 321 10 10 254338
163 320 12 12 311935
162 319 14 14 379137
161 318 16 16 456407
160 317 18 18 545806
167 324 4 4 96845
166 323 6 6 140677
165 322 8 8 182588
164 321 10 10 233159
163 320 12 12 297579
162 319 14 14 362790
161 318 16 16 442901
160 317 18 18 542765
167 324 4 4 100693
166 323 6 6 154038
165 322 8 8 205293
164 321 10 10 261873
163 320 12 12 327582
162 319 14 14 393093
161 318 16 16 479317
160 317 18 18 575002
167 324 4 4 99159
166 323 6 6 146556
165 322 8 8 194293
164 321 10 10 257672
163 320 12 12 314024
162 319 14 14 384072
161 318 16 16 473759
160 317 18 18 556839
167 324 4 4 97813
166 323 6 6 143550
165 322 8 8 190744
164 321 10 10 240626
163 320 12 12 303002
162 319 14 14 372710
161 318 16 16 460522
160 317 18 18 552656
167 324 4 4 105926
166 323 6 6 155577
165 322 8 8 199951
164 321 10 10 248496
163 320 12 12 310377
162 319 14 14 382051
161 318 16 16 464092
160 317 18 18 561692
167 324 4 4 99801
166 323 6 6 144952
165 322 8 8 190544
164 321 10 10 245721
163 320 12 12 309824
162 319 14 14 375991
161 318 16 16 460175
160 317 18 18 546710
167 324 4 4 104601
166 323 6 6 150193
165 322 8 8 197104
164 321 10 10 253262
163 320 12 12 312707
162 319 14 14 385989
161 318 16 16 464753
160 317 18 18 553636
167 324 4 4 99417
166 323 6 6 138709
165 322 8 8 183341
164 321 10 10 235223
163 320 12 12 296279
162 319 14 14 379561
161 318 16 16 464046
160 317 18 18 563546
167 324 4 4 106596
166 323 6 6 150513
165 322 8 8 199107
164 321 10 10 253424
163 320 12 12 306044
162 319 14 14 380606
161 318 16 16 468265
160 317 18 18 567071
167 324 4 4 101712
166 323 6 6 148976
165 322 8 8 198922
164 321 10 10 249813
163 320 12 12 308748
162 319 14 14 378764
161 318 16 16 460523
160 317 18 18 563288
167 324 4 4 100053
166 323 6 6 140846
165 322 8 8 189139
164 321 10 10 247267
163 320 12 12 306555
162 319 14 14 374295
161 318 16 16 450594
160 317 18 18 550316
167 324 4 4 106749
166 323 6 6 149236
165 322 8 8 189807
164 321 10 10 245549
163 320 12 12 314957
162 319 14 14 384049
161 318 16 16 465463
160 317 18 18 557529
167 324 4 4 95338
166 323 6 6 142646
165 322 8 8 193411
164 321 10 10 245077
163 320 12 12 308126
162 319 14 14 382861
161 318 16 16 459335
160 317 18 18 553529
167 324 4 4 106457
166 323 6 6 152738
165 322 8 8 198118
164 321 10 10 252202
163 320 12 12 308474
162 319 14 14 374573
161 318 16 16 453275
160 317 18 18 543156
167 324 4 4 94144
166 323 6 6 138289
165 322 8 8 182469
164 321 10 10 236830
163 320 12 12 285501
162 319 14 14 354616
161 318 16 16 437654
160 317 18 18 531273
167 324 4 4 105131
166 323 6 6 156080
165 322 8 8 198183
164 321 10 10 252065
163 320 12 12 309864
162 319 14 14 379079
161 318 16 16 456049
160 317 18 18 555826
167 324 4 4 99183
166 323 6 6 148022
165 322 8 8 196643
164 321 10 10 257769
163 320 12 12 319174
162 319 14 14 384915
161 318 16 16 469811
160 317 18 18 564478
167 324 4 4 100707
166 323 6 6 145052
165 322 8 8 191312
164 321 10 10 248579
163 320 12 12 312520
162 319 14 14 384607
161 318 16 16 456783
160 317 18 18 559097
167 324 4 4 103428
166 323 6 6 154573
165 322 8 8 204492
164 321 10 10 256700
163 320 12 12 315564
162 319 14 14 381158
161 318 16 16 466865
160 317 18 18 563183
167 324 4 4 95136
166 323 6 6 137348
165 322 8 8 185074
164 321 10 10 234363
163 320 12 12 301007
162 319 14 14 379235
161 318 16 16 465950
160 317 18 18 560645
167 324 4 4 103139
166 323 6 6 152083
165 322 8 8 204382
164 321 10 10 264235
163 320 12 12 326701
162 319 14 14 397198
161 318 16 16 480038
160 317 18 18 576161
167 324 4 4 102921
166 323 6 6 148464
165 322 8 8 197954
164 321 10 10 252515
163 320 12 12 312686
162 319 14 14 382456
161 318 16 16 464292
160 317 18 18 556336
167 324 4 4 97662
166 323 6 6 144536
165 322 8 8 190869
164 321 10 10 244096
163 320 12 12 301405
162 319 14 14 375583
161 318 16 16 454697
160 317 18 18 544437
167 324 4 4 108750
166 323 6 6 149649
165 322 8 8 203094
164 321 10 10 252656
163 320 12 12 311063
162 319 14 14 384758
161 318 16 16 472787
160 317 18 18 570119
167 324 4 4 86562
166 323 6 6 132723
165 322 8 8 178504
164 321 10 10 234586
163 320 12 12 301077
162 319 14 14 371943
161 318 16 16 454754
160 317 18 18 547832
167 324 4 4 88405
166 323 6 6 135977
165 322 8 8 186480
164 321 10 10 241156
163 320 12 12 299963
162 319 14 14 376620
161 318 16 16 456807
160 317 18 18 558071
167 324 4 4 107153
166 323 6 6 157834
165 322 8 8 207611
164 321 10 10 260103
163 320 12 12 317682
162 319 14 14 388200
161 318 16 16 477180
160 317 18 18 567717
167 324 4 4 97598
166 323 6 6 138201
165 322 8 8 190152
164 321 10 10 245731
163 320 12 12 310778
162 319 14 14 378552
161 318 16 16 458925
160 317 18 18 560862
167 324 4 4 101789
166 323 6 6 144632
165 322 8 8 191138
164 321 10 10 252039
163 320 12 12 309772
162 319 14 14 379989
161 318 16 16 461957
160 317 18 18 555846
167 324 4 4 96846
166 323 6 6 141766
165 322 8 8 183613
164 321 10 10 233834
163 320 12 12 301431
162 319 14 14 368229
161 318 16 16 453403
160 317 18 18 546767
167 324 4 4 105723
166 323 6 6 159084
165 322 8 8 208013
164 321 10 10 268967
163 320 12 12 325776
162 319 14 14 388581
161 318 16 16 470025
160 317 18 18 569162
