438 333 4 4 1988
437 332 6 6 4600
436 331 8 8 7704
435 330 10 10 13464
434 329 12 12 18539
433 328 14 14 26038
432 327 16 16 33133
431 326 18 18 41142
438 333 4 4 1722
437 332 6 6 3737
436 331 8 8 6659
435 330 10 10 10859
434 329 12 12 16118
433 328 14 14 22825
432 327 16 16 30360
431 326 18 18 38190
438 333 4 4 2331
437 332 6 6 4543
436 331 8 8 7942
435 330 10 10 12399
434 329 12 12 17987
433 328 14 14 25093
432 327 16 16 32409
431 326 18 18 41431
438 333 4 4 1608
437 332 6 6 3963
436 331 8 8 7952
435 330 10 10 12372
434 329 12 12 17372
433 328 14 14 23562
432 327 16 16 31768
431 326 18 18 39861
438 333 4 4 1924
437 332 6 6 4465
436 331 8 8 7256
435 330 10 10 12158
434 329 12 12 18149
433 328 14 14 25012
432 327 16 16 31537
431 326 18 18 39403
438 333 4 4 1989
437 332 6 6 4509
436 331 8 8 7476
435 330 10 10 11578
434 329 12 12 17885
433 328 14 14 24915
432 327 16 16 31908
431 326 18 18 41260
438 333 4 4 1657
437 332 6 6 4005
436 331 8 8 7151
435 330 10 10 11525
434 329 12 12 17220
433 328 14 14 23654
432 327 16 16 31635
431 326 18 18 39664
438 333 4 4 1968
437 332 6 6 4660
436 331 8 8 7937
435 330 10 10 14184
434 329 12 12 19497
433 328 14 14 26104
432 327 16 16 33520
431 326 18 18 42088
438 333 4 4 1693
437 332 6 6 4121
436 331 8 8 7373
435 330 10 10 11704
434 329 12 12 16486
433 328 14 14 22151
432 327 16 16 29073
431 326 18 18 37547
438 333 4 4 1915
437 332 6 6 4329
436 331 8 8 7693
435 330 10 10 11584
434 329 12 12 15969
433 328 14 14 21375
432 327 16 16 28712
431 326 18 18 36968
438 333 4 4 2008
437 332 6 6 4488
436 331 8 8 7846
435 330 10 10 12234
434 329 12 12 17438
433 328 14 14 24762
432 327 16 16 31788
431 326 18 18 40391
438 333 4 4 2481
437 332 6 6 5265
436 331 8 8 8866
435 330 10 10 12971
434 329 12 12 18798
433 328 14 14 24868
432 327 16 16 32578
431 326 18 18 41323
438 333 4 4 1713
437 332 6 6 5221
436 331 8 8 7868
435 330 10 10 12516
434 329 12 12 17719
433 328 14 14 23350
432 327 16 16 31305
431 326 18 18 38690
438 333 4 4 1593
437 332 6 6 4183
436 331 8 8 7223
435 330 10 10 11567
434 329 12 12 16540
433 328 14 14 22180
432 327 16 16 29333
431 326 18 18 37042
438 333 4 4 1501
437 332 6 6 3690
436 331 8 8 6234
435 330 10 10 10133
434 329 12 12 14321
433 328 14 14 19532
432 327 16 16 25486
431 326 18 18 32004
438 333 4 4 2394
437 332 6 6 5719
436 331 8 8 8688
435 330 10 10 13255
434 329 12 12 18956
433 328 14 14 25163
432 327 16 16 31907
431 326 18 18 40149
438 333 4 4 1530
437 332 6 6 3926
436 331 8 8 7094
435 330 10 10 11350
434 329 12 12 16166
433 328 14 14 22473
432 327 16 16 31211
431 326 18 18 38818
438 333 4 4 1852
437 332 6 6 4011
436 331 8 8 7612
435 330 10 10 11702
434 329 12 12 16702
433 328 14 14 22722
432 327 16 16 30862
431 326 18 18 38705
438 333 4 4 1872
437 332 6 6 4612
436 331 8 8 7955
435 330 10 10 12306
434 329 12 12 18180
433 328 14 14 25313
432 327 16 16 32544
431 326 18 18 40911
438 333 4 4 1770
437 332 6 6 4033
436 331 8 8 9176
435 330 10 10 13245
434 329 12 12 18635
433 328 14 14 24854
432 327 16 16 31497
431 326 18 18 39174
438 333 4 4 2641
437 332 6 6 4590
436 331 8 8 8438
435 330 10 10 13577
434 329 12 12 19130
433 328 14 14 25553
432 327 16 16 32347
431 326 18 18 40895
438 333 4 4 1894
437 332 6 6 4473
436 331 8 8 7373
435 330 10 10 12107
434 329 12 12 17190
433 328 14 14 22875
432 327 16 16 29667
431 326 18 18 37514
438 333 4 4 1696
437 332 6 6 4204
436 331 8 8 7868
435 330 10 10 12243
434 329 12 12 17125
433 328 14 14 23800
432 327 16 16 30388
431 326 18 18 38871
438 333 4 4 2353
437 332 6 6 4719
436 331 8 8 9371
435 330 10 10 15601
434 329 12 12 22993
433 328 14 14 32459
432 327 16 16 43357
431 326 18 18 54732
438 333 4 4 2083
437 332 6 6 5365
436 331 8 8 8752
435 330 10 10 13643
434 329 12 12 19892
433 328 14 14 27136
432 327 16 16 38122
431 326 18 18 48819
438 333 4 4 152212
437 332 6 6 301493
436 331 8 8 496130
435 330 10 10 736260
434 329 12 12 1008792
433 328 14 14 1342837
432 327 16 16 1728901
431 326 18 18 2173428
438 333 4 4 174000
437 332 6 6 330356
436 331 8 8 518141
435 330 10 10 738309
434 329 12 12 1016164
433 328 14 14 1334864
432 327 16 16 1726940
431 326 18 18 2160507
438 333 4 4 189580
437 332 6 6 350708
436 331 8 8 543292
435 330 10 10 775984
434 329 12 12 1056856
433 328 14 14 1397329
432 327 16 16 1779794
431 326 18 18 2205313
438 333 4 4 178275
437 332 6 6 320167
436 331 8 8 519123
435 330 10 10 756540
434 329 12 12 1040827
433 328 14 14 1364733
432 327 16 16 1755974
431 326 18 18 2200202
438 333 4 4 182657
437 332 6 6 330682
436 331 8 8 514384
435 330 10 10 744075
434 329 12 12 1021139
433 328 14 14 1339344
432 327 16 16 1726925
431 326 18 18 2142461
438 333 4 4 178494
437 332 6 6 329447
436 331 8 8 520667
435 330 10 10 745399
434 329 12 12 1008149
433 328 14 14 1332165
432 327 16 16 1712287
431 326 18 18 2143694
438 333 4 4 189121
437 332 6 6 334309
436 331 8 8 516825
435 330 10 10 746266
434 329 12 12 1037640
433 328 14 14 1367327
432 327 16 16 1732847
431 326 18 18 2161135
438 333 4 4 187724
437 332 6 6 334258
436 331 8 8 533801
435 330 10 10 767921
434 329 12 12 1057273
433 328 14 14 1375763
432 327 16 16 1754794
431 326 18 18 2187072
438 333 4 4 183748
437 332 6 6 335633
436 331 8 8 524474
435 330 10 10 769994
434 329 12 12 1050444
433 328 14 14 1375083
432 327 16 16 1741615
431 326 18 18 2178812
438 333 4 4 178421
437 332 6 6 329222
436 331 8 8 516609
435 330 10 10 738866
434 329 12 12 1028202
433 328 14 14 1350897
432 327 16 16 1717961
431 326 18 18 2150962
438 333 4 4 172753
437 332 6 6 323441
436 331 8 8 508905
435 330 10 10 745018
434 329 12 12 1013637
433 328 14 14 1332971
432 327 16 16 1743393
431 326 18 18 2173698
438 333 4 4 178401
437 332 6 6 341502
436 331 8 8 537807
435 330 10 10 767067
434 329 12 12 1041175
433 328 14 14 1369037
432 327 16 16 1750868
431 326 18 18 2185388
438 333 4 4 172994
437 332 6 6 325503
436 331 8 8 516975
435 330 10 10 761007
434 329 12 12 1033998
433 328 14 14 1357378
432 327 16 16 1729219
431 326 18 18 2150537
438 333 4 4 176343
437 332 6 6 322630
436 331 8 8 503108
435 330 10 10 737689
434 329 12 12 998664
433 328 14 14 1309574
432 327 16 16 1666022
431 326 18 18 2091541
438 333 4 4 179552
437 332 6 6 321533
436 331 8 8 510031
435 330 10 10 737250
434 329 12 12 1003982
433 328 14 14 1333112
432 327 16 16 1702089
431 326 18 18 2117371
438 333 4 4 198232
437 332 6 6 354531
436 331 8 8 538058
435 330 10 10 762526
434 329 12 12 1055489
433 328 14 14 1362420
432 327 16 16 1750242
431 326 18 18 2179245
438 333 4 4 184856
437 332 6 6 343414
436 331 8 8 524482
435 330 10 10 756328
434 329 12 12 1035537
433 328 14 14 1360347
432 327 16 16 1734819
431 326 18 18 2160707
438 333 4 4 169875
437 332 6 6 313551
436 331 8 8 492077
435 330 10 10 724747
434 329 12 12 992891
433 328 14 14 1325533
432 327 16 16 1704913
431 326 18 18 2136262
438 333 4 4 190038
437 332 6 6 351898
436 331 8 8 548592
435 330 10 10 777240
434 329 12 12 1073863
433 328 14 14 1389588
432 327 16 16 1774025
431 326 18 18 2197128
438 333 4 4 168814
437 332 6 6 302935
436 331 8 8 483496
435 330 10 10 721086
434 329 12 12 991400
433 328 14 14 1325989
432 327 16 16 1710414
431 326 18 18 2137345
438 333 4 4 168786
437 332 6 6 314692
436 331 8 8 495967
435 330 10 10 718841
434 329 12 12 992093
433 328 14 14 1325878
432 327 16 16 1677178
431 326 18 18 2094017
438 333 4 4 178359
437 332 6 6 334390
436 331 8 8 523064
435 330 10 10 748193
434 329 12 12 1008149
433 328 14 14 1326018
432 327 16 16 1693668
431 326 18 18 2128382
438 333 4 4 187111
437 332 6 6 341108
436 331 8 8 530840
435 330 10 10 765814
434 329 12 12 1047817
433 328 14 14 1362871
432 327 16 16 1737837
431 326 18 18 2161470
438 333 4 4 177233
437 332 6 6 333534
436 331 8 8 515481
435 330 10 10 746065
434 329 12 12 1033318
433 328 14 14 1359294
432 327 16 16 1723305
431 326 18 18 2141879
438 333 4 4 168635
437 332 6 6 310912
436 331 8 8 502690
435 330 10 10 720189
434 329 12 12 988641
433 328 14 14 1305475
432 327 16 16 1662778
431 326 18 18 2093293
438 333 4 4 184472
437 332 6 6 332626
436 331 8 8 520968
435 330 10 10 737246
434 329 12 12 1008568
433 328 14 14 1325665
432 327 16 16 1696595
431 326 18 18 2121195
438 333 4 4 178666
437 332 6 6 327096
436 331 8 8 512710
435 330 10 10 738116
434 329 12 12 999389
433 328 14 14 1315782
432 327 16 16 1689044
431 326 18 18 2117627
438 333 4 4 180499
437 332 6 6 322804
436 331 8 8 512182
435 330 10 10 738041
434 329 12 12 1025423
433 328 14 14 1327105
432 327 16 16 1696624
431 326 18 18 2112550
438 333 4 4 168900
437 332 6 6 318111
436 331 8 8 503814
435 330 10 10 728889
434 329 12 12 993370
433 328 14 14 1317404
432 327 16 16 1674242
431 326 18 18 2095175
438 333 4 4 171868
437 332 6 6 318035
436 331 8 8 500959
435 330 10 10 721269
434 329 12 12 990919
433 328 14 14 1296191
432 327 16 16 1674847
431 326 18 18 2096083
438 333 4 4 166590
437 332 6 6 317995
436 331 8 8 506762
435 330 10 10 746349
434 329 12 12 999787
433 328 14 14 1312729
432 327 16 16 1672618
431 326 18 18 2087195
438 333 4 4 178897
437 332 6 6 327053
436 331 8 8 507914
435 330 10 10 739054
434 329 12 12 1003014
433 328 14 14 1325234
432 327 16 16 1686844
431 326 18 18 2104859
438 333 4 4 171834
437 332 6 6 317520
436 331 8 8 498111
435 330 10 10 711020
434 329 12 12 989397
433 328 14 14 1309342
432 327 16 16 1679690
431 326 18 18 2105954
438 333 4 4 180275
437 332 6 6 334713
436 331 8 8 507592
435 330 10 10 738748
434 329 12 12 1016636
433 328 14 14 1339276
432 327 16 16 1698273
431 326 18 18 2112154
438 333 4 4 181675
437 332 6 6 325767
436 331 8 8 497565
435 330 10 10 737326
434 329 12 12 1011475
433 328 14 14 1330281
432 327 16 16 1713744
431 326 18 18 2124698
438 333 4 4 171243
437 332 6 6 318325
436 331 8 8 502992
435 330 10 10 724451
434 329 12 12 995464
433 328 14 14 1317057
432 327 16 16 1680969
431 326 18 18 2085161
438 333 4 4 181408
437 332 6 6 337757
436 331 8 8 528715
435 330 10 10 759745
434 329 12 12 1033478
433 328 14 14 1366530
432 327 16 16 1729273
431 326 18 18 2150878
438 333 4 4 184927
437 332 6 6 333980
436 331 8 8 527555
435 330 10 10 751159
434 329 12 12 1020135
433 328 14 14 1337891
432 327 16 16 1707120
431 326 18 18 2123171
438 333 4 4 178951
437 332 6 6 330751
436 331 8 8 524590
435 330 10 10 750493
434 329 12 12 1026893
433 328 14 14 1347032
432 327 16 16 1713582
431 326 18 18 2122731
438 333 4 4 165660
437 332 6 6 312481
436 331 8 8 500111
435 330 10 10 724401
434 329 12 12 1007207
433 328 14 14 1323569
432 327 16 16 1710453
431 326 18 18 2113626
438 333 4 4 176326
437 332 6 6 324148
436 331 8 8 513299
435 330 10 10 745725
434 329 12 12 1017848
433 328 14 14 1326388
432 327 16 16 1687795
431 326 18 18 2090125
438 333 4 4 176059
437 332 6 6 325079
436 331 8 8 503844
435 330 10 10 721142
434 329 12 12 982479
433 328 14 14 1296987
432 327 16 16 1672895
431 326 18 18 2099961
438 333 4 4 165441
437 332 6 6 322213
436 331 8 8 505237
435 330 10 10 723953
434 329 12 12 983508
433 328 14 14 1311821
432 327 16 16 1681976
431 326 18 18 2101614
438 333 4 4 178788
437 332 6 6 326517
436 331 8 8 510967
435 330 10 10 751000
434 329 12 12 1012865
433 328 14 14 1338453
432 327 16 16 1708867
431 326 18 18 2129852
438 333 4 4 186401
437 332 6 6 340680
436 331 8 8 538553
435 330 10 10 768503
434 329 12 12 1050464
433 328 14 14 1358422
432 327 16 16 1708207
431 326 18 18 2143265
438 333 4 4 181293
437 332 6 6 335619
436 331 8 8 522226
435 330 10 10 754224
434 329 12 12 1018226
433 328 14 14 1354365
432 327 16 16 1715297
431 326 18 18 2119807
438 333 4 4 160970
437 332 6 6 308424
436 331 8 8 501693
435 330 10 10 723724
434 329 12 12 994674
433 328 14 14 1306579
432 327 16 16 1656855
431 326 18 18 2068937
438 333 4 4 183178
437 332 6 6 343872
436 331 8 8 533792
435 330 10 10 771442
434 329 12 12 1030012
433 328 14 14 1349567
432 327 16 16 1690180
431 326 18 18 2107323
438 333 4 4 174808
437 332 6 6 322493
436 331 8 8 506972
435 330 10 10 734437
434 329 12 12 1024328
433 328 14 14 1335431
432 327 16 16 1704173
431 326 18 18 2112148
438 333 4 4 178763
437 332 6 6 329309
436 331 8 8 511032
435 330 10 10 725115
434 329 12 12 999261
433 328 14 14 1317496
432 327 16 16 1687261
431 326 18 18 2103957
438 333 4 4 176007
437 332 6 6 330074
436 331 8 8 505340
435 330 10 10 727674
434 329 12 12 1015032
433 328 14 14 1328774
432 327 16 16 1680775
431 326 18 18 2099817
438 333 4 4 183554
437 332 6 6 330586
436 331 8 8 519312
435 330 10 10 748498
434 329 12 12 1024419
433 328 14 14 1343861
432 327 16 16 1739305
431 326 18 18 2193524
438 333 4 4 190985
437 332 6 6 333894
436 331 8 8 524469
435 330 10 10 750926
434 329 12 12 1013046
433 328 14 14 1330607
432 327 16 16 1699074
431 326 18 18 2114797
438 333 4 4 173817
437 332 6 6 328094
436 331 8 8 506188
435 330 10 10 731602
434 329 12 12 1018628
433 328 14 14 1356906
432 327 16 16 1742173
431 326 18 18 2179672
438 333 4 4 180289
437 332 6 6 329929
436 331 8 8 525127
435 330 10 10 746296
434 329 12 12 1020658
433 328 14 14 1331937
432 327 16 16 1713230
431 326 18 18 2146737
438 333 4 4 181939
437 332 6 6 330277
436 331 8 8 519698
435 330 10 10 772690
434 329 12 12 1054682
433 328 14 14 1388220
432 327 16 16 1760425
431 326 18 18 2192417
438 333 4 4 173872
437 332 6 6 325363
436 331 8 8 508969
435 330 10 10 741696
434 329 12 12 1013274
433 328 14 14 1339336
432 327 16 16 1716270
431 326 18 18 2156259
438 333 4 4 189279
437 332 6 6 357747
436 331 8 8 569888
435 330 10 10 832458
434 329 12 12 1139765
433 328 14 14 1497646
432 327 16 16 1890318
431 326 18 18 2334735
438 333 4 4 197527
437 332 6 6 371452
436 331 8 8 569336
435 330 10 10 837164
434 329 12 12 1121057
433 328 14 14 1456861
432 327 16 16 1837026
431 326 18 18 2276444
438 333 4 4 192476
437 332 6 6 343127
436 331 8 8 539139
435 330 10 10 781682
434 329 12 12 1070417
433 328 14 14 1400235
432 327 16 16 1779007
431 326 18 18 2191789
438 333 4 4 188678
437 332 6 6 346656
436 331 8 8 549078
435 330 10 10 790056
434 329 12 12 1065730
433 328 14 14 1373856
432 327 16 16 1752070
431 326 18 18 2189538
438 333 4 4 164723
437 332 6 6 303679
436 331 8 8 497879
435 330 10 10 730854
434 329 12 12 992526
433 328 14 14 1307753
432 327 16 16 1681258
431 326 18 18 2116136
438 333 4 4 187372
437 332 6 6 338070
436 331 8 8 522875
435 330 10 10 738106
434 329 12 12 1003353
433 328 14 14 1320347
432 327 16 16 1704165
431 326 18 18 2118106
438 333 4 4 180119
437 332 6 6 327408
436 331 8 8 519598
435 330 10 10 760524
434 329 12 12 1046151
433 328 14 14 1375487
432 327 16 16 1754592
431 326 18 18 2171069
438 333 4 4 186061
437 332 6 6 329641
436 331 8 8 516895
435 330 10 10 748137
434 329 12 12 1046838
433 328 14 14 1371685
432 327 16 16 1757232
431 326 18 18 2188210
438 333 4 4 182532
437 332 6 6 334926
436 331 8 8 519572
435 330 10 10 758102
434 329 12 12 1022315
433 328 14 14 1344401
432 327 16 16 1711795
431 326 18 18 2140194
438 333 4 4 186446
437 332 6 6 340835
436 331 8 8 524250
435 330 10 10 750743
434 329 12 12 1015948
433 328 14 14 1330428
432 327 16 16 1700389
431 326 18 18 2131029
438 333 4 4 167888
437 332 6 6 316709
436 331 8 8 504425
435 330 10 10 727925
434 329 12 12 999307
433 328 14 14 1303762
432 327 16 16 1673659
431 326 18 18 2092213
438 333 4 4 175082
437 332 6 6 323133
436 331 8 8 506701
435 330 10 10 738555
434 329 12 12 1021366
433 328 14 14 1340979
432 327 16 16 1703089
431 326 18 18 2115363
438 333 4 4 186060
437 332 6 6 335630
436 331 8 8 523390
435 330 10 10 752666
434 329 12 12 1031726
433 328 14 14 1338452
432 327 16 16 1711151
431 326 18 18 2119398
438 333 4 4 180344
437 332 6 6 324105
436 331 8 8 517959
435 330 10 10 741049
434 329 12 12 1017260
433 328 14 14 1315067
432 327 16 16 1674268
431 326 18 18 2112085
438 333 4 4 178981
437 332 6 6 315502
436 331 8 8 486818
435 330 10 10 714130
434 329 12 12 986012
433 328 14 14 1293684
432 327 16 16 1655312
431 326 18 18 2072141
438 333 4 4 174210
437 332 6 6 323227
436 331 8 8 508526
435 330 10 10 721882
434 329 12 12 984313
433 328 14 14 1287333
432 327 16 16 1656621
431 326 18 18 2067212
438 333 4 4 178460
437 332 6 6 319813
436 331 8 8 497527
435 330 10 10 715522
434 329 12 12 980198
433 328 14 14 1289650
432 327 16 16 1662790
431 326 18 18 2064875
438 333 4 4 169582
437 332 6 6 321984
436 331 8 8 504702
435 330 10 10 735182
434 329 12 12 1011235
433 328 14 14 1329145
432 327 16 16 1705342
431 326 18 18 2108711
438 333 4 4 157407
437 332 6 6 305965
436 331 8 8 478972
435 330 10 10 697935
434 329 12 12 975013
433 328 14 14 1276611
432 327 16 16 1630852
431 326 18 18 2036738
438 333 4 4 175145
437 332 6 6 318038
436 331 8 8 495879
435 330 10 10 724080
434 329 12 12 1000235
433 328 14 14 1316971
432 327 16 16 1674301
431 326 18 18 2086432
438 333 4 4 180805
437 332 6 6 330755
436 331 8 8 508117
435 330 10 10 741188
434 329 12 12 1003263
433 328 14 14 1309587
432 327 16 16 1673279
431 326 18 18 2083253
438 333 4 4 170048
437 332 6 6 320402
436 331 8 8 509799
435 330 10 10 730378
434 329 12 12 990866
433 328 14 14 1310037
432 327 16 16 1684622
431 326 18 18 2093736
438 333 4 4 174119
437 332 6 6 333137
436 331 8 8 516220
435 330 10 10 745277
434 329 12 12 1015345
433 328 14 14 1320264
432 327 16 16 1677451
431 326 18 18 2102021
438 333 4 4 172951
437 332 6 6 325950
436 331 8 8 511027
435 330 10 10 738025
434 329 12 12 1016445
433 328 14 14 1331460
432 327 16 16 1700289
431 326 18 18 2102464
438 333 4 4 183794
437 332 6 6 337333
436 331 8 8 521153
435 330 10 10 743566
434 329 12 12 1011075
433 328 14 14 1331136
432 327 16 16 1696641
431 326 18 18 2108926
438 333 4 4 184120
437 332 6 6 327568
436 331 8 8 513904
435 330 10 10 729768
434 329 12 12 1002707
433 328 14 14 1299762
432 327 16 16 1661671
431 326 18 18 2058138
438 333 4 4 159161
437 332 6 6 309624
436 331 8 8 493872
435 330 10 10 717256
434 329 12 12 1004924
433 328 14 14 1317912
432 327 16 16 1671823
431 326 18 18 2085445
438 333 4 4 183745
437 332 6 6 330819
436 331 8 8 515707
435 330 10 10 736203
434 329 12 12 1001595
433 328 14 14 1310199
432 327 16 16 1675460
431 326 18 18 2090011
438 333 4 4 173845
437 332 6 6 320814
436 331 8 8 508042
435 330 10 10 725748
434 329 12 12 998893
433 328 14 14 1308464
432 327 16 16 1673278
431 326 18 18 2092800
438 333 4 4 167764
437 332 6 6 310471
436 331 8 8 488311
435 330 10 10 716281
434 329 12 12 986769
433 328 14 14 1294512
432 327 16 16 1668294
431 326 18 18 2082437
438 333 4 4 176552
437 332 6 6 320762
436 331 8 8 503918
435 330 10 10 727767
434 329 12 12 990555
433 328 14 14 1291320
432 327 16 16 1654687
431 326 18 18 2085933
438 333 4 4 180749
437 332 6 6 329642
436 331 8 8 513267
435 330 10 10 725637
434 329 12 12 989250
433 328 14 14 1293663
432 327 16 16 1646867
431 326 18 18 2053907
438 333 4 4 178637
437 332 6 6 332260
436 331 8 8 502981
435 330 10 10 722540
434 329 12 12 996930
433 328 14 14 1316765
432 327 16 16 1663817
431 326 18 18 2061619
438 333 4 4 176540
437 332 6 6 324402
436 331 8 8 508363
435 330 10 10 736513
434 329 12 12 1002215
433 328 14 14 1325117
432 327 16 16 1674131
431 326 18 18 2097795
438 333 4 4 183250
437 332 6 6 323091
436 331 8 8 515422
435 330 10 10 736813
434 329 12 12 1010607
433 328 14 14 1323662
432 327 16 16 1677364
431 326 18 18 2087247
438 333 4 4 176496
437 332 6 6 317322
436 331 8 8 495016
435 330 10 10 713473
434 329 12 12 974798
433 328 14 14 1276389
432 327 16 16 1641788
431 326 18 18 2030006
438 333 4 4 170234
437 332 6 6 307856
436 331 8 8 488626
435 330 10 10 716487
434 329 12 12 979288
433 328 14 14 1279745
432 327 16 16 1649248
431 326 18 18 2048895
438 333 4 4 184294
437 332 6 6 330042
436 331 8 8 521595
435 330 10 10 739853
434 329 12 12 1007950
433 328 14 14 1306739
432 327 16 16 1673291
431 326 18 18 2087710
438 333 4 4 178646
437 332 6 6 329395
436 331 8 8 502225
435 330 10 10 718461
434 329 12 12 984253
433 328 14 14 1303559
432 327 16 16 1668229
431 326 18 18 2084322
438 333 4 4 176839
437 332 6 6 314313
436 331 8 8 486577
435 330 10 10 728538
434 329 12 12 1004997
433 328 14 14 1301647
432 327 16 16 1655353
431 326 18 18 2067340
438 333 4 4 186427
437 332 6 6 343342
436 331 8 8 532400
435 330 10 10 757957
434 329 12 12 1030450
433 328 14 14 1345545
432 327 16 16 1716188
431 326 18 18 2123336
438 333 4 4 170134
437 332 6 6 319413
436 331 8 8 505057
435 330 10 10 727490
434 329 12 12 991763
433 328 14 14 1289608
432 327 16 16 1639943
431 326 18 18 2041578
438 333 4 4 174462
437 332 6 6 326463
436 331 8 8 516398
435 330 10 10 741644
434 329 12 12 999910
433 328 14 14 1316056
432 327 16 16 1655746
431 326 18 18 2056980
438 333 4 4 177271
437 332 6 6 325424
436 331 8 8 506721
435 330 10 10 736087
434 329 12 12 992943
433 328 14 14 1292112
432 327 16 16 1652885
431 326 18 18 2072692
438 333 4 4 164685
437 332 6 6 310629
436 331 8 8 503439
435 330 10 10 716142
434 329 12 12 991190
433 328 14 14 1314154
432 327 16 16 1675711
431 326 18 18 2093212
438 333 4 4 172939
437 332 6 6 315542
436 331 8 8 506759
435 330 10 10 724224
434 329 12 12 981623
433 328 14 14 1294360
432 327 16 16 1669370
431 326 18 18 2092769
438 333 4 4 176511
437 332 6 6 319023
436 331 8 8 492925
435 330 10 10 713413
434 329 12 12 977964
433 328 14 14 1292571
432 327 16 16 1656558
431 326 18 18 2075902
438 333 4 4 172692
437 332 6 6 309770
436 331 8 8 491032
435 330 10 10 702990
434 329 12 12 965990
433 328 14 14 1269419
432 327 16 16 1614366
431 326 18 18 2022414
438 333 4 4 169852
437 332 6 6 307730
436 331 8 8 491203
435 330 10 10 711572
434 329 12 12 985619
433 328 14 14 1296164
432 327 16 16 1675414
431 326 18 18 2078144
438 333 4 4 173075
437 332 6 6 318520
436 331 8 8 510174
435 330 10 10 745423
434 329 12 12 1009308
433 328 14 14 1308243
432 327 16 16 1678123
431 326 18 18 2070727
438 333 4 4 172770
437 332 6 6 315006
436 331 8 8 511585
435 330 10 10 734049
434 329 12 12 991282
433 328 14 14 1308032
432 327 16 16 1643305
431 326 18 18 2067156
438 333 4 4 161624
437 332 6 6 304161
436 331 8 8 478423
435 330 10 10 695457
434 329 12 12 966486
433 328 14 14 1271458
432 327 16 16 1643859
431 326 18 18 2053664
438 333 4 4 175109
437 332 6 6 318230
436 331 8 8 505165
435 330 10 10 736275
434 329 12 12 1000849
433 328 14 14 1309903
432 327 16 16 1670795
431 326 18 18 2069699
438 333 4 4 168343
437 332 6 6 324559
436 331 8 8 495676
435 330 10 10 714867
434 329 12 12 977989
433 328 14 14 1277627
432 327 16 16 1636820
431 326 18 18 2038297
438 333 4 4 183846
437 332 6 6 336407
436 331 8 8 529847
435 330 10 10 763126
434 329 12 12 1042776
433 328 14 14 1358372
432 327 16 16 1714667
431 326 18 18 2125169
438 333 4 4 173131
437 332 6 6 321934
436 331 8 8 504792
435 330 10 10 726521
434 329 12 12 984644
433 328 14 14 1288802
432 327 16 16 1637177
431 326 18 18 2053735
438 333 4 4 173188
437 332 6 6 324345
436 331 8 8 517395
435 330 10 10 733855
434 329 12 12 989783
433 328 14 14 1294906
432 327 16 16 1643212
431 326 18 18 2048258
438 333 4 4 180227
437 332 6 6 315609
436 331 8 8 494745
435 330 10 10 717841
434 329 12 12 993082
433 328 14 14 1303341
432 327 16 16 1666640
431 326 18 18 2072577
438 333 4 4 175856
437 332 6 6 317663
436 331 8 8 494575
435 330 10 10 706943
434 329 12 12 965418
433 328 14 14 1268986
432 327 16 16 1632345
431 326 18 18 2027866
438 333 4 4 171777
437 332 6 6 317343
436 331 8 8 492509
435 330 10 10 728874
434 329 12 12 987800
433 328 14 14 1288956
432 327 16 16 1643654
431 326 18 18 2060811
438 333 4 4 174114
437 332 6 6 321044
436 331 8 8 491518
435 330 10 10 710684
434 329 12 12 977639
433 328 14 14 1282337
432 327 16 16 1647942
431 326 18 18 2061883
438 333 4 4 172116
437 332 6 6 325437
436 331 8 8 505928
435 330 10 10 725039
434 329 12 12 1007066
433 328 14 14 1301333
432 327 16 16 1657280
431 326 18 18 2074340
438 333 4 4 180491
437 332 6 6 321871
436 331 8 8 504183
435 330 10 10 727923
434 329 12 12 986701
433 328 14 14 1304584
432 327 16 16 1644045
431 326 18 18 2053946
438 333 4 4 176673
437 332 6 6 308515
436 331 8 8 490192
435 330 10 10 715315
434 329 12 12 978747
433 328 14 14 1285194
432 327 16 16 1644549
431 326 18 18 2043728
438 333 4 4 190225
437 332 6 6 338469
436 331 8 8 516291
435 330 10 10 737881
434 329 12 12 1007246
433 328 14 14 1316661
432 327 16 16 1682255
431 326 18 18 2070511
438 333 4 4 168784
437 332 6 6 323058
436 331 8 8 502779
435 330 10 10 725130
434 329 12 12 982620
433 328 14 14 1291054
432 327 16 16 1649703
431 326 18 18 2068226
438 333 4 4 171156
437 332 6 6 314333
436 331 8 8 491366
435 330 10 10 719068
434 329 12 12 983315
433 328 14 14 1298793
432 327 16 16 1674618
431 326 18 18 2082428
438 333 4 4 178178
437 332 6 6 328990
436 331 8 8 513212
435 330 10 10 725492
434 329 12 12 999097
433 328 14 14 1288595
432 327 16 16 1647739
431 326 18 18 2051955
438 333 4 4 174776
437 332 6 6 313776
436 331 8 8 494742
435 330 10 10 720647
434 329 12 12 999985
433 328 14 14 1310451
432 327 16 16 1665057
431 326 18 18 2076859
438 333 4 4 163631
437 332 6 6 305126
436 331 8 8 490690
435 330 10 10 712697
434 329 12 12 984929
433 328 14 14 1293229
432 327 16 16 1645285
431 326 18 18 2061287
438 333 4 4 165233
437 332 6 6 312876
436 331 8 8 493436
435 330 10 10 723167
434 329 12 12 979540
433 328 14 14 1302555
432 327 16 16 1669011
431 326 18 18 2080407
438 333 4 4 172586
437 332 6 6 319628
436 331 8 8 496320
435 330 10 10 705412
434 329 12 12 973476
433 328 14 14 1287830
432 327 16 16 1658963
431 326 18 18 2076188
438 333 4 4 172367
437 332 6 6 328688
436 331 8 8 513273
435 330 10 10 732914
434 329 12 12 986880
433 328 14 14 1290457
432 327 16 16 1649288
431 326 18 18 2050565
438 333 4 4 180323
437 332 6 6 329795
436 331 8 8 524603
435 330 10 10 746914
434 329 12 12 1021870
433 328 14 14 1326083
432 327 16 16 1680240
431 326 18 18 2098791
438 333 4 4 174024
437 332 6 6 319324
436 331 8 8 495330
435 330 10 10 715582
434 329 12 12 975614
433 328 14 14 1291312
432 327 16 16 1634287
431 326 18 18 2038038
438 333 4 4 165251
437 332 6 6 319798
436 331 8 8 503797
435 330 10 10 718948
434 329 12 12 988150
433 328 14 14 1298171
432 327 16 16 1659479
431 326 18 18 2058765
438 333 4 4 179651
437 332 6 6 328412
436 331 8 8 513254
435 330 10 10 740326
434 329 12 12 1006348
433 328 14 14 1302699
432 327 16 16 1668500
431 326 18 18 2058067
438 333 4 4 171958
437 332 6 6 327188
436 331 8 8 508372
435 330 10 10 727164
434 329 12 12 986526
433 328 14 14 1293466
432 327 16 16 1646752
431 326 18 18 2056496
438 333 4 4 164353
437 332 6 6 316603
436 331 8 8 493392
435 330 10 10 718108
434 329 12 12 985295
433 328 14 14 1305877
432 327 16 16 1673577
431 326 18 18 2072960
438 333 4 4 183566
437 332 6 6 326678
436 331 8 8 508556
435 330 10 10 729632
434 329 12 12 991546
433 328 14 14 1297318
432 327 16 16 1650148
431 326 18 18 2056515
438 333 4 4 179588
437 332 6 6 330198
436 331 8 8 500125
435 330 10 10 713960
434 329 12 12 998229
433 328 14 14 1304554
432 327 16 16 1670904
431 326 18 18 2095004
438 333 4 4 167830
437 332 6 6 318174
436 331 8 8 493921
435 330 10 10 706439
434 329 12 12 957630
433 328 14 14 1284226
432 327 16 16 1653673
431 326 18 18 2050497
438 333 4 4 158436
437 332 6 6 292427
436 331 8 8 472381
435 330 10 10 700113
434 329 12 12 972267
433 328 14 14 1298459
432 327 16 16 1648821
431 326 18 18 2059469
438 333 4 4 169799
437 332 6 6 311605
436 331 8 8 493316
435 330 10 10 698700
434 329 12 12 958932
433 328 14 14 1268554
432 327 16 16 1635197
431 326 18 18 2035317
438 333 4 4 175685
437 332 6 6 317372
436 331 8 8 490131
435 330 10 10 708722
434 329 12 12 965087
433 328 14 14 1276789
432 327 16 16 1651836
431 326 18 18 2062700
438 333 4 4 182035
437 332 6 6 322010
436 331 8 8 510104
435 330 10 10 737597
434 329 12 12 1007718
433 328 14 14 1305254
432 327 16 16 1651746
431 326 18 18 2069719
438 333 4 4 173817
437 332 6 6 324430
436 331 8 8 505567
435 330 10 10 725097
434 329 12 12 986859
433 328 14 14 1288736
432 327 16 16 1645959
431 326 18 18 2060869
438 333 4 4 170939
437 332 6 6 317351
436 331 8 8 488096
435 330 10 10 720185
434 329 12 12 973781
433 328 14 14 1277913
432 327 16 16 1644048
431 326 18 18 2051984
438 333 4 4 187998
437 332 6 6 334513
436 331 8 8 527832
435 330 10 10 751628
434 329 12 12 1013677
433 328 14 14 1313085
432 327 16 16 1663145
431 326 18 18 2065118
438 333 4 4 170755
437 332 6 6 315442
436 331 8 8 500966
435 330 10 10 723170
434 329 12 12 981230
433 328 14 14 1298312
432 327 16 16 1651051
431 326 18 18 2049452
438 333 4 4 177939
437 332 6 6 333803
436 331 8 8 503919
435 330 10 10 738135
434 329 12 12 1001836
433 328 14 14 1305457
432 327 16 16 1673571
431 326 18 18 2080211
438 333 4 4 174246
437 332 6 6 316135
436 331 8 8 486486
435 330 10 10 713425
434 329 12 12 965909
433 328 14 14 1258593
432 327 16 16 1612875
431 326 18 18 2018816
438 333 4 4 177834
437 332 6 6 330354
436 331 8 8 503343
435 330 10 10 719597
434 329 12 12 989617
433 328 14 14 1317600
432 327 16 16 1672389
431 326 18 18 2081551
438 333 4 4 182541
437 332 6 6 315589
436 331 8 8 501762
435 330 10 10 737987
434 329 12 12 1017140
433 328 14 14 1332073
432 327 16 16 1686753
431 326 18 18 2097444
438 333 4 4 177145
437 332 6 6 311609
436 331 8 8 490002
435 330 10 10 718131
434 329 12 12 1000077
433 328 14 14 1313444
432 327 16 16 1681752
431 326 18 18 2099899
438 333 4 4 170211
437 332 6 6 318517
436 331 8 8 498159
435 330 10 10 720808
434 329 12 12 986238
433 328 14 14 1308878
432 327 16 16 1666614
431 326 18 18 2059077
438 333 4 4 169500
437 332 6 6 314455
436 331 8 8 494788
435 330 10 10 728488
434 329 12 12 992091
433 328 14 14 1301722
432 327 16 16 1655228
431 326 18 18 2051495
438 333 4 4 171351
437 332 6 6 307262
436 331 8 8 502795
435 330 10 10 720450
434 329 12 12 976653
433 328 14 14 1284945
432 327 16 16 1636498
431 326 18 18 2043507
438 333 4 4 156690
437 332 6 6 309730
436 331 8 8 491314
435 330 10 10 705963
434 329 12 12 970351
433 328 14 14 1264164
432 327 16 16 1606308
431 326 18 18 2016175
438 333 4 4 189695
437 332 6 6 335686
436 331 8 8 518070
435 330 10 10 745465
434 329 12 12 1023875
433 328 14 14 1329606
432 327 16 16 1674772
431 326 18 18 2084271
438 333 4 4 171956
437 332 6 6 318842
436 331 8 8 498899
435 330 10 10 725800
434 329 12 12 994117
433 328 14 14 1296618
432 327 16 16 1649933
431 326 18 18 2043738
438 333 4 4 165277
437 332 6 6 301691
436 331 8 8 472791
435 330 10 10 686485
434 329 12 12 956485
433 328 14 14 1255714
432 327 16 16 1604467
431 326 18 18 2009929
438 333 4 4 173517
437 332 6 6 322453
436 331 8 8 507360
435 330 10 10 721333
434 329 12 12 978844
433 328 14 14 1284816
432 327 16 16 1650807
431 326 18 18 2075061
438 333 4 4 181500
437 332 6 6 322186
436 331 8 8 503489
435 330 10 10 725713
434 329 12 12 987178
433 328 14 14 1283231
432 327 16 16 1650408
431 326 18 18 2072058
438 333 4 4 169825
437 332 6 6 313208
436 331 8 8 486339
435 330 10 10 696692
434 329 12 12 954547
433 328 14 14 1255989
432 327 16 16 1606711
431 326 18 18 2007552
438 333 4 4 185672
437 332 6 6 326413
436 331 8 8 501575
435 330 10 10 715614
434 329 12 12 986527
433 328 14 14 1287438
432 327 16 16 1639594
431 326 18 18 2034345
438 333 4 4 178369
437 332 6 6 320809
436 331 8 8 505530
435 330 10 10 724674
434 329 12 12 994241
433 328 14 14 1294738
432 327 16 16 1651010
431 326 18 18 2031239
438 333 4 4 152626
437 332 6 6 295808
436 331 8 8 476661
435 330 10 10 687532
434 329 12 12 956096
433 328 14 14 1261466
432 327 16 16 1615489
431 326 18 18 2010367
438 333 4 4 187532
437 332 6 6 328614
436 331 8 8 506941
435 330 10 10 723984
434 329 12 12 997785
433 328 14 14 1300099
432 327 16 16 1657676
431 326 18 18 2060503
438 333 4 4 162150
437 332 6 6 304171
436 331 8 8 488405
435 330 10 10 709758
434 329 12 12 979663
433 328 14 14 1287429
432 327 16 16 1630310
431 326 18 18 2020238
438 333 4 4 171762
437 332 6 6 315435
436 331 8 8 496461
435 330 10 10 729567
434 329 12 12 994556
433 328 14 14 1293866
432 327 16 16 1661010
431 326 18 18 2068238
438 333 4 4 177444
437 332 6 6 328282
436 331 8 8 521259
435 330 10 10 740524
434 329 12 12 1006465
433 328 14 14 1306670
432 327 16 16 1666123
431 326 18 18 2064356
438 333 4 4 182818
437 332 6 6 323995
436 331 8 8 501843
435 330 10 10 721601
434 329 12 12 984293
433 328 14 14 1291434
432 327 16 16 1650676
431 326 18 18 2063146
438 333 4 4 188645
437 332 6 6 338583
436 331 8 8 522014
435 330 10 10 742029
434 329 12 12 1010098
433 328 14 14 1326883
432 327 16 16 1686729
431 326 18 18 2074252
438 333 4 4 168775
437 332 6 6 320136
436 331 8 8 503541
435 330 10 10 724374
434 329 12 12 997350
433 328 14 14 1308475
432 327 16 16 1677269
431 326 18 18 2079700
438 333 4 4 178960
437 332 6 6 324003
436 331 8 8 504237
435 330 10 10 723614
434 329 12 12 988286
433 328 14 14 1291559
432 327 16 16 1646385
431 326 18 18 2069565
438 333 4 4 183098
437 332 6 6 322554
436 331 8 8 501878
435 330 10 10 713495
434 329 12 12 986171
433 328 14 14 1285079
432 327 16 16 1646440
431 326 18 18 2042649
438 333 4 4 174250
437 332 6 6 318019
436 331 8 8 493705
435 330 10 10 714980
434 329 12 12 985977
433 328 14 14 1289332
432 327 16 16 1659747
431 326 18 18 2057352
438 333 4 4 183261
437 332 6 6 323122
436 331 8 8 497684
435 330 10 10 713768
434 329 12 12 961060
433 328 14 14 1275757
432 327 16 16 1643908
431 326 18 18 2036792
438 333 4 4 182877
437 332 6 6 325009
436 331 8 8 521701
435 330 10 10 745383
434 329 12 12 1023656
433 328 14 14 1332635
432 327 16 16 1673090
431 326 18 18 2093836
438 333 4 4 172641
437 332 6 6 321884
436 331 8 8 505379
435 330 10 10 741924
434 329 12 12 1003407
433 328 14 14 1297106
432 327 16 16 1658194
431 326 18 18 2065549
438 333 4 4 184314
437 332 6 6 328406
436 331 8 8 515415
435 330 10 10 742805
434 329 12 12 1010989
433 328 14 14 1325201
432 327 16 16 1683221
431 326 18 18 2071196
438 333 4 4 174459
437 332 6 6 306087
436 331 8 8 484856
435 330 10 10 708885
434 329 12 12 958136
433 328 14 14 1266279
432 327 16 16 1618087
431 326 18 18 2024016
438 333 4 4 185288
437 332 6 6 327832
436 331 8 8 505490
435 330 10 10 723948
434 329 12 12 993579
433 328 14 14 1299726
432 327 16 16 1643867
431 326 18 18 2048088
438 333 4 4 176103
437 332 6 6 318723
436 331 8 8 498752
435 330 10 10 715570
434 329 12 12 979421
433 328 14 14 1296283
432 327 16 16 1657380
431 326 18 18 2082210
438 333 4 4 172254
437 332 6 6 326036
436 331 8 8 502488
435 330 10 10 736451
434 329 12 12 990648
433 328 14 14 1310347
432 327 16 16 1682251
431 326 18 18 2102256
438 333 4 4 174771
437 332 6 6 326030
436 331 8 8 500644
435 330 10 10 723222
434 329 12 12 995503
433 328 14 14 1310503
432 327 16 16 1660823
431 326 18 18 2053293
438 333 4 4 159362
437 332 6 6 296624
436 331 8 8 478948
435 330 10 10 705051
434 329 12 12 968982
433 328 14 14 1285202
432 327 16 16 1615024
431 326 18 18 2002803
438 333 4 4 188046
437 332 6 6 329890
436 331 8 8 519558
435 330 10 10 729249
434 329 12 12 997075
433 328 14 14 1307739
432 327 16 16 1671837
431 326 18 18 2082172
438 333 4 4 173574
437 332 6 6 314646
436 331 8 8 492315
435 330 10 10 708671
434 329 12 12 964794
433 328 14 14 1280668
432 327 16 16 1630668
431 326 18 18 2040336
438 333 4 4 177947
437 332 6 6 322930
436 331 8 8 504370
435 330 10 10 714689
434 329 12 12 986420
433 328 14 14 1296984
432 327 16 16 1656383
431 326 18 18 2042054
438 333 4 4 174645
437 332 6 6 313982
436 331 8 8 487576
435 330 10 10 714536
434 329 12 12 975352
433 328 14 14 1308062
432 327 16 16 1654077
431 326 18 18 2061029
438 333 4 4 185366
437 332 6 6 329302
436 331 8 8 506594
435 330 10 10 731199
434 329 12 12 995562
433 328 14 14 1316639
432 327 16 16 1666422
431 326 18 18 2070333
438 333 4 4 180567
437 332 6 6 322156
436 331 8 8 501831
435 330 10 10 727524
434 329 12 12 990821
433 328 14 14 1303117
432 327 16 16 1654025
431 326 18 18 2061905
438 333 4 4 177510
437 332 6 6 313590
436 331 8 8 497414
435 330 10 10 723756
434 329 12 12 992624
433 328 14 14 1295306
432 327 16 16 1663033
431 326 18 18 2054757
438 333 4 4 168377
437 332 6 6 318577
436 331 8 8 499785
435 330 10 10 722273
434 329 12 12 981557
433 328 14 14 1297938
432 327 16 16 1651126
431 326 18 18 2059214
438 333 4 4 179136
437 332 6 6 325046
436 331 8 8 506626
435 330 10 10 727147
434 329 12 12 978291
433 328 14 14 1292784
432 327 16 16 1657063
431 326 18 18 2067267
438 333 4 4 167060
437 332 6 6 309763
436 331 8 8 482947
435 330 10 10 706855
434 329 12 12 968396
433 328 14 14 1277685
432 327 16 16 1621812
431 326 18 18 2026644
438 333 4 4 160557
437 332 6 6 307415
436 331 8 8 489957
435 330 10 10 709609
434 329 12 12 983532
433 328 14 14 1295100
432 327 16 16 1657546
431 326 18 18 2053429
438 333 4 4 197184
437 332 6 6 352002
436 331 8 8 530150
435 330 10 10 758661
434 329 12 12 1037856
433 328 14 14 1358523
432 327 16 16 1734775
431 326 18 18 2136856
438 333 4 4 174824
437 332 6 6 325678
436 331 8 8 509252
435 330 10 10 732325
434 329 12 12 996517
433 328 14 14 1313108
432 327 16 16 1658621
431 326 18 18 2066700
438 333 4 4 172043
437 332 6 6 316005
436 331 8 8 496284
435 330 10 10 717359
434 329 12 12 972230
433 328 14 14 1287063
432 327 16 16 1626931
431 326 18 18 2033556
438 333 4 4 169731
437 332 6 6 309943
436 331 8 8 492385
435 330 10 10 699336
434 329 12 12 954819
433 328 14 14 1258477
432 327 16 16 1631000
431 326 18 18 2035798
438 333 4 4 164474
437 332 6 6 302308
436 331 8 8 472047
435 330 10 10 702838
434 329 12 12 954652
433 328 14 14 1266496
432 327 16 16 1622310
431 326 18 18 2038491
438 333 4 4 176088
437 332 6 6 323585
436 331 8 8 510266
435 330 10 10 724753
434 329 12 12 995152
433 328 14 14 1301036
432 327 16 16 1655037
431 326 18 18 2075000
438 333 4 4 172392
437 332 6 6 323608
436 331 8 8 504430
435 330 10 10 740742
434 329 12 12 992780
433 328 14 14 1303651
432 327 16 16 1656407
431 326 18 18 2039570
438 333 4 4 166964
437 332 6 6 306009
436 331 8 8 483387
435 330 10 10 701319
434 329 12 12 974909
433 328 14 14 1279922
432 327 16 16 1634355
431 326 18 18 2043119
438 333 4 4 186865
437 332 6 6 332113
436 331 8 8 504220
435 330 10 10 734160
434 329 12 12 995050
433 328 14 14 1298753
432 327 16 16 1666605
431 326 18 18 2067627
438 333 4 4 174829
437 332 6 6 316586
436 331 8 8 490535
435 330 10 10 700231
434 329 12 12 971121
433 328 14 14 1265794
432 327 16 16 1631558
431 326 18 18 2028795
438 333 4 4 181601
437 332 6 6 323403
436 331 8 8 496857
435 330 10 10 720950
434 329 12 12 993952
433 328 14 14 1297332
432 327 16 16 1649550
431 326 18 18 2042380
438 333 4 4 171172
437 332 6 6 325623
436 331 8 8 511315
435 330 10 10 728722
434 329 12 12 992331
433 328 14 14 1303738
432 327 16 16 1664869
431 326 18 18 2065711
438 333 4 4 177771
437 332 6 6 327062
436 331 8 8 499983
435 330 10 10 731368
434 329 12 12 989687
433 328 14 14 1291861
432 327 16 16 1632026
431 326 18 18 2025292
438 333 4 4 157965
437 332 6 6 297014
436 331 8 8 472998
435 330 10 10 699306
434 329 12 12 963162
433 328 14 14 1272727
432 327 16 16 1644034
431 326 18 18 2058266
438 333 4 4 172501
437 332 6 6 326409
436 331 8 8 501895
435 330 10 10 720153
434 329 12 12 989538
433 328 14 14 1290798
432 327 16 16 1638231
431 326 18 18 2047275
438 333 4 4 190531
437 332 6 6 331509
436 331 8 8 512563
435 330 10 10 723614
434 329 12 12 978287
433 328 14 14 1267663
432 327 16 16 1613542
431 326 18 18 2047602
438 333 4 4 171390
437 332 6 6 314310
436 331 8 8 486075
435 330 10 10 699524
434 329 12 12 961053
433 328 14 14 1277363
432 327 16 16 1639506
431 326 18 18 2044675
438 333 4 4 164587
437 332 6 6 308001
436 331 8 8 489810
435 330 10 10 709674
434 329 12 12 974706
433 328 14 14 1286230
432 327 16 16 1634862
431 326 18 18 2038600
438 333 4 4 168082
437 332 6 6 311683
436 331 8 8 492900
435 330 10 10 711304
434 329 12 12 973579
433 328 14 14 1265580
432 327 16 16 1609617
431 326 18 18 2016481
438 333 4 4 164232
437 332 6 6 316095
436 331 8 8 494167
435 330 10 10 704118
434 329 12 12 960979
433 328 14 14 1268898
432 327 16 16 1634884
431 326 18 18 2042882
438 333 4 4 169089
437 332 6 6 319905
436 331 8 8 510436
435 330 10 10 722452
434 329 12 12 989396
433 328 14 14 1304619
432 327 16 16 1655039
431 326 18 18 2074615
438 333 4 4 181245
437 332 6 6 331100
436 331 8 8 516561
435 330 10 10 741907
434 329 12 12 1000997
433 328 14 14 1315019
432 327 16 16 1681986
431 326 18 18 2079716
438 333 4 4 167317
437 332 6 6 303900
436 331 8 8 472784
435 330 10 10 691672
434 329 12 12 961422
433 328 14 14 1269338
432 327 16 16 1617259
431 326 18 18 2031650
438 333 4 4 154669
437 332 6 6 302074
436 331 8 8 483217
435 330 10 10 708886
434 329 12 12 959343
433 328 14 14 1273390
432 327 16 16 1629393
431 326 18 18 2022702
438 333 4 4 166894
437 332 6 6 307953
436 331 8 8 491919
435 330 10 10 699543
434 329 12 12 976038
433 328 14 14 1273445
432 327 16 16 1611436
431 326 18 18 2019194
438 333 4 4 175078
437 332 6 6 311169
436 331 8 8 491552
435 330 10 10 701917
434 329 12 12 972315
433 328 14 14 1296337
432 327 16 16 1647919
431 326 18 18 2060664
438 333 4 4 169590
437 332 6 6 316908
436 331 8 8 495454
435 330 10 10 717368
434 329 12 12 986332
433 328 14 14 1279154
432 327 16 16 1631856
431 326 18 18 2031896
438 333 4 4 190833
437 332 6 6 339401
436 331 8 8 516889
435 330 10 10 730707
434 329 12 12 1000376
433 328 14 14 1313127
432 327 16 16 1686992
431 326 18 18 2084811
438 333 4 4 161742
437 332 6 6 303612
436 331 8 8 503891
435 330 10 10 725605
434 329 12 12 985171
433 328 14 14 1289724
432 327 16 16 1651230
431 326 18 18 2064809
438 333 4 4 173873
437 332 6 6 317691
436 331 8 8 499704
435 330 10 10 709045
434 329 12 12 959043
433 328 14 14 1262193
432 327 16 16 1594520
431 326 18 18 2001139
438 333 4 4 168051
437 332 6 6 307928
436 331 8 8 484219
435 330 10 10 717432
434 329 12 12 973969
433 328 14 14 1279365
432 327 16 16 1629828
431 326 18 18 2032818
438 333 4 4 178420
437 332 6 6 317958
436 331 8 8 489181
435 330 10 10 721086
434 329 12 12 982612
433 328 14 14 1284364
432 327 16 16 1620210
431 326 18 18 2044513
438 333 4 4 177052
437 332 6 6 316204
436 331 8 8 487151
435 330 10 10 706074
434 329 12 12 969039
433 328 14 14 1263960
432 327 16 16 1610682
431 326 18 18 2033221
438 333 4 4 174914
437 332 6 6 320842
436 331 8 8 502919
435 330 10 10 725215
434 329 12 12 978651
433 328 14 14 1289145
432 327 16 16 1658502
431 326 18 18 2056357
438 333 4 4 181714
437 332 6 6 332522
436 331 8 8 521136
435 330 10 10 747042
434 329 12 12 1007736
433 328 14 14 1315312
432 327 16 16 1655684
431 326 18 18 2071315
438 333 4 4 174389
437 332 6 6 312202
436 331 8 8 492430
435 330 10 10 717632
434 329 12 12 991185
433 328 14 14 1301282
432 327 16 16 1657215
431 326 18 18 2057870
438 333 4 4 180745
437 332 6 6 319824
436 331 8 8 485550
435 330 10 10 718163
434 329 12 12 971706
433 328 14 14 1273931
432 327 16 16 1633699
431 326 18 18 2039450
438 333 4 4 179596
437 332 6 6 334155
436 331 8 8 514799
435 330 10 10 731384
434 329 12 12 991923
433 328 14 14 1292246
432 327 16 16 1639539
431 326 18 18 2049661
438 333 4 4 184034
437 332 6 6 332472
436 331 8 8 506835
435 330 10 10 717702
434 329 12 12 986087
433 328 14 14 1303134
432 327 16 16 1651206
431 326 18 18 2064000
438 333 4 4 160706
437 332 6 6 299813
436 331 8 8 485403
435 330 10 10 707604
434 329 12 12 985070
433 328 14 14 1294072
432 327 16 16 1653323
431 326 18 18 2052552
438 333 4 4 186213
437 332 6 6 336534
436 331 8 8 516125
435 330 10 10 737709
434 329 12 12 1003747
433 328 14 14 1303645
432 327 16 16 1647040
431 326 18 18 2048866
438 333 4 4 171436
437 332 6 6 310212
436 331 8 8 481620
435 330 10 10 710197
434 329 12 12 983391
433 328 14 14 1292925
432 327 16 16 1642993
431 326 18 18 2040139
438 333 4 4 176353
437 332 6 6 318769
436 331 8 8 493217
435 330 10 10 717139
434 329 12 12 984958
433 328 14 14 1286713
432 327 16 16 1638821
431 326 18 18 2048126
438 333 4 4 155543
437 332 6 6 296283
436 331 8 8 480793
435 330 10 10 698617
434 329 12 12 958173
433 328 14 14 1267901
432 327 16 16 1619447
431 326 18 18 2044927
438 333 4 4 178222
437 332 6 6 322156
436 331 8 8 501501
435 330 10 10 723022
434 329 12 12 985387
433 328 14 14 1283994
432 327 16 16 1638260
431 326 18 18 2034426
438 333 4 4 170612
437 332 6 6 315238
436 331 8 8 507632
435 330 10 10 733138
434 329 12 12 986128
433 328 14 14 1301326
432 327 16 16 1655544
431 326 18 18 2041396
438 333 4 4 179048
437 332 6 6 331460
436 331 8 8 507566
435 330 10 10 737440
434 329 12 12 1005019
433 328 14 14 1319891
432 327 16 16 1667427
431 326 18 18 2056477
438 333 4 4 167053
437 332 6 6 313606
436 331 8 8 508610
435 330 10 10 723877
434 329 12 12 987136
433 328 14 14 1290691
432 327 16 16 1646034
431 326 18 18 2058820
438 333 4 4 181949
437 332 6 6 322796
436 331 8 8 505595
435 330 10 10 716419
434 329 12 12 978886
433 328 14 14 1271682
432 327 16 16 1612494
431 326 18 18 2004915
438 333 4 4 184798
437 332 6 6 337161
436 331 8 8 514942
435 330 10 10 728615
434 329 12 12 994137
433 328 14 14 1306273
432 327 16 16 1671554
431 326 18 18 2078519
438 333 4 4 170682
437 332 6 6 315707
436 331 8 8 501430
435 330 10 10 727909
434 329 12 12 984089
433 328 14 14 1287569
432 327 16 16 1635078
431 326 18 18 2045287
438 333 4 4 172105
437 332 6 6 313243
436 331 8 8 487503
435 330 10 10 698604
434 329 12 12 953936
433 328 14 14 1260211
432 327 16 16 1605276
431 326 18 18 1997377
438 333 4 4 177801
437 332 6 6 321901
436 331 8 8 485339
435 330 10 10 701065
434 329 12 12 965781
433 328 14 14 1253697
432 327 16 16 1589780
431 326 18 18 1982922
438 333 4 4 180917
437 332 6 6 330846
436 331 8 8 503914
435 330 10 10 719360
434 329 12 12 980508
433 328 14 14 1284186
432 327 16 16 1645094
431 326 18 18 2043326
438 333 4 4 178039
437 332 6 6 323932
436 331 8 8 498065
435 330 10 10 725290
434 329 12 12 972744
433 328 14 14 1260488
432 327 16 16 1618595
431 326 18 18 2006031
438 333 4 4 172107
437 332 6 6 307719
436 331 8 8 476038
435 330 10 10 688655
434 329 12 12 956409
433 328 14 14 1255087
432 327 16 16 1601196
431 326 18 18 2009057
438 333 4 4 179179
437 332 6 6 323773
436 331 8 8 503823
435 330 10 10 728741
434 329 12 12 993357
433 328 14 14 1305173
432 327 16 16 1661477
431 326 18 18 2074893
438 333 4 4 175914
437 332 6 6 308906
436 331 8 8 488187
435 330 10 10 722713
434 329 12 12 982107
433 328 14 14 1299984
432 327 16 16 1639258
431 326 18 18 2042624
438 333 4 4 173925
437 332 6 6 314669
436 331 8 8 497170
435 330 10 10 726874
434 329 12 12 990119
433 328 14 14 1314980
432 327 16 16 1661238
431 326 18 18 2063619
438 333 4 4 174378
437 332 6 6 318276
436 331 8 8 502630
435 330 10 10 734718
434 329 12 12 995614
433 328 14 14 1300234
432 327 16 16 1652726
431 326 18 18 2041108
438 333 4 4 186292
437 332 6 6 340138
436 331 8 8 521196
435 330 10 10 727824
434 329 12 12 988605
433 328 14 14 1298241
432 327 16 16 1647796
431 326 18 18 2039571
438 333 4 4 170155
437 332 6 6 310890
436 331 8 8 473995
435 330 10 10 686990
434 329 12 12 946260
433 328 14 14 1258980
432 327 16 16 1614520
431 326 18 18 2016605
438 333 4 4 174808
437 332 6 6 317614
436 331 8 8 507546
435 330 10 10 712339
434 329 12 12 981971
433 328 14 14 1282121
432 327 16 16 1636121
431 326 18 18 2061612
438 333 4 4 165917
437 332 6 6 314789
436 331 8 8 496043
435 330 10 10 718878
434 329 12 12 979778
433 328 14 14 1299506
432 327 16 16 1655907
431 326 18 18 2063452
438 333 4 4 165009
437 332 6 6 301909
436 331 8 8 468500
435 330 10 10 693340
434 329 12 12 948582
433 328 14 14 1246368
432 327 16 16 1605508
431 326 18 18 2010738
438 333 4 4 182541
437 332 6 6 321216
436 331 8 8 495186
435 330 10 10 704310
434 329 12 12 959926
433 328 14 14 1268675
432 327 16 16 1614328
431 326 18 18 2001932
438 333 4 4 171817
437 332 6 6 311468
436 331 8 8 487767
435 330 10 10 712858
434 329 12 12 964581
433 328 14 14 1269603
432 327 16 16 1633535
431 326 18 18 2040859
