156 475 4 4 1830
155 474 6 6 4725
154 473 8 8 7901
153 472 10 10 12579
152 471 12 12 18203
151 470 14 14 25158
150 469 16 16 33288
149 468 18 18 41291
156 475 4 4 1732
155 474 6 6 4002
154 473 8 8 7308
153 472 10 10 12488
152 471 12 12 18079
151 470 14 14 24353
150 469 16 16 31501
149 468 18 18 39756
156 475 4 4 2349
155 474 6 6 5084
154 473 8 8 8276
153 472 10 10 12775
152 471 12 12 18192
151 470 14 14 24497
150 469 16 16 32490
149 468 18 18 41073
156 475 4 4 1866
155 474 6 6 4459
154 473 8 8 7406
153 472 10 10 11310
152 471 12 12 16866
151 470 14 14 23054
150 469 16 16 29589
149 468 18 18 38421
156 475 4 4 1748
155 474 6 6 3801
154 473 8 8 6903
153 472 10 10 10806
152 471 12 12 16098
151 470 14 14 22454
150 469 16 16 29602
149 468 18 18 36999
156 475 4 4 2058
155 474 6 6 4354
154 473 8 8 7845
153 472 10 10 11602
152 471 12 12 17758
151 470 14 14 23738
150 469 16 16 30809
149 468 18 18 39707
156 475 4 4 2744
155 474 6 6 4854
154 473 8 8 8018
153 472 10 10 11925
152 471 12 12 17375
151 470 14 14 24145
150 469 16 16 31066
149 468 18 18 38909
156 475 4 4 2948
155 474 6 6 5057
154 473 8 8 8052
153 472 10 10 12041
152 471 12 12 17425
151 470 14 14 24563
150 469 16 16 31902
149 468 18 18 40136
156 475 4 4 1575
155 474 6 6 3956
154 473 8 8 8982
153 472 10 10 13498
152 471 12 12 18751
151 470 14 14 26215
150 469 16 16 33863
149 468 18 18 42232
156 475 4 4 1670
155 474 6 6 4026
154 473 8 8 6844
153 472 10 10 10617
152 471 12 12 15270
151 470 14 14 21344
150 469 16 16 28373
149 468 18 18 37674
156 475 4 4 1833
155 474 6 6 4006
154 473 8 8 8849
153 472 10 10 13066
152 471 12 12 18009
151 470 14 14 24229
150 469 16 16 33001
149 468 18 18 41628
156 475 4 4 2357
155 474 6 6 4358
154 473 8 8 8430
153 472 10 10 12160
152 471 12 12 18030
151 470 14 14 23285
150 469 16 16 31943
149 468 18 18 40405
156 475 4 4 1715
155 474 6 6 4324
154 473 8 8 7451
153 472 10 10 11281
152 471 12 12 16099
151 470 14 14 21894
150 469 16 16 29527
149 468 18 18 37917
156 475 4 4 1510
155 474 6 6 4166
154 473 8 8 7175
153 472 10 10 11003
152 471 12 12 16928
151 470 14 14 23410
150 469 16 16 31233
149 468 18 18 38877
156 475 4 4 1745
155 474 6 6 3639
154 473 8 8 6722
153 472 10 10 9995
152 471 12 12 13995
151 470 14 14 20238
150 469 16 16 26466
149 468 18 18 32478
156 475 4 4 1922
155 474 6 6 4089
154 473 8 8 7296
153 472 10 10 11802
152 471 12 12 16682
151 470 14 14 23605
150 469 16 16 30546
149 468 18 18 38527
156 475 4 4 2134
155 474 6 6 4093
154 473 8 8 7656
153 472 10 10 12010
152 471 12 12 16416
151 470 14 14 24307
150 469 16 16 31108
149 468 18 18 38828
156 475 4 4 1692
155 474 6 6 3970
154 473 8 8 8153
153 472 10 10 13150
152 471 12 12 19539
151 470 14 14 25366
150 469 16 16 32480
149 468 18 18 42011
156 475 4 4 1986
155 474 6 6 4540
154 473 8 8 7701
153 472 10 10 12186
152 471 12 12 17084
151 470 14 14 24173
150 469 16 16 31649
149 468 18 18 40444
156 475 4 4 1738
155 474 6 6 3921
154 473 8 8 7518
153 472 10 10 11801
152 471 12 12 16788
151 470 14 14 22965
150 469 16 16 30766
149 468 18 18 38844
156 475 4 4 1962
155 474 6 6 4618
154 473 8 8 8882
153 472 10 10 13781
152 471 12 12 18181
151 470 14 14 24418
150 469 16 16 31056
149 468 18 18 37987
156 475 4 4 1752
155 474 6 6 4163
154 473 8 8 7189
153 472 10 10 11175
152 471 12 12 16177
151 470 14 14 21933
150 469 16 16 29313
149 468 18 18 37057
156 475 4 4 1977
155 474 6 6 4522
154 473 8 8 7831
153 472 10 10 12567
152 471 12 12 17595
151 470 14 14 24647
150 469 16 16 31501
149 468 18 18 40430
156 475 4 4 2410
155 474 6 6 6292
154 473 8 8 10536
153 472 10 10 15073
152 471 12 12 20779
151 470 14 14 27975
150 469 16 16 36561
149 468 18 18 46043
156 475 4 4 3160
155 474 6 6 5638
154 473 8 8 9248
153 472 10 10 15073
152 471 12 12 20906
151 470 14 14 27419
150 469 16 16 34890
149 468 18 18 43098
156 475 4 4 108526
155 474 6 6 159590
154 473 8 8 221614
153 472 10 10 287491
152 471 12 12 362258
151 470 14 14 453566
150 469 16 16 557529
149 468 18 18 682121
156 475 4 4 144391
155 474 6 6 200970
154 473 8 8 257219
153 472 10 10 318893
152 471 12 12 402309
151 470 14 14 490841
150 469 16 16 589695
149 468 18 18 711335
156 475 4 4 140387
155 474 6 6 188992
154 473 8 8 247954
153 472 10 10 307603
152 471 12 12 377618
151 470 14 14 462978
150 469 16 16 562207
149 468 18 18 675247
156 475 4 4 137488
155 474 6 6 188791
154 473 8 8 242994
153 472 10 10 302863
152 471 12 12 372969
151 470 14 14 457184
150 469 16 16 554657
149 468 18 18 669725
156 475 4 4 136371
155 474 6 6 187658
154 473 8 8 247053
153 472 10 10 309185
152 471 12 12 391961
151 470 14 14 475490
150 469 16 16 569144
149 468 18 18 687607
156 475 4 4 139933
155 474 6 6 194802
154 473 8 8 245268
153 472 10 10 300589
152 471 12 12 373415
151 470 14 14 464723
150 469 16 16 560364
149 468 18 18 675509
156 475 4 4 137973
155 474 6 6 193054
154 473 8 8 248049
153 472 10 10 305800
152 471 12 12 382216
151 470 14 14 468259
150 469 16 16 563858
149 468 18 18 678557
156 475 4 4 143151
155 474 6 6 195963
154 473 8 8 250335
153 472 10 10 307382
152 471 12 12 377049
151 470 14 14 453563
150 469 16 16 547342
149 468 18 18 679313
156 475 4 4 142708
155 474 6 6 203838
154 473 8 8 259875
153 472 10 10 319659
152 471 12 12 394335
151 470 14 14 484693
150 469 16 16 583572
149 468 18 18 700386
156 475 4 4 139004
155 474 6 6 193471
154 473 8 8 245798
153 472 10 10 318105
152 471 12 12 389987
151 470 14 14 480481
150 469 16 16 582833
149 468 18 18 695144
156 475 4 4 134552
155 474 6 6 188575
154 473 8 8 244666
153 472 10 10 311031
152 471 12 12 384418
151 470 14 14 464688
150 469 16 16 554495
149 468 18 18 674716
156 475 4 4 136193
155 474 6 6 191159
154 473 8 8 245258
153 472 10 10 311327
152 471 12 12 390367
151 470 14 14 473759
150 469 16 16 567285
149 468 18 18 688334
156 475 4 4 126042
155 474 6 6 181263
154 473 8 8 228493
153 472 10 10 290623
152 471 12 12 359163
151 470 14 14 448486
150 469 16 16 543592
149 468 18 18 662267
156 475 4 4 134733
155 474 6 6 185587
154 473 8 8 241790
153 472 10 10 300464
152 471 12 12 371288
151 470 14 14 451917
150 469 16 16 548751
149 468 18 18 661905
156 475 4 4 139893
155 474 6 6 193646
154 473 8 8 252800
153 472 10 10 316518
152 471 12 12 398748
151 470 14 14 487570
150 469 16 16 575721
149 468 18 18 686756
156 475 4 4 134300
155 474 6 6 180860
154 473 8 8 232815
153 472 10 10 299524
152 471 12 12 370278
151 470 14 14 452840
150 469 16 16 544592
149 468 18 18 669020
156 475 4 4 151615
155 474 6 6 201002
154 473 8 8 258528
153 472 10 10 322865
152 471 12 12 399080
151 470 14 14 481789
150 469 16 16 578936
149 468 18 18 702606
156 475 4 4 137015
155 474 6 6 193280
154 473 8 8 246473
153 472 10 10 309322
152 471 12 12 378167
151 470 14 14 456891
150 469 16 16 549869
149 468 18 18 667167
156 475 4 4 144162
155 474 6 6 201473
154 473 8 8 251530
153 472 10 10 315314
152 471 12 12 388364
151 470 14 14 469378
150 469 16 16 555680
149 468 18 18 670535
156 475 4 4 135168
155 474 6 6 192186
154 473 8 8 246388
153 472 10 10 307881
152 471 12 12 380709
151 470 14 14 469837
150 469 16 16 563522
149 468 18 18 675420
156 475 4 4 141109
155 474 6 6 192716
154 473 8 8 244818
153 472 10 10 305105
152 471 12 12 382568
151 470 14 14 463743
150 469 16 16 557575
149 468 18 18 678579
156 475 4 4 132987
155 474 6 6 184179
154 473 8 8 237334
153 472 10 10 299498
152 471 12 12 366428
151 470 14 14 452906
150 469 16 16 546885
149 468 18 18 663408
156 475 4 4 136926
155 474 6 6 182032
154 473 8 8 236599
153 472 10 10 303142
152 471 12 12 376669
151 470 14 14 446037
150 469 16 16 543978
149 468 18 18 656991
156 475 4 4 154666
155 474 6 6 209719
154 473 8 8 255762
153 472 10 10 314184
152 471 12 12 382483
151 470 14 14 468037
150 469 16 16 562772
149 468 18 18 674600
156 475 4 4 139230
155 474 6 6 194855
154 473 8 8 247192
153 472 10 10 309614
152 471 12 12 381341
151 470 14 14 460340
150 469 16 16 552881
149 468 18 18 664279
156 475 4 4 140564
155 474 6 6 194335
154 473 8 8 247655
153 472 10 10 313592
152 471 12 12 387009
151 470 14 14 478027
150 469 16 16 571914
149 468 18 18 682975
156 475 4 4 142088
155 474 6 6 195220
154 473 8 8 247472
153 472 10 10 308566
152 471 12 12 392411
151 470 14 14 469788
150 469 16 16 558424
149 468 18 18 675792
156 475 4 4 130723
155 474 6 6 183928
154 473 8 8 235315
153 472 10 10 300363
152 471 12 12 376074
151 470 14 14 463615
150 469 16 16 561698
149 468 18 18 683895
156 475 4 4 114105
155 474 6 6 175295
154 473 8 8 236495
153 472 10 10 300254
152 471 12 12 375637
151 470 14 14 468917
150 469 16 16 570472
149 468 18 18 686569
156 475 4 4 120475
155 474 6 6 172411
154 473 8 8 228476
153 472 10 10 295389
152 471 12 12 374729
151 470 14 14 463582
150 469 16 16 560013
149 468 18 18 673727
156 475 4 4 116360
155 474 6 6 168882
154 473 8 8 218523
153 472 10 10 279508
152 471 12 12 359413
151 470 14 14 444137
150 469 16 16 540978
149 468 18 18 653764
156 475 4 4 125236
155 474 6 6 179614
154 473 8 8 235083
153 472 10 10 303371
152 471 12 12 379047
151 470 14 14 462858
150 469 16 16 551648
149 468 18 18 670899
156 475 4 4 136506
155 474 6 6 193520
154 473 8 8 246248
153 472 10 10 302451
152 471 12 12 374138
151 470 14 14 458514
150 469 16 16 548277
149 468 18 18 665212
156 475 4 4 146537
155 474 6 6 196801
154 473 8 8 253278
153 472 10 10 307623
152 471 12 12 386705
151 470 14 14 460538
150 469 16 16 545567
149 468 18 18 654149
156 475 4 4 141811
155 474 6 6 193245
154 473 8 8 242258
153 472 10 10 299952
152 471 12 12 373730
151 470 14 14 457053
150 469 16 16 556485
149 468 18 18 662248
156 475 4 4 142601
155 474 6 6 192693
154 473 8 8 245432
153 472 10 10 308139
152 471 12 12 381471
151 470 14 14 463230
150 469 16 16 555937
149 468 18 18 661906
156 475 4 4 142286
155 474 6 6 198309
154 473 8 8 249834
153 472 10 10 308500
152 471 12 12 381543
151 470 14 14 463481
150 469 16 16 546966
149 468 18 18 657529
156 475 4 4 148066
155 474 6 6 201220
154 473 8 8 254468
153 472 10 10 306594
152 471 12 12 377015
151 470 14 14 467374
150 469 16 16 556335
149 468 18 18 663372
156 475 4 4 138841
155 474 6 6 192483
154 473 8 8 249014
153 472 10 10 310690
152 471 12 12 384578
151 470 14 14 462872
150 469 16 16 559801
149 468 18 18 671898
156 475 4 4 142471
155 474 6 6 197175
154 473 8 8 254406
153 472 10 10 311874
152 471 12 12 379672
151 470 14 14 455693
150 469 16 16 544476
149 468 18 18 650263
156 475 4 4 143682
155 474 6 6 195361
154 473 8 8 250186
153 472 10 10 309760
152 471 12 12 375322
151 470 14 14 459746
150 469 16 16 545773
149 468 18 18 664381
156 475 4 4 153338
155 474 6 6 201954
154 473 8 8 257659
153 472 10 10 322752
152 471 12 12 398707
151 470 14 14 483474
150 469 16 16 584560
149 468 18 18 696256
156 475 4 4 143727
155 474 6 6 194433
154 473 8 8 247206
153 472 10 10 305205
152 471 12 12 376055
151 470 14 14 459895
150 469 16 16 558938
149 468 18 18 671002
156 475 4 4 123381
155 474 6 6 176568
154 473 8 8 229109
153 472 10 10 286661
152 471 12 12 360318
151 470 14 14 439108
150 469 16 16 527229
149 468 18 18 640630
156 475 4 4 134294
155 474 6 6 183282
154 473 8 8 233829
153 472 10 10 288951
152 471 12 12 357976
151 470 14 14 429677
150 469 16 16 518367
149 468 18 18 617437
156 475 4 4 145544
155 474 6 6 196369
154 473 8 8 249138
153 472 10 10 312995
152 471 12 12 380817
151 470 14 14 456328
150 469 16 16 543381
149 468 18 18 651220
156 475 4 4 149181
155 474 6 6 196966
154 473 8 8 251559
153 472 10 10 311062
152 471 12 12 376766
151 470 14 14 460113
150 469 16 16 550261
149 468 18 18 653522
156 475 4 4 134128
155 474 6 6 183766
154 473 8 8 238543
153 472 10 10 296102
152 471 12 12 367094
151 470 14 14 449485
150 469 16 16 545404
149 468 18 18 657475
156 475 4 4 126827
155 474 6 6 181195
154 473 8 8 230011
153 472 10 10 286040
152 471 12 12 353467
151 470 14 14 431961
150 469 16 16 531080
149 468 18 18 642493
156 475 4 4 146451
155 474 6 6 204905
154 473 8 8 256705
153 472 10 10 320279
152 471 12 12 389034
151 470 14 14 469421
150 469 16 16 564503
149 468 18 18 675570
156 475 4 4 139040
155 474 6 6 192476
154 473 8 8 248915
153 472 10 10 305742
152 471 12 12 372794
151 470 14 14 454020
150 469 16 16 539650
149 468 18 18 643587
156 475 4 4 135958
155 474 6 6 180881
154 473 8 8 229033
153 472 10 10 299255
152 471 12 12 373608
151 470 14 14 456840
150 469 16 16 549144
149 468 18 18 662084
156 475 4 4 140312
155 474 6 6 197117
154 473 8 8 253300
153 472 10 10 314503
152 471 12 12 394455
151 470 14 14 473458
150 469 16 16 574674
149 468 18 18 699329
156 475 4 4 143468
155 474 6 6 199508
154 473 8 8 253908
153 472 10 10 317360
152 471 12 12 392419
151 470 14 14 481037
150 469 16 16 579523
149 468 18 18 687849
156 475 4 4 144774
155 474 6 6 196883
154 473 8 8 249483
153 472 10 10 303950
152 471 12 12 373122
151 470 14 14 453370
150 469 16 16 543873
149 468 18 18 657536
156 475 4 4 142670
155 474 6 6 193306
154 473 8 8 246726
153 472 10 10 301437
152 471 12 12 363694
151 470 14 14 447060
150 469 16 16 534313
149 468 18 18 653365
156 475 4 4 146605
155 474 6 6 201348
154 473 8 8 255828
153 472 10 10 315870
152 471 12 12 385346
151 470 14 14 454650
150 469 16 16 547170
149 468 18 18 652408
156 475 4 4 142797
155 474 6 6 199856
154 473 8 8 254976
153 472 10 10 313389
152 471 12 12 385605
151 470 14 14 472099
150 469 16 16 559287
149 468 18 18 670765
156 475 4 4 147399
155 474 6 6 200990
154 473 8 8 253527
153 472 10 10 315444
152 471 12 12 385454
151 470 14 14 473373
150 469 16 16 578918
149 468 18 18 700120
156 475 4 4 134242
155 474 6 6 193808
154 473 8 8 246548
153 472 10 10 309512
152 471 12 12 379479
151 470 14 14 459408
150 469 16 16 550245
149 468 18 18 660132
156 475 4 4 141679
155 474 6 6 199191
154 473 8 8 252415
153 472 10 10 315150
152 471 12 12 385833
151 470 14 14 476213
150 469 16 16 572414
149 468 18 18 688396
156 475 4 4 151137
155 474 6 6 200836
154 473 8 8 256031
153 472 10 10 318993
152 471 12 12 390568
151 470 14 14 471801
150 469 16 16 567012
149 468 18 18 673345
156 475 4 4 138992
155 474 6 6 194940
154 473 8 8 252449
153 472 10 10 311573
152 471 12 12 382819
151 470 14 14 465720
150 469 16 16 562685
149 468 18 18 686603
156 475 4 4 144503
155 474 6 6 199371
154 473 8 8 252502
153 472 10 10 323598
152 471 12 12 400834
151 470 14 14 486067
150 469 16 16 583481
149 468 18 18 703803
156 475 4 4 143415
155 474 6 6 199749
154 473 8 8 249041
153 472 10 10 307048
152 471 12 12 382203
151 470 14 14 463943
150 469 16 16 555032
149 468 18 18 670714
156 475 4 4 143279
155 474 6 6 207737
154 473 8 8 267245
153 472 10 10 335338
152 471 12 12 411618
151 470 14 14 501006
150 469 16 16 600520
149 468 18 18 728082
156 475 4 4 141630
155 474 6 6 196956
154 473 8 8 247489
153 472 10 10 317423
152 471 12 12 384746
151 470 14 14 468208
150 469 16 16 564093
149 468 18 18 681067
156 475 4 4 149393
155 474 6 6 200249
154 473 8 8 252013
153 472 10 10 315073
152 471 12 12 392939
151 470 14 14 470294
150 469 16 16 567060
149 468 18 18 680158
156 475 4 4 143657
155 474 6 6 193895
154 473 8 8 243069
153 472 10 10 309571
152 471 12 12 386637
151 470 14 14 470084
150 469 16 16 561081
149 468 18 18 683811
156 475 4 4 135352
155 474 6 6 194897
154 473 8 8 247012
153 472 10 10 303225
152 471 12 12 379006
151 470 14 14 459317
150 469 16 16 559603
149 468 18 18 665037
156 475 4 4 138039
155 474 6 6 190950
154 473 8 8 241751
153 472 10 10 300904
152 471 12 12 369525
151 470 14 14 453545
150 469 16 16 540805
149 468 18 18 647404
156 475 4 4 124188
155 474 6 6 171348
154 473 8 8 221101
153 472 10 10 280217
152 471 12 12 350411
151 470 14 14 433669
150 469 16 16 529092
149 468 18 18 639202
156 475 4 4 142367
155 474 6 6 195579
154 473 8 8 244451
153 472 10 10 304217
152 471 12 12 375427
151 470 14 14 453449
150 469 16 16 543727
149 468 18 18 652004
156 475 4 4 154484
155 474 6 6 203165
154 473 8 8 257284
153 472 10 10 314643
152 471 12 12 382389
151 470 14 14 462483
150 469 16 16 559561
149 468 18 18 667478
156 475 4 4 152471
155 474 6 6 209079
154 473 8 8 268156
153 472 10 10 327164
152 471 12 12 399794
151 470 14 14 473462
150 469 16 16 570550
149 468 18 18 683480
156 475 4 4 143171
155 474 6 6 188122
154 473 8 8 243435
153 472 10 10 309727
152 471 12 12 381395
151 470 14 14 465426
150 469 16 16 557757
149 468 18 18 663833
156 475 4 4 148052
155 474 6 6 203630
154 473 8 8 255251
153 472 10 10 316531
152 471 12 12 390578
151 470 14 14 479728
150 469 16 16 576666
149 468 18 18 685503
156 475 4 4 129694
155 474 6 6 179659
154 473 8 8 230738
153 472 10 10 291477
152 471 12 12 362393
151 470 14 14 438394
150 469 16 16 526175
149 468 18 18 644195
156 475 4 4 131364
155 474 6 6 183495
154 473 8 8 237592
153 472 10 10 293568
152 471 12 12 352595
151 470 14 14 423791
150 469 16 16 520153
149 468 18 18 623928
156 475 4 4 142365
155 474 6 6 195143
154 473 8 8 247000
153 472 10 10 308194
152 471 12 12 374661
151 470 14 14 457784
150 469 16 16 551545
149 468 18 18 664377
156 475 4 4 141939
155 474 6 6 189649
154 473 8 8 250225
153 472 10 10 311032
152 471 12 12 381837
151 470 14 14 467399
150 469 16 16 551131
149 468 18 18 668034
156 475 4 4 139653
155 474 6 6 193275
154 473 8 8 242421
153 472 10 10 306155
152 471 12 12 372775
151 470 14 14 453059
150 469 16 16 546210
149 468 18 18 647280
156 475 4 4 146460
155 474 6 6 204438
154 473 8 8 253182
153 472 10 10 316796
152 471 12 12 386313
151 470 14 14 470294
150 469 16 16 561679
149 468 18 18 671906
156 475 4 4 143553
155 474 6 6 196042
154 473 8 8 253006
153 472 10 10 313936
152 471 12 12 385231
151 470 14 14 463600
150 469 16 16 554748
149 468 18 18 662428
156 475 4 4 127624
155 474 6 6 185181
154 473 8 8 233615
153 472 10 10 289762
152 471 12 12 359991
151 470 14 14 435040
150 469 16 16 524374
149 468 18 18 630517
156 475 4 4 127037
155 474 6 6 176314
154 473 8 8 232048
153 472 10 10 297659
152 471 12 12 366711
151 470 14 14 439994
150 469 16 16 538732
149 468 18 18 644593
156 475 4 4 136268
155 474 6 6 185849
154 473 8 8 238521
153 472 10 10 297069
152 471 12 12 367381
151 470 14 14 456277
150 469 16 16 548561
149 468 18 18 660755
156 475 4 4 130291
155 474 6 6 182927
154 473 8 8 229313
153 472 10 10 282335
152 471 12 12 351635
151 470 14 14 429610
150 469 16 16 514118
149 468 18 18 624602
156 475 4 4 145297
155 474 6 6 203293
154 473 8 8 259524
153 472 10 10 321009
152 471 12 12 392384
151 470 14 14 474896
150 469 16 16 572928
149 468 18 18 676513
156 475 4 4 133932
155 474 6 6 191113
154 473 8 8 238233
153 472 10 10 299297
152 471 12 12 378922
151 470 14 14 457227
150 469 16 16 546865
149 468 18 18 662180
156 475 4 4 140122
155 474 6 6 195299
154 473 8 8 253807
153 472 10 10 306037
152 471 12 12 371922
151 470 14 14 451113
150 469 16 16 540973
149 468 18 18 647344
156 475 4 4 146250
155 474 6 6 202643
154 473 8 8 261678
153 472 10 10 320503
152 471 12 12 395069
151 470 14 14 475936
150 469 16 16 569679
149 468 18 18 679114
156 475 4 4 142792
155 474 6 6 193967
154 473 8 8 248707
153 472 10 10 305687
152 471 12 12 374511
151 470 14 14 449879
150 469 16 16 542602
149 468 18 18 650123
156 475 4 4 135249
155 474 6 6 187761
154 473 8 8 240370
153 472 10 10 303537
152 471 12 12 372828
151 470 14 14 458811
150 469 16 16 557534
149 468 18 18 663480
156 475 4 4 143100
155 474 6 6 195180
154 473 8 8 252614
153 472 10 10 314331
152 471 12 12 391950
151 470 14 14 467901
150 469 16 16 561650
149 468 18 18 682422
156 475 4 4 132535
155 474 6 6 184493
154 473 8 8 232419
153 472 10 10 282003
152 471 12 12 349638
151 470 14 14 430754
150 469 16 16 521963
149 468 18 18 643168
156 475 4 4 138251
155 474 6 6 192179
154 473 8 8 243182
153 472 10 10 304758
152 471 12 12 377325
151 470 14 14 449519
150 469 16 16 547157
149 468 18 18 666421
156 475 4 4 137573
155 474 6 6 187783
154 473 8 8 239676
153 472 10 10 296420
152 471 12 12 361681
151 470 14 14 441288
150 469 16 16 525698
149 468 18 18 646378
156 475 4 4 142067
155 474 6 6 189630
154 473 8 8 245798
153 472 10 10 308788
152 471 12 12 377868
151 470 14 14 456601
150 469 16 16 551537
149 468 18 18 659009
156 475 4 4 148761
155 474 6 6 193427
154 473 8 8 244646
153 472 10 10 305059
152 471 12 12 370653
151 470 14 14 452485
150 469 16 16 543569
149 468 18 18 660189
156 475 4 4 142068
155 474 6 6 191923
154 473 8 8 239974
153 472 10 10 303474
152 471 12 12 366007
151 470 14 14 449636
150 469 16 16 541371
149 468 18 18 658034
156 475 4 4 138619
155 474 6 6 198781
154 473 8 8 255723
153 472 10 10 312631
152 471 12 12 374274
151 470 14 14 451657
150 469 16 16 540416
149 468 18 18 643782
156 475 4 4 131712
155 474 6 6 181122
154 473 8 8 239651
153 472 10 10 300493
152 471 12 12 363294
151 470 14 14 448900
150 469 16 16 544309
149 468 18 18 657946
156 475 4 4 137842
155 474 6 6 193161
154 473 8 8 251681
153 472 10 10 308770
152 471 12 12 375537
151 470 14 14 462839
150 469 16 16 554097
149 468 18 18 668408
156 475 4 4 137934
155 474 6 6 190923
154 473 8 8 238556
153 472 10 10 296744
152 471 12 12 367739
151 470 14 14 444447
150 469 16 16 533994
149 468 18 18 647614
156 475 4 4 134336
155 474 6 6 186148
154 473 8 8 239229
153 472 10 10 294422
152 471 12 12 360775
151 470 14 14 435080
150 469 16 16 531986
149 468 18 18 648591
156 475 4 4 134170
155 474 6 6 187119
154 473 8 8 249611
153 472 10 10 310608
152 471 12 12 374563
151 470 14 14 465656
150 469 16 16 552697
149 468 18 18 666177
156 475 4 4 135267
155 474 6 6 184597
154 473 8 8 235123
153 472 10 10 291490
152 471 12 12 359247
151 470 14 14 437471
150 469 16 16 525814
149 468 18 18 633705
156 475 4 4 133385
155 474 6 6 185107
154 473 8 8 234944
153 472 10 10 290336
152 471 12 12 363689
151 470 14 14 448240
150 469 16 16 541058
149 468 18 18 657638
156 475 4 4 136325
155 474 6 6 193237
154 473 8 8 245174
153 472 10 10 303297
152 471 12 12 369837
151 470 14 14 450828
150 469 16 16 540867
149 468 18 18 645159
156 475 4 4 127579
155 474 6 6 178562
154 473 8 8 229760
153 472 10 10 285513
152 471 12 12 355859
151 470 14 14 430218
150 469 16 16 515749
149 468 18 18 621353
156 475 4 4 128432
155 474 6 6 181165
154 473 8 8 230372
153 472 10 10 295258
152 471 12 12 369018
151 470 14 14 444124
150 469 16 16 531976
149 468 18 18 648001
156 475 4 4 133985
155 474 6 6 191211
154 473 8 8 244277
153 472 10 10 302059
152 471 12 12 377183
151 470 14 14 450045
150 469 16 16 545453
149 468 18 18 658092
156 475 4 4 146569
155 474 6 6 201655
154 473 8 8 258082
153 472 10 10 313122
152 471 12 12 385469
151 470 14 14 466794
150 469 16 16 551166
149 468 18 18 655120
156 475 4 4 127056
155 474 6 6 175462
154 473 8 8 227926
153 472 10 10 284723
152 471 12 12 359846
151 470 14 14 430757
150 469 16 16 518096
149 468 18 18 621943
156 475 4 4 137929
155 474 6 6 189772
154 473 8 8 249586
153 472 10 10 304017
152 471 12 12 380531
151 470 14 14 466650
150 469 16 16 558655
149 468 18 18 668196
156 475 4 4 133440
155 474 6 6 182972
154 473 8 8 237347
153 472 10 10 302100
152 471 12 12 372808
151 470 14 14 455055
150 469 16 16 544657
149 468 18 18 656573
156 475 4 4 133048
155 474 6 6 177831
154 473 8 8 228225
153 472 10 10 293114
152 471 12 12 355204
151 470 14 14 431791
150 469 16 16 519781
149 468 18 18 622507
156 475 4 4 126467
155 474 6 6 186068
154 473 8 8 237993
153 472 10 10 295495
152 471 12 12 363391
151 470 14 14 443639
150 469 16 16 544428
149 468 18 18 663992
156 475 4 4 128668
155 474 6 6 174585
154 473 8 8 225370
153 472 10 10 285145
152 471 12 12 351713
151 470 14 14 433118
150 469 16 16 527041
149 468 18 18 626792
156 475 4 4 133732
155 474 6 6 185809
154 473 8 8 237858
153 472 10 10 302146
152 471 12 12 367399
151 470 14 14 450953
150 469 16 16 544571
149 468 18 18 649755
156 475 4 4 133822
155 474 6 6 185922
154 473 8 8 240525
153 472 10 10 298388
152 471 12 12 373083
151 470 14 14 448432
150 469 16 16 541271
149 468 18 18 640997
156 475 4 4 137058
155 474 6 6 192392
154 473 8 8 243981
153 472 10 10 302353
152 471 12 12 365417
151 470 14 14 447994
150 469 16 16 538756
149 468 18 18 659027
156 475 4 4 125382
155 474 6 6 182105
154 473 8 8 236697
153 472 10 10 292432
152 471 12 12 365850
151 470 14 14 439262
150 469 16 16 536581
149 468 18 18 644958
156 475 4 4 133422
155 474 6 6 179913
154 473 8 8 226142
153 472 10 10 280241
152 471 12 12 346308
151 470 14 14 420957
150 469 16 16 506959
149 468 18 18 609428
156 475 4 4 120827
155 474 6 6 173533
154 473 8 8 228721
153 472 10 10 293769
152 471 12 12 364367
151 470 14 14 436099
150 469 16 16 528456
149 468 18 18 641471
156 475 4 4 134211
155 474 6 6 189920
154 473 8 8 245082
153 472 10 10 308702
152 471 12 12 377422
151 470 14 14 456626
150 469 16 16 540078
149 468 18 18 659339
156 475 4 4 131479
155 474 6 6 186619
154 473 8 8 244087
153 472 10 10 299941
152 471 12 12 373400
151 470 14 14 458624
150 469 16 16 554575
149 468 18 18 663495
156 475 4 4 128010
155 474 6 6 185532
154 473 8 8 235643
153 472 10 10 302479
152 471 12 12 376491
151 470 14 14 460822
150 469 16 16 549960
149 468 18 18 652101
156 475 4 4 140497
155 474 6 6 190984
154 473 8 8 243344
153 472 10 10 304796
152 471 12 12 374385
151 470 14 14 448396
150 469 16 16 541426
149 468 18 18 644262
156 475 4 4 137055
155 474 6 6 190052
154 473 8 8 247406
153 472 10 10 309921
152 471 12 12 381376
151 470 14 14 467834
150 469 16 16 558730
149 468 18 18 670571
156 475 4 4 123881
155 474 6 6 182233
154 473 8 8 236202
153 472 10 10 294140
152 471 12 12 357969
151 470 14 14 434946
150 469 16 16 530862
149 468 18 18 635292
156 475 4 4 141069
155 474 6 6 200394
154 473 8 8 257395
153 472 10 10 319813
152 471 12 12 392438
151 470 14 14 478782
150 469 16 16 560829
149 468 18 18 672501
156 475 4 4 133550
155 474 6 6 191076
154 473 8 8 242397
153 472 10 10 300480
152 471 12 12 372123
151 470 14 14 455858
150 469 16 16 542259
149 468 18 18 644048
156 475 4 4 131928
155 474 6 6 185554
154 473 8 8 233472
153 472 10 10 288129
152 471 12 12 357581
151 470 14 14 444571
150 469 16 16 532164
149 468 18 18 641958
156 475 4 4 132682
155 474 6 6 181682
154 473 8 8 235494
153 472 10 10 289665
152 471 12 12 363367
151 470 14 14 442542
150 469 16 16 529206
149 468 18 18 638581
156 475 4 4 133416
155 474 6 6 191927
154 473 8 8 241702
153 472 10 10 303624
152 471 12 12 372281
151 470 14 14 452564
150 469 16 16 546786
149 468 18 18 658493
156 475 4 4 132723
155 474 6 6 178443
154 473 8 8 233053
153 472 10 10 294660
152 471 12 12 374215
151 470 14 14 450869
150 469 16 16 538281
149 468 18 18 650570
156 475 4 4 132264
155 474 6 6 182747
154 473 8 8 229183
153 472 10 10 284669
152 471 12 12 349685
151 470 14 14 430645
150 469 16 16 523264
149 468 18 18 629733
156 475 4 4 127146
155 474 6 6 174406
154 473 8 8 223346
153 472 10 10 281404
152 471 12 12 346911
151 470 14 14 419061
150 469 16 16 516186
149 468 18 18 626165
156 475 4 4 144961
155 474 6 6 191752
154 473 8 8 241520
153 472 10 10 308409
152 471 12 12 373691
151 470 14 14 450683
150 469 16 16 545817
149 468 18 18 654155
156 475 4 4 134645
155 474 6 6 187000
154 473 8 8 240614
153 472 10 10 302857
152 471 12 12 377063
151 470 14 14 448573
150 469 16 16 539578
149 468 18 18 651895
156 475 4 4 127056
155 474 6 6 180550
154 473 8 8 230050
153 472 10 10 291557
152 471 12 12 362538
151 470 14 14 434068
150 469 16 16 515361
149 468 18 18 622556
156 475 4 4 112380
155 474 6 6 160665
154 473 8 8 210427
153 472 10 10 264750
152 471 12 12 336099
151 470 14 14 421024
150 469 16 16 520202
149 468 18 18 630812
156 475 4 4 142768
155 474 6 6 195953
154 473 8 8 247745
153 472 10 10 312003
152 471 12 12 384303
151 470 14 14 467282
150 469 16 16 558822
149 468 18 18 667860
156 475 4 4 151777
155 474 6 6 206462
154 473 8 8 252277
153 472 10 10 316395
152 471 12 12 382535
151 470 14 14 466420
150 469 16 16 560753
149 468 18 18 674975
156 475 4 4 132924
155 474 6 6 189134
154 473 8 8 237008
153 472 10 10 296659
152 471 12 12 366105
151 470 14 14 445654
150 469 16 16 539156
149 468 18 18 647933
156 475 4 4 131532
155 474 6 6 186469
154 473 8 8 234890
153 472 10 10 292119
152 471 12 12 362110
151 470 14 14 446263
150 469 16 16 532729
149 468 18 18 635946
156 475 4 4 143365
155 474 6 6 197174
154 473 8 8 253698
153 472 10 10 311653
152 471 12 12 376463
151 470 14 14 454294
150 469 16 16 541902
149 468 18 18 643394
156 475 4 4 136112
155 474 6 6 182805
154 473 8 8 231738
153 472 10 10 287431
152 471 12 12 356310
151 470 14 14 441126
150 469 16 16 531788
149 468 18 18 644501
156 475 4 4 127944
155 474 6 6 179027
154 473 8 8 226016
153 472 10 10 287498
152 471 12 12 358774
151 470 14 14 436681
150 469 16 16 532731
149 468 18 18 634471
156 475 4 4 138306
155 474 6 6 190767
154 473 8 8 243071
153 472 10 10 298347
152 471 12 12 366070
151 470 14 14 447168
150 469 16 16 528837
149 468 18 18 635611
156 475 4 4 137206
155 474 6 6 183508
154 473 8 8 239837
153 472 10 10 300873
152 471 12 12 374711
151 470 14 14 453584
150 469 16 16 545928
149 468 18 18 653148
156 475 4 4 131308
155 474 6 6 184467
154 473 8 8 239848
153 472 10 10 295871
152 471 12 12 354922
151 470 14 14 432243
150 469 16 16 520552
149 468 18 18 625865
156 475 4 4 139682
155 474 6 6 189859
154 473 8 8 241385
153 472 10 10 305668
152 471 12 12 376603
151 470 14 14 460208
150 469 16 16 550753
149 468 18 18 666911
156 475 4 4 130573
155 474 6 6 182226
154 473 8 8 230031
153 472 10 10 284633
152 471 12 12 358579
151 470 14 14 435976
150 469 16 16 519124
149 468 18 18 617946
156 475 4 4 136065
155 474 6 6 185031
154 473 8 8 234792
153 472 10 10 303363
152 471 12 12 375438
151 470 14 14 453304
150 469 16 16 547908
149 468 18 18 662789
156 475 4 4 133490
155 474 6 6 186831
154 473 8 8 240625
153 472 10 10 296604
152 471 12 12 370631
151 470 14 14 453384
150 469 16 16 553027
149 468 18 18 663562
156 475 4 4 129230
155 474 6 6 179147
154 473 8 8 234257
153 472 10 10 291650
152 471 12 12 365812
151 470 14 14 443841
150 469 16 16 541906
149 468 18 18 655245
156 475 4 4 128109
155 474 6 6 179125
154 473 8 8 230113
153 472 10 10 284036
152 471 12 12 350684
151 470 14 14 440441
150 469 16 16 532689
149 468 18 18 633008
156 475 4 4 123142
155 474 6 6 172833
154 473 8 8 224490
153 472 10 10 285235
152 471 12 12 358830
151 470 14 14 442290
150 469 16 16 529912
149 468 18 18 632661
156 475 4 4 129134
155 474 6 6 184453
154 473 8 8 230888
153 472 10 10 278925
152 471 12 12 349785
151 470 14 14 435491
150 469 16 16 523255
149 468 18 18 623762
156 475 4 4 126588
155 474 6 6 177698
154 473 8 8 226467
153 472 10 10 288397
152 471 12 12 348199
151 470 14 14 428098
150 469 16 16 521324
149 468 18 18 619762
156 475 4 4 123447
155 474 6 6 177988
154 473 8 8 237930
153 472 10 10 299525
152 471 12 12 369389
151 470 14 14 443067
150 469 16 16 534685
149 468 18 18 640980
156 475 4 4 131297
155 474 6 6 190875
154 473 8 8 241610
153 472 10 10 301161
152 471 12 12 377165
151 470 14 14 457352
150 469 16 16 548817
149 468 18 18 661914
156 475 4 4 135278
155 474 6 6 191272
154 473 8 8 240288
153 472 10 10 303349
152 471 12 12 377237
151 470 14 14 456734
150 469 16 16 551805
149 468 18 18 648502
156 475 4 4 141268
155 474 6 6 192286
154 473 8 8 236887
153 472 10 10 293680
152 471 12 12 365110
151 470 14 14 445666
150 469 16 16 533818
149 468 18 18 639371
156 475 4 4 128646
155 474 6 6 180747
154 473 8 8 235072
153 472 10 10 293362
152 471 12 12 360934
151 470 14 14 442939
150 469 16 16 541930
149 468 18 18 648703
156 475 4 4 123927
155 474 6 6 177566
154 473 8 8 234394
153 472 10 10 295224
152 471 12 12 362830
151 470 14 14 440587
150 469 16 16 529576
149 468 18 18 639125
156 475 4 4 128409
155 474 6 6 184668
154 473 8 8 234906
153 472 10 10 302567
152 471 12 12 374566
151 470 14 14 458974
150 469 16 16 547376
149 468 18 18 656820
156 475 4 4 126149
155 474 6 6 174199
154 473 8 8 225153
153 472 10 10 292186
152 471 12 12 361336
151 470 14 14 439814
150 469 16 16 521618
149 468 18 18 631514
156 475 4 4 133893
155 474 6 6 189924
154 473 8 8 238159
153 472 10 10 298886
152 471 12 12 371052
151 470 14 14 449423
150 469 16 16 544620
149 468 18 18 650978
156 475 4 4 133970
155 474 6 6 184968
154 473 8 8 233345
153 472 10 10 288895
152 471 12 12 352813
151 470 14 14 434677
150 469 16 16 528803
149 468 18 18 638740
156 475 4 4 136930
155 474 6 6 188076
154 473 8 8 240772
153 472 10 10 290436
152 471 12 12 357092
151 470 14 14 434907
150 469 16 16 540017
149 468 18 18 644555
156 475 4 4 123849
155 474 6 6 170437
154 473 8 8 224653
153 472 10 10 287423
152 471 12 12 358351
151 470 14 14 434576
150 469 16 16 518766
149 468 18 18 626128
156 475 4 4 123025
155 474 6 6 174616
154 473 8 8 227996
153 472 10 10 288579
152 471 12 12 355767
151 470 14 14 440807
150 469 16 16 525728
149 468 18 18 631964
156 475 4 4 136568
155 474 6 6 193164
154 473 8 8 248751
153 472 10 10 311035
152 471 12 12 382657
151 470 14 14 468216
150 469 16 16 566275
149 468 18 18 672606
156 475 4 4 134337
155 474 6 6 183108
154 473 8 8 238661
153 472 10 10 294797
152 471 12 12 365798
151 470 14 14 453315
150 469 16 16 543510
149 468 18 18 660424
156 475 4 4 134507
155 474 6 6 190646
154 473 8 8 242213
153 472 10 10 300839
152 471 12 12 366626
151 470 14 14 451091
150 469 16 16 543024
149 468 18 18 656191
156 475 4 4 131520
155 474 6 6 181643
154 473 8 8 229212
153 472 10 10 286563
152 471 12 12 354190
151 470 14 14 429347
150 469 16 16 519580
149 468 18 18 615188
156 475 4 4 129819
155 474 6 6 179884
154 473 8 8 231625
153 472 10 10 287111
152 471 12 12 350792
151 470 14 14 427213
150 469 16 16 516965
149 468 18 18 624723
156 475 4 4 127323
155 474 6 6 177204
154 473 8 8 231016
153 472 10 10 292283
152 471 12 12 360831
151 470 14 14 442022
150 469 16 16 536128
149 468 18 18 649915
156 475 4 4 130759
155 474 6 6 183889
154 473 8 8 234266
153 472 10 10 295321
152 471 12 12 352350
151 470 14 14 426290
150 469 16 16 521338
149 468 18 18 618667
156 475 4 4 132309
155 474 6 6 183761
154 473 8 8 236872
153 472 10 10 297801
152 471 12 12 370022
151 470 14 14 454859
150 469 16 16 548399
149 468 18 18 657860
156 475 4 4 129700
155 474 6 6 186871
154 473 8 8 237662
153 472 10 10 300058
152 471 12 12 366995
151 470 14 14 448802
150 469 16 16 538548
149 468 18 18 646511
156 475 4 4 139083
155 474 6 6 195118
154 473 8 8 248604
153 472 10 10 309225
152 471 12 12 374874
151 470 14 14 458571
150 469 16 16 547776
149 468 18 18 653192
156 475 4 4 128039
155 474 6 6 185980
154 473 8 8 237622
153 472 10 10 292126
152 471 12 12 358254
151 470 14 14 442314
150 469 16 16 525629
149 468 18 18 631296
156 475 4 4 131170
155 474 6 6 184725
154 473 8 8 237223
153 472 10 10 296738
152 471 12 12 366852
151 470 14 14 443645
150 469 16 16 526226
149 468 18 18 632868
156 475 4 4 139522
155 474 6 6 192029
154 473 8 8 245677
153 472 10 10 306471
152 471 12 12 376976
151 470 14 14 453017
150 469 16 16 542098
149 468 18 18 653845
156 475 4 4 134284
155 474 6 6 193331
154 473 8 8 248975
153 472 10 10 300770
152 471 12 12 371339
151 470 14 14 444994
150 469 16 16 537340
149 468 18 18 652627
156 475 4 4 127915
155 474 6 6 182145
154 473 8 8 240971
153 472 10 10 299373
152 471 12 12 371371
151 470 14 14 453420
150 469 16 16 546459
149 468 18 18 656640
156 475 4 4 133610
155 474 6 6 187520
154 473 8 8 244091
153 472 10 10 296168
152 471 12 12 357781
151 470 14 14 430190
150 469 16 16 524249
149 468 18 18 623771
156 475 4 4 130594
155 474 6 6 188020
154 473 8 8 238167
153 472 10 10 294916
152 471 12 12 369330
151 470 14 14 452806
150 469 16 16 548366
149 468 18 18 647933
156 475 4 4 135481
155 474 6 6 192354
154 473 8 8 243543
153 472 10 10 308135
152 471 12 12 380469
151 470 14 14 463118
150 469 16 16 549362
149 468 18 18 654541
156 475 4 4 122717
155 474 6 6 178536
154 473 8 8 235197
153 472 10 10 297159
152 471 12 12 373992
151 470 14 14 462647
150 469 16 16 550166
149 468 18 18 662061
156 475 4 4 136721
155 474 6 6 190184
154 473 8 8 253548
153 472 10 10 311714
152 471 12 12 380285
151 470 14 14 460877
150 469 16 16 548828
149 468 18 18 654557
156 475 4 4 131546
155 474 6 6 186425
154 473 8 8 238883
153 472 10 10 304470
152 471 12 12 371424
151 470 14 14 451913
150 469 16 16 541655
149 468 18 18 647647
156 475 4 4 126357
155 474 6 6 183239
154 473 8 8 230154
153 472 10 10 286550
152 471 12 12 356902
151 470 14 14 436434
150 469 16 16 528109
149 468 18 18 630851
156 475 4 4 133692
155 474 6 6 183162
154 473 8 8 234002
153 472 10 10 295377
152 471 12 12 374803
151 470 14 14 459012
150 469 16 16 549846
149 468 18 18 659973
156 475 4 4 139974
155 474 6 6 195155
154 473 8 8 247774
153 472 10 10 309260
152 471 12 12 373823
151 470 14 14 447322
150 469 16 16 540573
149 468 18 18 658972
156 475 4 4 128219
155 474 6 6 175714
154 473 8 8 231827
153 472 10 10 290896
152 471 12 12 355928
151 470 14 14 432766
150 469 16 16 520844
149 468 18 18 629205
156 475 4 4 125463
155 474 6 6 186368
154 473 8 8 239413
153 472 10 10 299157
152 471 12 12 366197
151 470 14 14 445926
150 469 16 16 534988
149 468 18 18 652325
156 475 4 4 124498
155 474 6 6 169681
154 473 8 8 222105
153 472 10 10 284623
152 471 12 12 354123
151 470 14 14 438156
150 469 16 16 531399
149 468 18 18 645756
156 475 4 4 129169
155 474 6 6 180241
154 473 8 8 234187
153 472 10 10 290982
152 471 12 12 360161
151 470 14 14 450654
150 469 16 16 545014
149 468 18 18 654314
156 475 4 4 132909
155 474 6 6 185694
154 473 8 8 241422
153 472 10 10 299713
152 471 12 12 363453
151 470 14 14 440547
150 469 16 16 538381
149 468 18 18 651258
156 475 4 4 137386
155 474 6 6 188702
154 473 8 8 240749
153 472 10 10 295345
152 471 12 12 363764
151 470 14 14 440851
150 469 16 16 538435
149 468 18 18 643662
156 475 4 4 117977
155 474 6 6 175156
154 473 8 8 226241
153 472 10 10 285324
152 471 12 12 351554
151 470 14 14 427729
150 469 16 16 521434
149 468 18 18 623176
156 475 4 4 125110
155 474 6 6 183196
154 473 8 8 237327
153 472 10 10 296421
152 471 12 12 368256
151 470 14 14 439860
150 469 16 16 525770
149 468 18 18 630384
156 475 4 4 127569
155 474 6 6 176520
154 473 8 8 227236
153 472 10 10 291344
152 471 12 12 365906
151 470 14 14 440715
150 469 16 16 531016
149 468 18 18 637902
156 475 4 4 127289
155 474 6 6 184642
154 473 8 8 232200
153 472 10 10 288659
152 471 12 12 360970
151 470 14 14 434107
150 469 16 16 525536
149 468 18 18 634903
156 475 4 4 125049
155 474 6 6 181233
154 473 8 8 232414
153 472 10 10 294112
152 471 12 12 365372
151 470 14 14 447998
150 469 16 16 540009
149 468 18 18 646760
156 475 4 4 131542
155 474 6 6 181980
154 473 8 8 230348
153 472 10 10 292586
152 471 12 12 360996
151 470 14 14 445806
150 469 16 16 544758
149 468 18 18 660857
156 475 4 4 131562
155 474 6 6 180182
154 473 8 8 235718
153 472 10 10 295171
152 471 12 12 361082
151 470 14 14 442278
150 469 16 16 531634
149 468 18 18 639101
156 475 4 4 126296
155 474 6 6 175099
154 473 8 8 227537
153 472 10 10 286575
152 471 12 12 362909
151 470 14 14 444420
150 469 16 16 534716
149 468 18 18 642384
156 475 4 4 132262
155 474 6 6 189323
154 473 8 8 239814
153 472 10 10 299827
152 471 12 12 363645
151 470 14 14 440615
150 469 16 16 524897
149 468 18 18 634199
156 475 4 4 136354
155 474 6 6 194635
154 473 8 8 249149
153 472 10 10 311702
152 471 12 12 379683
151 470 14 14 455972
150 469 16 16 543950
149 468 18 18 644923
156 475 4 4 133892
155 474 6 6 192211
154 473 8 8 243645
153 472 10 10 301379
152 471 12 12 371882
151 470 14 14 446720
150 469 16 16 533462
149 468 18 18 645362
156 475 4 4 132741
155 474 6 6 185430
154 473 8 8 242734
153 472 10 10 308277
152 471 12 12 380676
151 470 14 14 455885
150 469 16 16 544543
149 468 18 18 644297
156 475 4 4 136877
155 474 6 6 192392
154 473 8 8 248375
153 472 10 10 309254
152 471 12 12 379638
151 470 14 14 461936
150 469 16 16 556023
149 468 18 18 666001
156 475 4 4 127327
155 474 6 6 183491
154 473 8 8 236166
153 472 10 10 299188
152 471 12 12 368363
151 470 14 14 448165
150 469 16 16 535744
149 468 18 18 641985
156 475 4 4 121541
155 474 6 6 179648
154 473 8 8 232903
153 472 10 10 291336
152 471 12 12 363783
151 470 14 14 437607
150 469 16 16 528586
149 468 18 18 637639
156 475 4 4 132870
155 474 6 6 184186
154 473 8 8 233151
153 472 10 10 291824
152 471 12 12 358803
151 470 14 14 443454
150 469 16 16 529280
149 468 18 18 647538
156 475 4 4 130153
155 474 6 6 181966
154 473 8 8 231426
153 472 10 10 294214
152 471 12 12 359210
151 470 14 14 442928
150 469 16 16 533743
149 468 18 18 635701
156 475 4 4 123837
155 474 6 6 179853
154 473 8 8 234557
153 472 10 10 297129
152 471 12 12 364268
151 470 14 14 448781
150 469 16 16 538144
149 468 18 18 649245
156 475 4 4 138397
155 474 6 6 190734
154 473 8 8 242810
153 472 10 10 302445
152 471 12 12 374378
151 470 14 14 459569
150 469 16 16 550772
149 468 18 18 659893
156 475 4 4 133318
155 474 6 6 183718
154 473 8 8 239439
153 472 10 10 305344
152 471 12 12 365159
151 470 14 14 443900
150 469 16 16 537430
149 468 18 18 650347
156 475 4 4 129089
155 474 6 6 179360
154 473 8 8 230004
153 472 10 10 286336
152 471 12 12 351604
151 470 14 14 425682
150 469 16 16 514635
149 468 18 18 621219
156 475 4 4 135575
155 474 6 6 199785
154 473 8 8 248556
153 472 10 10 309740
152 471 12 12 371465
151 470 14 14 451539
150 469 16 16 545234
149 468 18 18 658207
156 475 4 4 139617
155 474 6 6 194761
154 473 8 8 250570
153 472 10 10 304764
152 471 12 12 371049
151 470 14 14 456857
150 469 16 16 550531
149 468 18 18 654251
156 475 4 4 132717
155 474 6 6 183535
154 473 8 8 234577
153 472 10 10 292154
152 471 12 12 364328
151 470 14 14 444406
150 469 16 16 541259
149 468 18 18 654733
156 475 4 4 125175
155 474 6 6 178059
154 473 8 8 236289
153 472 10 10 298506
152 471 12 12 368029
151 470 14 14 446006
150 469 16 16 546405
149 468 18 18 648082
156 475 4 4 123811
155 474 6 6 179176
154 473 8 8 226527
153 472 10 10 289548
152 471 12 12 369518
151 470 14 14 452124
150 469 16 16 540670
149 468 18 18 660295
156 475 4 4 121723
155 474 6 6 178411
154 473 8 8 224831
153 472 10 10 283185
152 471 12 12 354763
151 470 14 14 431372
150 469 16 16 521014
149 468 18 18 626154
156 475 4 4 128235
155 474 6 6 181141
154 473 8 8 231886
153 472 10 10 294180
152 471 12 12 356024
151 470 14 14 433259
150 469 16 16 523409
149 468 18 18 633341
156 475 4 4 116144
155 474 6 6 173523
154 473 8 8 221906
153 472 10 10 283061
152 471 12 12 351577
151 470 14 14 430348
150 469 16 16 522439
149 468 18 18 633016
156 475 4 4 129337
155 474 6 6 183952
154 473 8 8 245162
153 472 10 10 305991
152 471 12 12 373583
151 470 14 14 456343
150 469 16 16 552137
149 468 18 18 668898
156 475 4 4 132794
155 474 6 6 185973
154 473 8 8 237888
153 472 10 10 295932
152 471 12 12 363119
151 470 14 14 436310
150 469 16 16 527358
149 468 18 18 635498
156 475 4 4 131342
155 474 6 6 179228
154 473 8 8 228746
153 472 10 10 289289
152 471 12 12 361117
151 470 14 14 441180
150 469 16 16 535640
149 468 18 18 641787
156 475 4 4 128597
155 474 6 6 181828
154 473 8 8 230239
153 472 10 10 288807
152 471 12 12 353324
151 470 14 14 430950
150 469 16 16 523470
149 468 18 18 625141
156 475 4 4 125719
155 474 6 6 183185
154 473 8 8 233464
153 472 10 10 295663
152 471 12 12 370561
151 470 14 14 447437
150 469 16 16 547850
149 468 18 18 658412
156 475 4 4 132795
155 474 6 6 183784
154 473 8 8 236257
153 472 10 10 304805
152 471 12 12 373799
151 470 14 14 452073
150 469 16 16 540112
149 468 18 18 650499
156 475 4 4 130054
155 474 6 6 177963
154 473 8 8 227084
153 472 10 10 287242
152 471 12 12 358497
151 470 14 14 444156
150 469 16 16 529139
149 468 18 18 639051
156 475 4 4 124292
155 474 6 6 177205
154 473 8 8 229582
153 472 10 10 289248
152 471 12 12 356657
151 470 14 14 433705
150 469 16 16 518859
149 468 18 18 622081
156 475 4 4 128613
155 474 6 6 183908
154 473 8 8 235439
153 472 10 10 289737
152 471 12 12 351762
151 470 14 14 429186
150 469 16 16 528590
149 468 18 18 639421
156 475 4 4 127417
155 474 6 6 181905
154 473 8 8 237845
153 472 10 10 296507
152 471 12 12 366006
151 470 14 14 438428
150 469 16 16 535386
149 468 18 18 652298
156 475 4 4 130392
155 474 6 6 185916
154 473 8 8 240783
153 472 10 10 309591
152 471 12 12 381597
151 470 14 14 460752
150 469 16 16 553809
149 468 18 18 666827
156 475 4 4 124982
155 474 6 6 175306
154 473 8 8 225693
153 472 10 10 280870
152 471 12 12 346436
151 470 14 14 419657
150 469 16 16 507610
149 468 18 18 616055
156 475 4 4 134685
155 474 6 6 189279
154 473 8 8 241183
153 472 10 10 300815
152 471 12 12 366178
151 470 14 14 443282
150 469 16 16 529016
149 468 18 18 632744
156 475 4 4 136295
155 474 6 6 191113
154 473 8 8 243900
153 472 10 10 304274
152 471 12 12 369504
151 470 14 14 445527
150 469 16 16 530705
149 468 18 18 633487
156 475 4 4 123862
155 474 6 6 173896
154 473 8 8 228362
153 472 10 10 288263
152 471 12 12 360075
151 470 14 14 439056
150 469 16 16 524993
149 468 18 18 629573
156 475 4 4 126411
155 474 6 6 180939
154 473 8 8 234364
153 472 10 10 296550
152 471 12 12 371194
151 470 14 14 450982
150 469 16 16 542015
149 468 18 18 646542
156 475 4 4 131727
155 474 6 6 188556
154 473 8 8 240446
153 472 10 10 303756
152 471 12 12 372336
151 470 14 14 455226
150 469 16 16 544463
149 468 18 18 656003
156 475 4 4 125507
155 474 6 6 183837
154 473 8 8 235994
153 472 10 10 288878
152 471 12 12 357707
151 470 14 14 431649
150 469 16 16 520303
149 468 18 18 627726
156 475 4 4 124801
155 474 6 6 173478
154 473 8 8 223843
153 472 10 10 281676
152 471 12 12 356262
151 470 14 14 434482
150 469 16 16 520075
149 468 18 18 626102
156 475 4 4 133924
155 474 6 6 188936
154 473 8 8 245045
153 472 10 10 304619
152 471 12 12 373100
151 470 14 14 451641
150 469 16 16 536204
149 468 18 18 639569
156 475 4 4 124655
155 474 6 6 181164
154 473 8 8 235373
153 472 10 10 306914
152 471 12 12 377291
151 470 14 14 454018
150 469 16 16 543834
149 468 18 18 656627
156 475 4 4 130031
155 474 6 6 180500
154 473 8 8 234208
153 472 10 10 300123
152 471 12 12 372005
151 470 14 14 450620
150 469 16 16 538272
149 468 18 18 649240
156 475 4 4 131824
155 474 6 6 191507
154 473 8 8 244125
153 472 10 10 303765
152 471 12 12 366405
151 470 14 14 445483
150 469 16 16 534990
149 468 18 18 648143
156 475 4 4 129106
155 474 6 6 188301
154 473 8 8 236681
153 472 10 10 298625
152 471 12 12 371267
151 470 14 14 448178
150 469 16 16 535253
149 468 18 18 642692
156 475 4 4 117950
155 474 6 6 175668
154 473 8 8 228731
153 472 10 10 287372
152 471 12 12 358698
151 470 14 14 436286
150 469 16 16 530761
149 468 18 18 633391
156 475 4 4 125642
155 474 6 6 176234
154 473 8 8 225225
153 472 10 10 281436
152 471 12 12 343358
151 470 14 14 425404
150 469 16 16 514538
149 468 18 18 618396
156 475 4 4 127818
155 474 6 6 176056
154 473 8 8 230059
153 472 10 10 288920
152 471 12 12 353838
151 470 14 14 437177
150 469 16 16 528855
149 468 18 18 629280
156 475 4 4 138958
155 474 6 6 197416
154 473 8 8 245172
153 472 10 10 308641
152 471 12 12 374787
151 470 14 14 459452
150 469 16 16 543066
149 468 18 18 650521
