425 486 4 4 2272
424 485 6 6 4796
423 484 8 8 8254
422 483 10 10 12240
421 482 12 12 17855
420 481 14 14 24287
419 480 16 16 31675
418 479 18 18 39989
425 486 4 4 2538
424 485 6 6 5028
423 484 8 8 8237
422 483 10 10 12162
421 482 12 12 17373
420 481 14 14 22969
419 480 16 16 30322
418 479 18 18 39059
425 486 4 4 2213
424 485 6 6 4560
423 484 8 8 8033
422 483 10 10 12303
421 482 12 12 17478
420 481 14 14 23782
419 480 16 16 31154
418 479 18 18 40713
425 486 4 4 2657
424 485 6 6 4927
423 484 8 8 7855
422 483 10 10 12147
421 482 12 12 17638
420 481 14 14 24064
419 480 16 16 31054
418 479 18 18 39600
425 486 4 4 2493
424 485 6 6 4832
423 484 8 8 7999
422 483 10 10 12045
421 482 12 12 16963
420 481 14 14 23034
419 480 16 16 30421
418 479 18 18 39354
425 486 4 4 2047
424 485 6 6 4865
423 484 8 8 7970
422 483 10 10 13015
421 482 12 12 18292
420 481 14 14 24650
419 480 16 16 32847
418 479 18 18 41389
425 486 4 4 2062
424 485 6 6 5128
423 484 8 8 8690
422 483 10 10 13606
421 482 12 12 18507
420 481 14 14 24410
419 480 16 16 31028
418 479 18 18 40103
425 486 4 4 2013
424 485 6 6 4483
423 484 8 8 7567
422 483 10 10 11792
421 482 12 12 16660
420 481 14 14 22514
419 480 16 16 30894
418 479 18 18 39727
425 486 4 4 1716
424 485 6 6 3909
423 484 8 8 7725
422 483 10 10 12129
421 482 12 12 18206
420 481 14 14 24529
419 480 16 16 31943
418 479 18 18 40225
425 486 4 4 2032
424 485 6 6 4821
423 484 8 8 7937
422 483 10 10 12287
421 482 12 12 17606
420 481 14 14 23749
419 480 16 16 31333
418 479 18 18 39974
425 486 4 4 1839
424 485 6 6 4112
423 484 8 8 7684
422 483 10 10 11873
421 482 12 12 18044
420 481 14 14 24133
419 480 16 16 32234
418 479 18 18 41266
425 486 4 4 1670
424 485 6 6 3658
423 484 8 8 7221
422 483 10 10 11618
421 482 12 12 16599
420 481 14 14 23020
419 480 16 16 30527
418 479 18 18 38086
425 486 4 4 1887
424 485 6 6 3879
423 484 8 8 7286
422 483 10 10 11918
421 482 12 12 16614
420 481 14 14 22468
419 480 16 16 28713
418 479 18 18 37199
425 486 4 4 1822
424 485 6 6 4205
423 484 8 8 7742
422 483 10 10 11505
421 482 12 12 16129
420 481 14 14 22143
419 480 16 16 29450
418 479 18 18 37142
425 486 4 4 1401
424 485 6 6 3319
423 484 8 8 6264
422 483 10 10 10381
421 482 12 12 14507
420 481 14 14 20038
419 480 16 16 26496
418 479 18 18 32909
425 486 4 4 1897
424 485 6 6 4822
423 484 8 8 8329
422 483 10 10 12770
421 482 12 12 19236
420 481 14 14 24894
419 480 16 16 34025
418 479 18 18 41931
425 486 4 4 1895
424 485 6 6 3870
423 484 8 8 7087
422 483 10 10 11225
421 482 12 12 16940
420 481 14 14 23037
419 480 16 16 29455
418 479 18 18 37463
425 486 4 4 1661
424 485 6 6 3729
423 484 8 8 7460
422 483 10 10 11739
421 482 12 12 16707
420 481 14 14 22325
419 480 16 16 29503
418 479 18 18 37619
425 486 4 4 2731
424 485 6 6 4965
423 484 8 8 8265
422 483 10 10 13245
421 482 12 12 18691
420 481 14 14 25508
419 480 16 16 32773
418 479 18 18 42358
425 486 4 4 2184
424 485 6 6 4706
423 484 8 8 7888
422 483 10 10 12399
421 482 12 12 18092
420 481 14 14 24983
419 480 16 16 32205
418 479 18 18 39102
425 486 4 4 2525
424 485 6 6 4693
423 484 8 8 7617
422 483 10 10 11843
421 482 12 12 17135
420 481 14 14 23142
419 480 16 16 29832
418 479 18 18 37611
425 486 4 4 2384
424 485 6 6 4842
423 484 8 8 9483
422 483 10 10 13545
421 482 12 12 18450
420 481 14 14 24942
419 480 16 16 32729
418 479 18 18 42231
425 486 4 4 1738
424 485 6 6 3885
423 484 8 8 7696
422 483 10 10 11945
421 482 12 12 17432
420 481 14 14 23968
419 480 16 16 32256
418 479 18 18 40552
425 486 4 4 1963
424 485 6 6 5491
423 484 8 8 8986
422 483 10 10 13550
421 482 12 12 19727
420 481 14 14 28187
419 480 16 16 36892
418 479 18 18 45954
425 486 4 4 3059
424 485 6 6 6640
423 484 8 8 10350
422 483 10 10 15906
421 482 12 12 23788
420 481 14 14 32147
419 480 16 16 39848
418 479 18 18 48278
425 486 4 4 207827
424 485 6 6 382008
423 484 8 8 613088
422 483 10 10 863336
421 482 12 12 1202586
420 481 14 14 1605390
419 480 16 16 2057541
418 479 18 18 2557245
425 486 4 4 238799
424 485 6 6 409599
423 484 8 8 638565
422 483 10 10 904748
421 482 12 12 1227851
420 481 14 14 1620034
419 480 16 16 2059104
418 479 18 18 2561466
425 486 4 4 228273
424 485 6 6 404315
423 484 8 8 622994
422 483 10 10 897123
421 482 12 12 1211031
420 481 14 14 1584388
419 480 16 16 2041603
418 479 18 18 2540193
425 486 4 4 235209
424 485 6 6 411707
423 484 8 8 629982
422 483 10 10 906544
421 482 12 12 1229339
420 481 14 14 1603474
419 480 16 16 2051449
418 479 18 18 2540243
425 486 4 4 242488
424 485 6 6 418891
423 484 8 8 632341
422 483 10 10 899923
421 482 12 12 1211953
420 481 14 14 1585855
419 480 16 16 2048064
418 479 18 18 2540774
425 486 4 4 241712
424 485 6 6 426652
423 484 8 8 639798
422 483 10 10 900195
421 482 12 12 1218971
420 481 14 14 1600857
419 480 16 16 2041905
418 479 18 18 2543129
425 486 4 4 224221
424 485 6 6 404531
423 484 8 8 619480
422 483 10 10 895474
421 482 12 12 1210008
420 481 14 14 1589828
419 480 16 16 2027942
418 479 18 18 2531492
425 486 4 4 239906
424 485 6 6 411770
423 484 8 8 615845
422 483 10 10 877145
421 482 12 12 1184600
420 481 14 14 1566471
419 480 16 16 1990273
418 479 18 18 2495408
425 486 4 4 222612
424 485 6 6 393329
423 484 8 8 619838
422 483 10 10 890827
421 482 12 12 1212516
420 481 14 14 1605600
419 480 16 16 2051607
418 479 18 18 2541530
425 486 4 4 228067
424 485 6 6 413334
423 484 8 8 632999
422 483 10 10 916193
421 482 12 12 1224431
420 481 14 14 1594065
419 480 16 16 2035130
418 479 18 18 2518944
425 486 4 4 216724
424 485 6 6 392208
423 484 8 8 613020
422 483 10 10 886012
421 482 12 12 1229486
420 481 14 14 1596677
419 480 16 16 2054135
418 479 18 18 2559124
425 486 4 4 218458
424 485 6 6 402145
423 484 8 8 614412
422 483 10 10 877627
421 482 12 12 1198011
420 481 14 14 1590848
419 480 16 16 2020848
418 479 18 18 2516669
425 486 4 4 227842
424 485 6 6 394356
423 484 8 8 603994
422 483 10 10 879873
421 482 12 12 1207806
420 481 14 14 1598079
419 480 16 16 2032293
418 479 18 18 2528318
425 486 4 4 224171
424 485 6 6 407674
423 484 8 8 615001
422 483 10 10 881973
421 482 12 12 1209853
420 481 14 14 1608627
419 480 16 16 2045030
418 479 18 18 2548717
425 486 4 4 234902
424 485 6 6 395673
423 484 8 8 605513
422 483 10 10 866342
421 482 12 12 1177543
420 481 14 14 1568205
419 480 16 16 1996537
418 479 18 18 2475362
425 486 4 4 226718
424 485 6 6 403775
423 484 8 8 608940
422 483 10 10 872271
421 482 12 12 1205227
420 481 14 14 1575583
419 480 16 16 2026775
418 479 18 18 2550156
425 486 4 4 224763
424 485 6 6 399230
423 484 8 8 605727
422 483 10 10 863036
421 482 12 12 1186481
420 481 14 14 1539361
419 480 16 16 1965687
418 479 18 18 2447066
425 486 4 4 239675
424 485 6 6 408619
423 484 8 8 633970
422 483 10 10 883338
421 482 12 12 1200781
420 481 14 14 1571346
419 480 16 16 1992950
418 479 18 18 2486504
425 486 4 4 224700
424 485 6 6 390234
423 484 8 8 603766
422 483 10 10 863713
421 482 12 12 1190057
420 481 14 14 1558047
419 480 16 16 1996595
418 479 18 18 2491990
425 486 4 4 243492
424 485 6 6 417289
423 484 8 8 620149
422 483 10 10 886205
421 482 12 12 1200570
420 481 14 14 1559313
419 480 16 16 1990930
418 479 18 18 2478658
425 486 4 4 238423
424 485 6 6 413162
423 484 8 8 626945
422 483 10 10 901864
421 482 12 12 1226171
420 481 14 14 1602807
419 480 16 16 2037441
418 479 18 18 2553430
425 486 4 4 226799
424 485 6 6 407552
423 484 8 8 615455
422 483 10 10 906540
421 482 12 12 1216111
420 481 14 14 1587868
419 480 16 16 2007439
418 479 18 18 2499045
425 486 4 4 228606
424 485 6 6 401019
423 484 8 8 612664
422 483 10 10 885507
421 482 12 12 1203720
420 481 14 14 1569618
419 480 16 16 2000353
418 479 18 18 2461395
425 486 4 4 217290
424 485 6 6 390536
423 484 8 8 596620
422 483 10 10 856122
421 482 12 12 1179547
420 481 14 14 1536629
419 480 16 16 1947986
418 479 18 18 2428804
425 486 4 4 229043
424 485 6 6 420250
423 484 8 8 646591
422 483 10 10 913709
421 482 12 12 1226356
420 481 14 14 1618584
419 480 16 16 2058361
418 479 18 18 2537843
425 486 4 4 214483
424 485 6 6 401568
423 484 8 8 606530
422 483 10 10 875559
421 482 12 12 1186323
420 481 14 14 1549427
419 480 16 16 1971832
418 479 18 18 2487893
425 486 4 4 226718
424 485 6 6 402214
423 484 8 8 612243
422 483 10 10 864344
421 482 12 12 1185566
420 481 14 14 1541362
419 480 16 16 1971682
418 479 18 18 2467468
425 486 4 4 213398
424 485 6 6 395954
423 484 8 8 606358
422 483 10 10 866995
421 482 12 12 1179255
420 481 14 14 1546341
419 480 16 16 1987660
418 479 18 18 2477906
425 486 4 4 214451
424 485 6 6 389119
423 484 8 8 600872
422 483 10 10 849732
421 482 12 12 1173048
420 481 14 14 1557388
419 480 16 16 1998221
418 479 18 18 2473609
425 486 4 4 217936
424 485 6 6 387093
423 484 8 8 576559
422 483 10 10 843045
421 482 12 12 1164593
420 481 14 14 1523910
419 480 16 16 1938943
418 479 18 18 2441335
425 486 4 4 216049
424 485 6 6 381448
423 484 8 8 596918
422 483 10 10 876737
421 482 12 12 1198094
420 481 14 14 1583028
419 480 16 16 2026602
418 479 18 18 2536512
425 486 4 4 215418
424 485 6 6 388001
423 484 8 8 605133
422 483 10 10 868024
421 482 12 12 1162628
420 481 14 14 1521069
419 480 16 16 1943716
418 479 18 18 2440024
425 486 4 4 212414
424 485 6 6 385660
423 484 8 8 606499
422 483 10 10 872559
421 482 12 12 1186519
420 481 14 14 1544778
419 480 16 16 1958699
418 479 18 18 2447592
425 486 4 4 220709
424 485 6 6 397889
423 484 8 8 618587
422 483 10 10 886094
421 482 12 12 1207045
420 481 14 14 1578495
419 480 16 16 2016332
418 479 18 18 2514323
425 486 4 4 229682
424 485 6 6 415707
423 484 8 8 622478
422 483 10 10 873442
421 482 12 12 1187260
420 481 14 14 1551294
419 480 16 16 1978470
418 479 18 18 2480437
425 486 4 4 225156
424 485 6 6 399911
423 484 8 8 604624
422 483 10 10 869756
421 482 12 12 1170668
420 481 14 14 1534562
419 480 16 16 1968699
418 479 18 18 2480128
425 486 4 4 220199
424 485 6 6 396253
423 484 8 8 616951
422 483 10 10 879178
421 482 12 12 1199983
420 481 14 14 1568193
419 480 16 16 1998507
418 479 18 18 2476344
425 486 4 4 213057
424 485 6 6 370161
423 484 8 8 593958
422 483 10 10 850681
421 482 12 12 1178419
420 481 14 14 1535831
419 480 16 16 1975442
418 479 18 18 2454572
425 486 4 4 224469
424 485 6 6 396658
423 484 8 8 618900
422 483 10 10 882900
421 482 12 12 1190807
420 481 14 14 1560857
419 480 16 16 1983216
418 479 18 18 2494771
425 486 4 4 229577
424 485 6 6 397049
423 484 8 8 607240
422 483 10 10 862344
421 482 12 12 1171273
420 481 14 14 1538870
419 480 16 16 1972687
418 479 18 18 2459787
425 486 4 4 224470
424 485 6 6 400129
423 484 8 8 604760
422 483 10 10 857094
421 482 12 12 1154904
420 481 14 14 1530371
419 480 16 16 1947999
418 479 18 18 2470056
425 486 4 4 214263
424 485 6 6 401388
423 484 8 8 613975
422 483 10 10 857925
421 482 12 12 1174465
420 481 14 14 1530124
419 480 16 16 1957778
418 479 18 18 2457949
425 486 4 4 236478
424 485 6 6 429021
423 484 8 8 646327
422 483 10 10 902692
421 482 12 12 1199494
420 481 14 14 1555707
419 480 16 16 1989936
418 479 18 18 2496755
425 486 4 4 224970
424 485 6 6 400350
423 484 8 8 622733
422 483 10 10 876328
421 482 12 12 1192654
420 481 14 14 1567769
419 480 16 16 1993663
418 479 18 18 2469796
425 486 4 4 227435
424 485 6 6 414597
423 484 8 8 626591
422 483 10 10 883181
421 482 12 12 1178927
420 481 14 14 1541639
419 480 16 16 1958293
418 479 18 18 2436783
425 486 4 4 234797
424 485 6 6 422680
423 484 8 8 638744
422 483 10 10 901213
421 482 12 12 1217883
420 481 14 14 1601959
419 480 16 16 2026909
418 479 18 18 2520810
425 486 4 4 225485
424 485 6 6 412083
423 484 8 8 623477
422 483 10 10 892039
421 482 12 12 1204488
420 481 14 14 1562315
419 480 16 16 1990803
418 479 18 18 2473860
425 486 4 4 220259
424 485 6 6 392544
423 484 8 8 608445
422 483 10 10 851792
421 482 12 12 1173187
420 481 14 14 1531014
419 480 16 16 1953020
418 479 18 18 2445266
425 486 4 4 221480
424 485 6 6 389060
423 484 8 8 592351
422 483 10 10 861820
421 482 12 12 1173803
420 481 14 14 1556464
419 480 16 16 1980784
418 479 18 18 2462021
425 486 4 4 217935
424 485 6 6 385633
423 484 8 8 590300
422 483 10 10 840209
421 482 12 12 1145496
420 481 14 14 1504814
419 480 16 16 1925277
418 479 18 18 2411476
425 486 4 4 228801
424 485 6 6 413802
423 484 8 8 629067
422 483 10 10 896360
421 482 12 12 1209149
420 481 14 14 1575650
419 480 16 16 1998450
418 479 18 18 2477971
425 486 4 4 224358
424 485 6 6 405557
423 484 8 8 609480
422 483 10 10 864225
421 482 12 12 1170984
420 481 14 14 1534234
419 480 16 16 1948008
418 479 18 18 2435734
425 486 4 4 223423
424 485 6 6 400368
423 484 8 8 608562
422 483 10 10 859172
421 482 12 12 1178866
420 481 14 14 1539071
419 480 16 16 1967137
418 479 18 18 2440354
425 486 4 4 230577
424 485 6 6 413500
423 484 8 8 615827
422 483 10 10 884343
421 482 12 12 1185337
420 481 14 14 1556990
419 480 16 16 1976326
418 479 18 18 2464558
425 486 4 4 220500
424 485 6 6 392211
423 484 8 8 594685
422 483 10 10 846546
421 482 12 12 1153071
420 481 14 14 1498076
419 480 16 16 1928413
418 479 18 18 2420275
425 486 4 4 231305
424 485 6 6 408383
423 484 8 8 626570
422 483 10 10 880922
421 482 12 12 1184378
420 481 14 14 1531680
419 480 16 16 1939028
418 479 18 18 2416318
425 486 4 4 207667
424 485 6 6 394323
423 484 8 8 599600
422 483 10 10 865575
421 482 12 12 1172206
420 481 14 14 1549973
419 480 16 16 1961805
418 479 18 18 2447491
425 486 4 4 230880
424 485 6 6 404888
423 484 8 8 620764
422 483 10 10 862227
421 482 12 12 1171241
420 481 14 14 1522196
419 480 16 16 1944546
418 479 18 18 2440780
425 486 4 4 212821
424 485 6 6 382358
423 484 8 8 583708
422 483 10 10 850305
421 482 12 12 1159677
420 481 14 14 1511966
419 480 16 16 1940607
418 479 18 18 2411636
425 486 4 4 218483
424 485 6 6 390957
423 484 8 8 610717
422 483 10 10 860916
421 482 12 12 1179699
420 481 14 14 1538518
419 480 16 16 1949514
418 479 18 18 2427601
425 486 4 4 214105
424 485 6 6 391566
423 484 8 8 604937
422 483 10 10 855784
421 482 12 12 1173075
420 481 14 14 1523907
419 480 16 16 1917919
418 479 18 18 2399107
425 486 4 4 228246
424 485 6 6 405150
423 484 8 8 613124
422 483 10 10 866983
421 482 12 12 1180438
420 481 14 14 1531222
419 480 16 16 1963921
418 479 18 18 2423465
425 486 4 4 217880
424 485 6 6 391512
423 484 8 8 612108
422 483 10 10 877643
421 482 12 12 1174381
420 481 14 14 1519991
419 480 16 16 1941937
418 479 18 18 2408505
425 486 4 4 212804
424 485 6 6 387570
423 484 8 8 596723
422 483 10 10 857165
421 482 12 12 1170045
420 481 14 14 1522694
419 480 16 16 1942698
418 479 18 18 2432173
425 486 4 4 226431
424 485 6 6 395544
423 484 8 8 605736
422 483 10 10 864466
421 482 12 12 1152311
420 481 14 14 1506363
419 480 16 16 1935184
418 479 18 18 2412225
425 486 4 4 213859
424 485 6 6 387857
423 484 8 8 598241
422 483 10 10 860837
421 482 12 12 1169466
420 481 14 14 1530949
419 480 16 16 1961697
418 479 18 18 2465517
425 486 4 4 212568
424 485 6 6 376895
423 484 8 8 582572
422 483 10 10 840766
421 482 12 12 1150841
420 481 14 14 1510817
419 480 16 16 1922163
418 479 18 18 2402273
425 486 4 4 231655
424 485 6 6 413480
423 484 8 8 626542
422 483 10 10 893194
421 482 12 12 1193371
420 481 14 14 1547636
419 480 16 16 1981850
418 479 18 18 2460854
425 486 4 4 222045
424 485 6 6 410200
423 484 8 8 622388
422 483 10 10 886549
421 482 12 12 1184577
420 481 14 14 1554329
419 480 16 16 1962337
418 479 18 18 2454913
425 486 4 4 227154
424 485 6 6 407140
423 484 8 8 621043
422 483 10 10 885145
421 482 12 12 1196818
420 481 14 14 1568373
419 480 16 16 1985470
418 479 18 18 2474911
425 486 4 4 207439
424 485 6 6 375718
423 484 8 8 577577
422 483 10 10 843997
421 482 12 12 1142902
420 481 14 14 1509154
419 480 16 16 1932203
418 479 18 18 2400309
425 486 4 4 215536
424 485 6 6 384513
423 484 8 8 606848
422 483 10 10 870352
421 482 12 12 1182491
420 481 14 14 1532832
419 480 16 16 1952733
418 479 18 18 2436728
425 486 4 4 215294
424 485 6 6 389107
423 484 8 8 603356
422 483 10 10 875404
421 482 12 12 1173430
420 481 14 14 1541973
419 480 16 16 1961836
418 479 18 18 2445166
425 486 4 4 216264
424 485 6 6 384361
423 484 8 8 599104
422 483 10 10 858898
421 482 12 12 1174588
420 481 14 14 1547889
419 480 16 16 1957439
418 479 18 18 2443959
425 486 4 4 216541
424 485 6 6 399722
423 484 8 8 619457
422 483 10 10 875065
421 482 12 12 1183187
420 481 14 14 1553033
419 480 16 16 1970277
418 479 18 18 2473012
425 486 4 4 205555
424 485 6 6 383498
423 484 8 8 593341
422 483 10 10 864954
421 482 12 12 1165182
420 481 14 14 1526820
419 480 16 16 1930574
418 479 18 18 2421295
425 486 4 4 214212
424 485 6 6 400051
423 484 8 8 603644
422 483 10 10 851975
421 482 12 12 1146837
420 481 14 14 1498300
419 480 16 16 1907691
418 479 18 18 2377302
425 486 4 4 208896
424 485 6 6 376736
423 484 8 8 582585
422 483 10 10 828001
421 482 12 12 1128952
420 481 14 14 1482979
419 480 16 16 1897758
418 479 18 18 2390894
425 486 4 4 217324
424 485 6 6 393228
423 484 8 8 599567
422 483 10 10 862488
421 482 12 12 1147442
420 481 14 14 1524646
419 480 16 16 1918773
418 479 18 18 2398248
425 486 4 4 213623
424 485 6 6 386410
423 484 8 8 589676
422 483 10 10 839732
421 482 12 12 1140863
420 481 14 14 1489925
419 480 16 16 1903036
418 479 18 18 2381510
425 486 4 4 221500
424 485 6 6 388167
423 484 8 8 587257
422 483 10 10 835932
421 482 12 12 1159480
420 481 14 14 1516069
419 480 16 16 1933993
418 479 18 18 2399127
425 486 4 4 217252
424 485 6 6 389221
423 484 8 8 594552
422 483 10 10 853932
421 482 12 12 1154117
420 481 14 14 1513896
419 480 16 16 1913460
418 479 18 18 2377938
425 486 4 4 210128
424 485 6 6 385735
423 484 8 8 582550
422 483 10 10 835679
421 482 12 12 1122921
420 481 14 14 1486496
419 480 16 16 1902244
418 479 18 18 2385956
425 486 4 4 213502
424 485 6 6 394969
423 484 8 8 613113
422 483 10 10 879433
421 482 12 12 1174064
420 481 14 14 1522663
419 480 16 16 1933127
418 479 18 18 2408873
425 486 4 4 209499
424 485 6 6 382310
423 484 8 8 598157
422 483 10 10 852949
421 482 12 12 1174113
420 481 14 14 1547319
419 480 16 16 1972865
418 479 18 18 2447453
425 486 4 4 228421
424 485 6 6 400966
423 484 8 8 613137
422 483 10 10 844279
421 482 12 12 1143742
420 481 14 14 1510331
419 480 16 16 1933066
418 479 18 18 2420264
425 486 4 4 215778
424 485 6 6 396027
423 484 8 8 604682
422 483 10 10 855611
421 482 12 12 1165445
420 481 14 14 1525024
419 480 16 16 1946471
418 479 18 18 2434763
425 486 4 4 208874
424 485 6 6 377125
423 484 8 8 583285
422 483 10 10 838511
421 482 12 12 1145013
420 481 14 14 1517919
419 480 16 16 1940606
418 479 18 18 2411383
425 486 4 4 216681
424 485 6 6 396439
423 484 8 8 602939
422 483 10 10 859380
421 482 12 12 1150223
420 481 14 14 1508670
419 480 16 16 1933712
418 479 18 18 2412127
425 486 4 4 223470
424 485 6 6 392386
423 484 8 8 604699
422 483 10 10 859814
421 482 12 12 1157124
420 481 14 14 1506173
419 480 16 16 1912803
418 479 18 18 2381516
425 486 4 4 222338
424 485 6 6 392647
423 484 8 8 591498
422 483 10 10 853751
421 482 12 12 1158019
420 481 14 14 1498736
419 480 16 16 1920272
418 479 18 18 2411027
425 486 4 4 225780
424 485 6 6 417305
423 484 8 8 614117
422 483 10 10 857981
421 482 12 12 1168061
420 481 14 14 1520898
419 480 16 16 1928309
418 479 18 18 2406803
425 486 4 4 230557
424 485 6 6 405475
423 484 8 8 608499
422 483 10 10 869697
421 482 12 12 1191274
420 481 14 14 1542435
419 480 16 16 1954673
418 479 18 18 2427068
425 486 4 4 219025
424 485 6 6 384783
423 484 8 8 590790
422 483 10 10 843201
421 482 12 12 1138745
420 481 14 14 1492658
419 480 16 16 1887457
418 479 18 18 2363449
425 486 4 4 215550
424 485 6 6 389487
423 484 8 8 612103
422 483 10 10 878848
421 482 12 12 1177507
420 481 14 14 1543735
419 480 16 16 1954410
418 479 18 18 2434895
425 486 4 4 212345
424 485 6 6 389075
423 484 8 8 608022
422 483 10 10 860066
421 482 12 12 1158190
420 481 14 14 1493541
419 480 16 16 1895379
418 479 18 18 2381777
425 486 4 4 213825
424 485 6 6 398330
423 484 8 8 607821
422 483 10 10 871257
421 482 12 12 1166191
420 481 14 14 1525127
419 480 16 16 1945274
418 479 18 18 2414098
425 486 4 4 228549
424 485 6 6 405765
423 484 8 8 600389
422 483 10 10 854444
421 482 12 12 1160523
420 481 14 14 1517984
419 480 16 16 1922951
418 479 18 18 2403258
425 486 4 4 224544
424 485 6 6 404035
423 484 8 8 602853
422 483 10 10 853540
421 482 12 12 1161871
420 481 14 14 1529625
419 480 16 16 1949026
418 479 18 18 2429918
425 486 4 4 212586
424 485 6 6 388629
423 484 8 8 599684
422 483 10 10 848121
421 482 12 12 1137615
420 481 14 14 1484579
419 480 16 16 1902721
418 479 18 18 2371306
425 486 4 4 216076
424 485 6 6 389438
423 484 8 8 583679
422 483 10 10 843663
421 482 12 12 1134010
420 481 14 14 1501439
419 480 16 16 1889603
418 479 18 18 2353680
425 486 4 4 222212
424 485 6 6 405527
423 484 8 8 629168
422 483 10 10 888740
421 482 12 12 1188050
420 481 14 14 1550381
419 480 16 16 1944209
418 479 18 18 2420805
425 486 4 4 228632
424 485 6 6 397042
423 484 8 8 606470
422 483 10 10 857239
421 482 12 12 1156054
420 481 14 14 1521828
419 480 16 16 1949466
418 479 18 18 2419424
425 486 4 4 218333
424 485 6 6 393824
423 484 8 8 609646
422 483 10 10 861954
421 482 12 12 1157293
420 481 14 14 1519288
419 480 16 16 1929318
418 479 18 18 2407965
425 486 4 4 213099
424 485 6 6 380511
423 484 8 8 595171
422 483 10 10 857135
421 482 12 12 1148780
420 481 14 14 1499718
419 480 16 16 1917827
418 479 18 18 2404889
425 486 4 4 220828
424 485 6 6 400997
423 484 8 8 602313
422 483 10 10 849468
421 482 12 12 1158540
420 481 14 14 1523455
419 480 16 16 1946673
418 479 18 18 2428593
425 486 4 4 226969
424 485 6 6 408133
423 484 8 8 617209
422 483 10 10 874446
421 482 12 12 1181709
420 481 14 14 1554311
419 480 16 16 1957902
418 479 18 18 2435262
425 486 4 4 230448
424 485 6 6 403875
423 484 8 8 623400
422 483 10 10 870594
421 482 12 12 1150500
420 481 14 14 1508864
419 480 16 16 1912335
418 479 18 18 2398035
425 486 4 4 217459
424 485 6 6 384085
423 484 8 8 596152
422 483 10 10 844974
421 482 12 12 1149002
420 481 14 14 1494256
419 480 16 16 1924225
418 479 18 18 2391024
425 486 4 4 216218
424 485 6 6 404271
423 484 8 8 604807
422 483 10 10 847967
421 482 12 12 1140167
420 481 14 14 1493433
419 480 16 16 1913377
418 479 18 18 2377968
425 486 4 4 225940
424 485 6 6 386313
423 484 8 8 596283
422 483 10 10 842381
421 482 12 12 1159790
420 481 14 14 1524488
419 480 16 16 1952562
418 479 18 18 2417361
425 486 4 4 233293
424 485 6 6 398027
423 484 8 8 600707
422 483 10 10 850105
421 482 12 12 1163183
420 481 14 14 1510323
419 480 16 16 1922792
418 479 18 18 2383636
425 486 4 4 228661
424 485 6 6 398011
423 484 8 8 607761
422 483 10 10 863860
421 482 12 12 1161663
420 481 14 14 1535392
419 480 16 16 1953622
418 479 18 18 2412279
425 486 4 4 222292
424 485 6 6 392996
423 484 8 8 610934
422 483 10 10 866987
421 482 12 12 1177705
420 481 14 14 1534712
419 480 16 16 1939868
418 479 18 18 2410361
425 486 4 4 211067
424 485 6 6 382970
423 484 8 8 586685
422 483 10 10 833230
421 482 12 12 1128687
420 481 14 14 1482439
419 480 16 16 1889267
418 479 18 18 2355835
425 486 4 4 220020
424 485 6 6 393538
423 484 8 8 597768
422 483 10 10 846671
421 482 12 12 1150619
420 481 14 14 1506459
419 480 16 16 1911032
418 479 18 18 2366128
425 486 4 4 217431
424 485 6 6 373760
423 484 8 8 571231
422 483 10 10 813007
421 482 12 12 1133872
420 481 14 14 1479130
419 480 16 16 1878904
418 479 18 18 2351110
425 486 4 4 214404
424 485 6 6 380726
423 484 8 8 586651
422 483 10 10 839881
421 482 12 12 1138380
420 481 14 14 1495287
419 480 16 16 1895542
418 479 18 18 2384482
425 486 4 4 219739
424 485 6 6 388373
423 484 8 8 594185
422 483 10 10 837769
421 482 12 12 1152646
420 481 14 14 1487715
419 480 16 16 1879304
418 479 18 18 2357412
425 486 4 4 223748
424 485 6 6 396190
423 484 8 8 590488
422 483 10 10 829549
421 482 12 12 1124475
420 481 14 14 1474809
419 480 16 16 1898503
418 479 18 18 2363631
425 486 4 4 213830
424 485 6 6 379023
423 484 8 8 582118
422 483 10 10 832832
421 482 12 12 1134121
420 481 14 14 1487058
419 480 16 16 1907934
418 479 18 18 2376318
425 486 4 4 222254
424 485 6 6 393537
423 484 8 8 603927
422 483 10 10 846071
421 482 12 12 1136045
420 481 14 14 1505140
419 480 16 16 1894256
418 479 18 18 2383001
425 486 4 4 210202
424 485 6 6 394133
423 484 8 8 606873
422 483 10 10 849559
421 482 12 12 1147152
420 481 14 14 1509697
419 480 16 16 1934257
418 479 18 18 2401287
425 486 4 4 214992
424 485 6 6 387937
423 484 8 8 593074
422 483 10 10 855568
421 482 12 12 1166397
420 481 14 14 1529476
419 480 16 16 1945153
418 479 18 18 2415606
425 486 4 4 216094
424 485 6 6 388265
423 484 8 8 593662
422 483 10 10 842652
421 482 12 12 1151243
420 481 14 14 1526500
419 480 16 16 1948270
418 479 18 18 2439067
425 486 4 4 223393
424 485 6 6 393239
423 484 8 8 597036
422 483 10 10 851054
421 482 12 12 1160152
420 481 14 14 1496989
419 480 16 16 1901438
418 479 18 18 2395567
425 486 4 4 207212
424 485 6 6 386563
423 484 8 8 592355
422 483 10 10 841588
421 482 12 12 1156114
420 481 14 14 1498621
419 480 16 16 1928155
418 479 18 18 2389045
425 486 4 4 229122
424 485 6 6 408200
423 484 8 8 608020
422 483 10 10 843601
421 482 12 12 1160976
420 481 14 14 1514492
419 480 16 16 1936814
418 479 18 18 2412677
425 486 4 4 221698
424 485 6 6 405910
423 484 8 8 620477
422 483 10 10 871944
421 482 12 12 1179133
420 481 14 14 1538024
419 480 16 16 1944723
418 479 18 18 2431519
425 486 4 4 211851
424 485 6 6 401469
423 484 8 8 607957
422 483 10 10 867932
421 482 12 12 1165270
420 481 14 14 1525461
419 480 16 16 1944434
418 479 18 18 2402919
425 486 4 4 219573
424 485 6 6 391823
423 484 8 8 605970
422 483 10 10 840494
421 482 12 12 1145166
420 481 14 14 1482024
419 480 16 16 1893761
418 479 18 18 2364415
425 486 4 4 204114
424 485 6 6 366542
423 484 8 8 572480
422 483 10 10 822658
421 482 12 12 1123814
420 481 14 14 1473008
419 480 16 16 1897216
418 479 18 18 2373070
425 486 4 4 226288
424 485 6 6 406035
423 484 8 8 609512
422 483 10 10 875299
421 482 12 12 1179421
420 481 14 14 1535069
419 480 16 16 1958217
418 479 18 18 2425230
425 486 4 4 218656
424 485 6 6 381853
423 484 8 8 585369
422 483 10 10 849449
421 482 12 12 1144846
420 481 14 14 1492110
419 480 16 16 1904129
418 479 18 18 2375160
425 486 4 4 221722
424 485 6 6 385578
423 484 8 8 597301
422 483 10 10 852705
421 482 12 12 1155186
420 481 14 14 1510577
419 480 16 16 1917428
418 479 18 18 2379742
425 486 4 4 224970
424 485 6 6 392987
423 484 8 8 603424
422 483 10 10 859751
421 482 12 12 1162869
420 481 14 14 1534043
419 480 16 16 1940222
418 479 18 18 2416429
425 486 4 4 221990
424 485 6 6 390469
423 484 8 8 598783
422 483 10 10 842138
421 482 12 12 1151864
420 481 14 14 1513064
419 480 16 16 1922776
418 479 18 18 2380664
425 486 4 4 217166
424 485 6 6 376617
423 484 8 8 585491
422 483 10 10 834990
421 482 12 12 1143159
420 481 14 14 1499957
419 480 16 16 1915150
418 479 18 18 2388049
425 486 4 4 216892
424 485 6 6 390897
423 484 8 8 591273
422 483 10 10 850256
421 482 12 12 1153732
420 481 14 14 1500556
419 480 16 16 1905702
418 479 18 18 2368515
425 486 4 4 204088
424 485 6 6 377036
423 484 8 8 582116
422 483 10 10 823592
421 482 12 12 1137823
420 481 14 14 1474647
419 480 16 16 1881108
418 479 18 18 2345254
425 486 4 4 210900
424 485 6 6 382559
423 484 8 8 586442
422 483 10 10 834983
421 482 12 12 1136808
420 481 14 14 1486721
419 480 16 16 1889121
418 479 18 18 2361676
425 486 4 4 225178
424 485 6 6 392146
423 484 8 8 593214
422 483 10 10 846882
421 482 12 12 1156172
420 481 14 14 1499721
419 480 16 16 1915806
418 479 18 18 2387312
425 486 4 4 203355
424 485 6 6 385495
423 484 8 8 589430
422 483 10 10 845880
421 482 12 12 1151736
420 481 14 14 1500385
419 480 16 16 1913833
418 479 18 18 2401423
425 486 4 4 201895
424 485 6 6 373908
423 484 8 8 582247
422 483 10 10 843522
421 482 12 12 1150553
420 481 14 14 1506923
419 480 16 16 1906255
418 479 18 18 2381753
425 486 4 4 234504
424 485 6 6 418574
423 484 8 8 618142
422 483 10 10 897769
421 482 12 12 1203870
420 481 14 14 1547798
419 480 16 16 1963879
418 479 18 18 2442155
425 486 4 4 218202
424 485 6 6 386913
423 484 8 8 597269
422 483 10 10 859187
421 482 12 12 1145439
420 481 14 14 1499089
419 480 16 16 1895867
418 479 18 18 2368058
425 486 4 4 232959
424 485 6 6 397138
423 484 8 8 608191
422 483 10 10 855590
421 482 12 12 1162787
420 481 14 14 1528714
419 480 16 16 1936864
418 479 18 18 2406125
425 486 4 4 215792
424 485 6 6 390040
423 484 8 8 588607
422 483 10 10 844127
421 482 12 12 1147123
420 481 14 14 1511429
419 480 16 16 1900554
418 479 18 18 2361381
425 486 4 4 225022
424 485 6 6 393149
423 484 8 8 599691
422 483 10 10 854374
421 482 12 12 1152289
420 481 14 14 1508631
419 480 16 16 1913970
418 479 18 18 2368948
425 486 4 4 222092
424 485 6 6 390449
423 484 8 8 594820
422 483 10 10 834717
421 482 12 12 1143654
420 481 14 14 1505777
419 480 16 16 1902970
418 479 18 18 2356486
425 486 4 4 212628
424 485 6 6 379907
423 484 8 8 588448
422 483 10 10 832901
421 482 12 12 1132424
420 481 14 14 1489879
419 480 16 16 1904411
418 479 18 18 2362741
425 486 4 4 216413
424 485 6 6 393787
423 484 8 8 610724
422 483 10 10 851724
421 482 12 12 1162311
420 481 14 14 1507673
419 480 16 16 1911478
418 479 18 18 2365561
425 486 4 4 223292
424 485 6 6 388789
423 484 8 8 598438
422 483 10 10 861680
421 482 12 12 1154216
420 481 14 14 1504530
419 480 16 16 1899125
418 479 18 18 2349710
425 486 4 4 209624
424 485 6 6 371322
423 484 8 8 580793
422 483 10 10 836353
421 482 12 12 1112539
420 481 14 14 1457229
419 480 16 16 1871407
418 479 18 18 2343141
425 486 4 4 220628
424 485 6 6 380467
423 484 8 8 578802
422 483 10 10 815537
421 482 12 12 1110979
420 481 14 14 1459998
419 480 16 16 1856450
418 479 18 18 2309657
425 486 4 4 219634
424 485 6 6 394170
423 484 8 8 611360
422 483 10 10 866978
421 482 12 12 1168397
420 481 14 14 1535627
419 480 16 16 1963387
418 479 18 18 2424258
425 486 4 4 224008
424 485 6 6 390569
423 484 8 8 599853
422 483 10 10 850962
421 482 12 12 1143149
420 481 14 14 1493478
419 480 16 16 1913014
418 479 18 18 2385663
425 486 4 4 224279
424 485 6 6 404247
423 484 8 8 605604
422 483 10 10 854014
421 482 12 12 1149664
420 481 14 14 1492506
419 480 16 16 1912332
418 479 18 18 2362773
425 486 4 4 209763
424 485 6 6 381639
423 484 8 8 591561
422 483 10 10 845546
421 482 12 12 1151420
420 481 14 14 1495363
419 480 16 16 1904614
418 479 18 18 2380733
425 486 4 4 212358
424 485 6 6 376409
423 484 8 8 585550
422 483 10 10 814320
421 482 12 12 1135247
420 481 14 14 1483858
419 480 16 16 1909880
418 479 18 18 2367085
425 486 4 4 206902
424 485 6 6 372193
423 484 8 8 585475
422 483 10 10 825140
421 482 12 12 1119090
420 481 14 14 1463548
419 480 16 16 1863860
418 479 18 18 2312772
425 486 4 4 222881
424 485 6 6 385962
423 484 8 8 589977
422 483 10 10 823380
421 482 12 12 1111154
420 481 14 14 1457285
419 480 16 16 1876683
418 479 18 18 2339360
425 486 4 4 209472
424 485 6 6 392675
423 484 8 8 611134
422 483 10 10 855783
421 482 12 12 1157530
420 481 14 14 1514875
419 480 16 16 1907245
418 479 18 18 2379528
425 486 4 4 219890
424 485 6 6 393802
423 484 8 8 586632
422 483 10 10 838400
421 482 12 12 1131129
420 481 14 14 1482876
419 480 16 16 1899281
418 479 18 18 2371006
425 486 4 4 211945
424 485 6 6 378287
423 484 8 8 578600
422 483 10 10 827746
421 482 12 12 1147707
420 481 14 14 1504364
419 480 16 16 1901369
418 479 18 18 2363445
425 486 4 4 229676
424 485 6 6 404782
423 484 8 8 605066
422 483 10 10 858335
421 482 12 12 1161052
420 481 14 14 1523567
419 480 16 16 1926679
418 479 18 18 2403949
425 486 4 4 205632
424 485 6 6 384481
423 484 8 8 590944
422 483 10 10 842175
421 482 12 12 1137321
420 481 14 14 1488112
419 480 16 16 1894663
418 479 18 18 2359926
425 486 4 4 205327
424 485 6 6 379924
423 484 8 8 583681
422 483 10 10 829020
421 482 12 12 1133007
420 481 14 14 1497163
419 480 16 16 1905038
418 479 18 18 2364117
425 486 4 4 223542
424 485 6 6 384400
423 484 8 8 594729
422 483 10 10 840785
421 482 12 12 1154845
420 481 14 14 1501562
419 480 16 16 1909544
418 479 18 18 2373641
425 486 4 4 210228
424 485 6 6 367116
423 484 8 8 567689
422 483 10 10 809159
421 482 12 12 1119961
420 481 14 14 1487914
419 480 16 16 1875191
418 479 18 18 2338804
425 486 4 4 214862
424 485 6 6 395589
423 484 8 8 586540
422 483 10 10 828416
421 482 12 12 1126896
420 481 14 14 1468249
419 480 16 16 1867642
418 479 18 18 2333015
425 486 4 4 225694
424 485 6 6 392804
423 484 8 8 616745
422 483 10 10 871740
421 482 12 12 1175039
420 481 14 14 1526192
419 480 16 16 1923033
418 479 18 18 2426968
425 486 4 4 210456
424 485 6 6 371148
423 484 8 8 584033
422 483 10 10 826624
421 482 12 12 1126824
420 481 14 14 1463182
419 480 16 16 1878161
418 479 18 18 2335623
425 486 4 4 193137
424 485 6 6 359814
423 484 8 8 560889
422 483 10 10 811436
421 482 12 12 1107857
420 481 14 14 1468126
419 480 16 16 1886650
418 479 18 18 2350922
425 486 4 4 204154
424 485 6 6 376411
423 484 8 8 568176
422 483 10 10 826256
421 482 12 12 1122296
420 481 14 14 1484401
419 480 16 16 1885734
418 479 18 18 2359132
425 486 4 4 206299
424 485 6 6 377949
423 484 8 8 573340
422 483 10 10 823113
421 482 12 12 1115846
420 481 14 14 1442219
419 480 16 16 1854028
418 479 18 18 2316732
425 486 4 4 210191
424 485 6 6 374836
423 484 8 8 577462
422 483 10 10 826559
421 482 12 12 1127102
420 481 14 14 1476419
419 480 16 16 1867417
418 479 18 18 2326532
425 486 4 4 224180
424 485 6 6 396918
423 484 8 8 591813
422 483 10 10 840934
421 482 12 12 1138292
420 481 14 14 1501182
419 480 16 16 1933808
418 479 18 18 2410159
425 486 4 4 207583
424 485 6 6 381481
423 484 8 8 586513
422 483 10 10 835582
421 482 12 12 1128880
420 481 14 14 1480955
419 480 16 16 1885877
418 479 18 18 2351988
425 486 4 4 210443
424 485 6 6 375514
423 484 8 8 581674
422 483 10 10 829928
421 482 12 12 1125565
420 481 14 14 1471799
419 480 16 16 1871195
418 479 18 18 2333520
425 486 4 4 209329
424 485 6 6 371120
423 484 8 8 575168
422 483 10 10 817358
421 482 12 12 1125649
420 481 14 14 1480759
419 480 16 16 1911898
418 479 18 18 2372131
425 486 4 4 221852
424 485 6 6 394723
423 484 8 8 605170
422 483 10 10 841004
421 482 12 12 1138086
420 481 14 14 1494963
419 480 16 16 1905323
418 479 18 18 2375457
425 486 4 4 222466
424 485 6 6 395441
423 484 8 8 598874
422 483 10 10 851533
421 482 12 12 1143876
420 481 14 14 1498194
419 480 16 16 1903703
418 479 18 18 2383868
425 486 4 4 221684
424 485 6 6 396155
423 484 8 8 601714
422 483 10 10 857108
421 482 12 12 1171242
420 481 14 14 1517639
419 480 16 16 1914953
418 479 18 18 2380448
425 486 4 4 208369
424 485 6 6 373534
423 484 8 8 581886
422 483 10 10 828978
421 482 12 12 1134159
420 481 14 14 1477896
419 480 16 16 1867590
418 479 18 18 2318398
425 486 4 4 208763
424 485 6 6 376073
423 484 8 8 592010
422 483 10 10 852372
421 482 12 12 1123673
420 481 14 14 1482391
419 480 16 16 1895673
418 479 18 18 2376743
425 486 4 4 211465
424 485 6 6 379165
423 484 8 8 588059
422 483 10 10 848923
421 482 12 12 1138292
420 481 14 14 1508668
419 480 16 16 1917389
418 479 18 18 2365594
425 486 4 4 218583
424 485 6 6 391153
423 484 8 8 598694
422 483 10 10 853824
421 482 12 12 1164922
420 481 14 14 1511725
419 480 16 16 1924931
418 479 18 18 2377535
425 486 4 4 228767
424 485 6 6 390802
423 484 8 8 593993
422 483 10 10 830339
421 482 12 12 1122959
420 481 14 14 1455582
419 480 16 16 1861690
418 479 18 18 2321185
425 486 4 4 208374
424 485 6 6 382866
423 484 8 8 595288
422 483 10 10 841870
421 482 12 12 1131301
420 481 14 14 1477859
419 480 16 16 1883552
418 479 18 18 2348617
425 486 4 4 210496
424 485 6 6 379445
423 484 8 8 579855
422 483 10 10 822443
421 482 12 12 1122622
420 481 14 14 1467697
419 480 16 16 1881963
418 479 18 18 2360708
425 486 4 4 208445
424 485 6 6 376918
423 484 8 8 578144
422 483 10 10 826137
421 482 12 12 1137535
420 481 14 14 1475072
419 480 16 16 1853235
418 479 18 18 2311356
425 486 4 4 220702
424 485 6 6 387170
423 484 8 8 597535
422 483 10 10 848300
421 482 12 12 1162178
420 481 14 14 1515690
419 480 16 16 1896163
418 479 18 18 2349953
425 486 4 4 226949
424 485 6 6 399540
423 484 8 8 595291
422 483 10 10 836741
421 482 12 12 1141617
420 481 14 14 1491411
419 480 16 16 1912890
418 479 18 18 2396554
425 486 4 4 207863
424 485 6 6 381173
423 484 8 8 578816
422 483 10 10 836923
421 482 12 12 1121638
420 481 14 14 1483508
419 480 16 16 1909320
418 479 18 18 2379999
425 486 4 4 199890
424 485 6 6 374024
423 484 8 8 586816
422 483 10 10 842852
421 482 12 12 1153737
420 481 14 14 1504631
419 480 16 16 1902916
418 479 18 18 2370200
425 486 4 4 204191
424 485 6 6 386226
423 484 8 8 589885
422 483 10 10 841114
421 482 12 12 1147787
420 481 14 14 1506630
419 480 16 16 1918495
418 479 18 18 2374304
425 486 4 4 216861
424 485 6 6 383697
423 484 8 8 592199
422 483 10 10 860013
421 482 12 12 1164982
420 481 14 14 1505492
419 480 16 16 1905213
418 479 18 18 2369573
425 486 4 4 213062
424 485 6 6 398534
423 484 8 8 607011
422 483 10 10 856268
421 482 12 12 1154681
420 481 14 14 1498366
419 480 16 16 1919189
418 479 18 18 2366690
425 486 4 4 188852
424 485 6 6 357280
423 484 8 8 568503
422 483 10 10 820938
421 482 12 12 1129947
420 481 14 14 1485507
419 480 16 16 1895309
418 479 18 18 2362089
425 486 4 4 203120
424 485 6 6 369973
423 484 8 8 570031
422 483 10 10 820919
421 482 12 12 1109680
420 481 14 14 1466174
419 480 16 16 1885430
418 479 18 18 2354345
425 486 4 4 225276
424 485 6 6 389670
423 484 8 8 586725
422 483 10 10 844397
421 482 12 12 1135264
420 481 14 14 1475502
419 480 16 16 1891462
418 479 18 18 2348415
425 486 4 4 215242
424 485 6 6 374919
423 484 8 8 572011
422 483 10 10 816159
421 482 12 12 1114730
420 481 14 14 1476446
419 480 16 16 1866179
418 479 18 18 2332830
425 486 4 4 220825
424 485 6 6 398872
423 484 8 8 609401
422 483 10 10 854398
421 482 12 12 1144280
420 481 14 14 1481028
419 480 16 16 1892315
418 479 18 18 2363314
425 486 4 4 209449
424 485 6 6 385802
423 484 8 8 599138
422 483 10 10 861999
421 482 12 12 1154078
420 481 14 14 1510981
419 480 16 16 1920078
418 479 18 18 2373572
425 486 4 4 207063
424 485 6 6 378829
423 484 8 8 583632
422 483 10 10 838574
421 482 12 12 1144546
420 481 14 14 1498254
419 480 16 16 1891075
418 479 18 18 2378161
425 486 4 4 220371
424 485 6 6 398339
423 484 8 8 610619
422 483 10 10 856820
421 482 12 12 1140957
420 481 14 14 1496478
419 480 16 16 1915045
418 479 18 18 2369923
425 486 4 4 216683
424 485 6 6 391627
423 484 8 8 591509
422 483 10 10 829696
421 482 12 12 1127738
420 481 14 14 1484556
419 480 16 16 1897341
418 479 18 18 2377121
425 486 4 4 203067
424 485 6 6 369640
423 484 8 8 575087
422 483 10 10 809123
421 482 12 12 1110315
420 481 14 14 1439940
419 480 16 16 1842709
418 479 18 18 2285443
425 486 4 4 208390
424 485 6 6 366432
423 484 8 8 578603
422 483 10 10 826352
421 482 12 12 1136943
420 481 14 14 1486901
419 480 16 16 1896217
418 479 18 18 2363118
425 486 4 4 219607
424 485 6 6 393216
423 484 8 8 600009
422 483 10 10 841752
421 482 12 12 1141527
420 481 14 14 1490329
419 480 16 16 1904266
418 479 18 18 2386633
425 486 4 4 195731
424 485 6 6 367485
423 484 8 8 571509
422 483 10 10 811025
421 482 12 12 1101228
420 481 14 14 1456333
419 480 16 16 1855674
418 479 18 18 2319314
425 486 4 4 215531
424 485 6 6 375530
423 484 8 8 579902
422 483 10 10 832042
421 482 12 12 1129338
420 481 14 14 1482793
419 480 16 16 1896206
418 479 18 18 2339122
425 486 4 4 232078
424 485 6 6 399635
423 484 8 8 604370
422 483 10 10 859654
421 482 12 12 1161969
420 481 14 14 1513791
419 480 16 16 1915136
418 479 18 18 2385111
425 486 4 4 206821
424 485 6 6 364768
423 484 8 8 581696
422 483 10 10 830990
421 482 12 12 1116428
420 481 14 14 1454041
419 480 16 16 1845824
418 479 18 18 2312523
425 486 4 4 207910
424 485 6 6 393011
423 484 8 8 605075
422 483 10 10 867765
421 482 12 12 1170511
420 481 14 14 1524835
419 480 16 16 1913208
418 479 18 18 2376299
425 486 4 4 222333
424 485 6 6 389637
423 484 8 8 588812
422 483 10 10 834544
421 482 12 12 1112460
420 481 14 14 1470899
419 480 16 16 1888801
418 479 18 18 2358545
425 486 4 4 219994
424 485 6 6 393821
423 484 8 8 603313
422 483 10 10 842331
421 482 12 12 1144093
420 481 14 14 1489318
419 480 16 16 1881064
418 479 18 18 2331487
425 486 4 4 205573
424 485 6 6 370669
423 484 8 8 571628
422 483 10 10 818107
421 482 12 12 1118271
420 481 14 14 1450724
419 480 16 16 1855921
418 479 18 18 2320085
425 486 4 4 232179
424 485 6 6 404598
423 484 8 8 599479
422 483 10 10 853810
421 482 12 12 1167314
420 481 14 14 1508885
419 480 16 16 1901076
418 479 18 18 2349745
425 486 4 4 198487
424 485 6 6 350430
423 484 8 8 560869
422 483 10 10 825225
421 482 12 12 1142855
420 481 14 14 1478531
419 480 16 16 1889372
418 479 18 18 2357590
425 486 4 4 210540
424 485 6 6 391305
423 484 8 8 597001
422 483 10 10 843154
421 482 12 12 1134382
420 481 14 14 1482260
419 480 16 16 1876491
418 479 18 18 2335709
425 486 4 4 215168
424 485 6 6 381608
423 484 8 8 591183
422 483 10 10 850147
421 482 12 12 1150546
420 481 14 14 1491059
419 480 16 16 1911915
418 479 18 18 2381822
425 486 4 4 217929
424 485 6 6 380331
423 484 8 8 580892
422 483 10 10 828033
421 482 12 12 1123715
420 481 14 14 1469779
419 480 16 16 1863213
418 479 18 18 2336113
425 486 4 4 212647
424 485 6 6 366900
423 484 8 8 564235
422 483 10 10 832243
421 482 12 12 1118029
420 481 14 14 1454161
419 480 16 16 1854743
418 479 18 18 2324204
425 486 4 4 208368
424 485 6 6 384915
423 484 8 8 594847
422 483 10 10 839191
421 482 12 12 1151611
420 481 14 14 1506966
419 480 16 16 1922013
418 479 18 18 2368518
425 486 4 4 201533
424 485 6 6 367925
423 484 8 8 568792
422 483 10 10 818556
421 482 12 12 1106500
420 481 14 14 1449622
419 480 16 16 1838070
418 479 18 18 2291715
425 486 4 4 215250
424 485 6 6 386658
423 484 8 8 581148
422 483 10 10 828888
421 482 12 12 1129742
420 481 14 14 1483275
419 480 16 16 1896189
418 479 18 18 2341416
425 486 4 4 218658
424 485 6 6 384826
423 484 8 8 586568
422 483 10 10 837981
421 482 12 12 1148580
420 481 14 14 1510927
419 480 16 16 1908891
418 479 18 18 2372190
425 486 4 4 211353
424 485 6 6 370630
423 484 8 8 564632
422 483 10 10 802448
421 482 12 12 1097437
420 481 14 14 1443325
419 480 16 16 1843968
418 479 18 18 2307923
425 486 4 4 206637
424 485 6 6 371355
423 484 8 8 578767
422 483 10 10 829355
421 482 12 12 1140477
420 481 14 14 1493693
419 480 16 16 1896949
418 479 18 18 2381366
425 486 4 4 219718
424 485 6 6 390396
423 484 8 8 593095
422 483 10 10 846952
421 482 12 12 1151945
420 481 14 14 1514886
419 480 16 16 1925347
418 479 18 18 2417099
425 486 4 4 211988
424 485 6 6 393155
423 484 8 8 602232
422 483 10 10 849414
421 482 12 12 1163061
420 481 14 14 1482212
419 480 16 16 1872635
418 479 18 18 2347314
425 486 4 4 214321
424 485 6 6 384712
423 484 8 8 588389
422 483 10 10 844853
421 482 12 12 1145977
420 481 14 14 1501969
419 480 16 16 1910747
418 479 18 18 2373813
425 486 4 4 209951
424 485 6 6 378373
423 484 8 8 580103
422 483 10 10 837696
421 482 12 12 1124785
420 481 14 14 1481092
419 480 16 16 1888700
418 479 18 18 2377687
425 486 4 4 201809
424 485 6 6 383651
423 484 8 8 583383
422 483 10 10 828566
421 482 12 12 1124043
420 481 14 14 1471195
419 480 16 16 1898503
418 479 18 18 2376586
425 486 4 4 219496
424 485 6 6 389388
423 484 8 8 599947
422 483 10 10 848781
421 482 12 12 1146210
420 481 14 14 1493013
419 480 16 16 1911964
418 479 18 18 2396596
425 486 4 4 211315
424 485 6 6 383225
423 484 8 8 592638
422 483 10 10 849260
421 482 12 12 1151432
420 481 14 14 1507230
419 480 16 16 1919045
418 479 18 18 2388205
425 486 4 4 222181
424 485 6 6 387567
423 484 8 8 588889
422 483 10 10 838126
421 482 12 12 1135783
420 481 14 14 1495874
419 480 16 16 1898273
418 479 18 18 2370170
425 486 4 4 212602
424 485 6 6 394801
423 484 8 8 605748
422 483 10 10 862128
421 482 12 12 1175218
420 481 14 14 1510251
419 480 16 16 1916242
418 479 18 18 2386611
425 486 4 4 201592
424 485 6 6 364762
423 484 8 8 560740
422 483 10 10 802265
421 482 12 12 1104405
420 481 14 14 1461136
419 480 16 16 1868610
418 479 18 18 2318128
425 486 4 4 207444
424 485 6 6 375515
423 484 8 8 573061
422 483 10 10 811130
421 482 12 12 1124988
420 481 14 14 1472515
419 480 16 16 1889572
418 479 18 18 2359463
425 486 4 4 215278
424 485 6 6 397385
423 484 8 8 609304
422 483 10 10 860970
421 482 12 12 1150271
420 481 14 14 1487413
419 480 16 16 1894215
418 479 18 18 2357746
425 486 4 4 219336
424 485 6 6 394527
423 484 8 8 601920
422 483 10 10 838968
421 482 12 12 1127752
420 481 14 14 1491088
419 480 16 16 1905315
418 479 18 18 2366851
425 486 4 4 209303
424 485 6 6 379436
423 484 8 8 582668
422 483 10 10 832190
421 482 12 12 1130984
420 481 14 14 1471078
419 480 16 16 1889873
418 479 18 18 2365234
425 486 4 4 222541
424 485 6 6 403373
423 484 8 8 602958
422 483 10 10 871383
421 482 12 12 1184436
420 481 14 14 1522261
419 480 16 16 1911381
418 479 18 18 2375565
425 486 4 4 213358
424 485 6 6 394170
423 484 8 8 597679
422 483 10 10 844013
421 482 12 12 1153399
420 481 14 14 1508038
419 480 16 16 1920731
418 479 18 18 2389546
425 486 4 4 212534
424 485 6 6 373861
423 484 8 8 591915
422 483 10 10 854485
421 482 12 12 1179777
420 481 14 14 1516684
419 480 16 16 1920591
418 479 18 18 2382224
425 486 4 4 208046
424 485 6 6 372880
423 484 8 8 579404
422 483 10 10 825482
421 482 12 12 1122592
420 481 14 14 1480170
419 480 16 16 1872231
418 479 18 18 2333350
425 486 4 4 202421
424 485 6 6 378738
423 484 8 8 573153
422 483 10 10 832875
421 482 12 12 1140526
420 481 14 14 1477319
419 480 16 16 1878273
418 479 18 18 2340184
425 486 4 4 209832
424 485 6 6 379983
423 484 8 8 582028
422 483 10 10 823881
421 482 12 12 1118095
420 481 14 14 1458444
419 480 16 16 1864983
418 479 18 18 2323391
425 486 4 4 211502
424 485 6 6 376657
423 484 8 8 574861
422 483 10 10 822042
421 482 12 12 1127022
420 481 14 14 1476069
419 480 16 16 1877222
418 479 18 18 2330817
425 486 4 4 211071
424 485 6 6 384642
423 484 8 8 595946
422 483 10 10 849782
421 482 12 12 1156498
420 481 14 14 1505555
419 480 16 16 1897338
418 479 18 18 2367059
425 486 4 4 207092
424 485 6 6 377296
423 484 8 8 596077
422 483 10 10 840023
421 482 12 12 1142512
420 481 14 14 1513651
419 480 16 16 1911501
418 479 18 18 2367135
425 486 4 4 207924
424 485 6 6 375690
423 484 8 8 572349
422 483 10 10 824277
421 482 12 12 1129981
420 481 14 14 1464463
419 480 16 16 1894072
418 479 18 18 2361398
425 486 4 4 221497
424 485 6 6 392624
423 484 8 8 601648
422 483 10 10 857707
421 482 12 12 1169071
420 481 14 14 1525160
419 480 16 16 1930826
418 479 18 18 2390463
425 486 4 4 205362
424 485 6 6 384463
423 484 8 8 586242
422 483 10 10 852610
421 482 12 12 1173486
420 481 14 14 1533160
419 480 16 16 1931492
418 479 18 18 2368912
425 486 4 4 204759
424 485 6 6 388359
423 484 8 8 577716
422 483 10 10 823022
421 482 12 12 1136805
420 481 14 14 1477306
419 480 16 16 1869300
418 479 18 18 2336189
425 486 4 4 223644
424 485 6 6 394085
423 484 8 8 607595
422 483 10 10 866822
421 482 12 12 1156898
420 481 14 14 1498679
419 480 16 16 1906809
418 479 18 18 2377368
425 486 4 4 203031
424 485 6 6 373723
423 484 8 8 582921
422 483 10 10 828783
421 482 12 12 1131071
420 481 14 14 1489110
419 480 16 16 1902265
418 479 18 18 2346953
425 486 4 4 212798
424 485 6 6 387457
423 484 8 8 587771
422 483 10 10 814815
421 482 12 12 1115058
420 481 14 14 1460294
419 480 16 16 1866255
418 479 18 18 2321453
425 486 4 4 203364
424 485 6 6 371392
423 484 8 8 585336
422 483 10 10 841009
421 482 12 12 1142736
420 481 14 14 1480548
419 480 16 16 1908123
418 479 18 18 2379449
425 486 4 4 217134
424 485 6 6 404078
423 484 8 8 603910
422 483 10 10 859067
421 482 12 12 1160199
420 481 14 14 1505943
419 480 16 16 1928038
418 479 18 18 2381725
