117 330 4 4 2031
116 329 6 6 4376
115 328 8 8 8344
114 327 10 10 12494
113 326 12 12 17588
112 325 14 14 23470
111 324 16 16 29863
110 323 18 18 38111
117 330 4 4 1631
116 329 6 6 4526
115 328 8 8 7285
114 327 10 10 11442
113 326 12 12 17133
112 325 14 14 24170
111 324 16 16 32115
110 323 18 18 40238
117 330 4 4 2736
116 329 6 6 4938
115 328 8 8 8343
114 327 10 10 12668
113 326 12 12 17683
112 325 14 14 23602
111 324 16 16 31885
110 323 18 18 40642
117 330 4 4 1757
116 329 6 6 3957
115 328 8 8 7072
114 327 10 10 11182
113 326 12 12 15941
112 325 14 14 21719
111 324 16 16 28402
110 323 18 18 38011
117 330 4 4 2769
116 329 6 6 5860
115 328 8 8 9744
114 327 10 10 14556
113 326 12 12 19071
112 325 14 14 25354
111 324 16 16 33100
110 323 18 18 40957
117 330 4 4 2434
116 329 6 6 4973
115 328 8 8 7949
114 327 10 10 12217
113 326 12 12 17724
112 325 14 14 26637
111 324 16 16 34040
110 323 18 18 42935
117 330 4 4 1897
116 329 6 6 4904
115 328 8 8 8810
114 327 10 10 13195
113 326 12 12 18753
112 325 14 14 24676
111 324 16 16 31796
110 323 18 18 39325
117 330 4 4 2669
116 329 6 6 6048
115 328 8 8 9266
114 327 10 10 13108
113 326 12 12 18975
112 325 14 14 24971
111 324 16 16 32432
110 323 18 18 39771
117 330 4 4 2071
116 329 6 6 4414
115 328 8 8 7900
114 327 10 10 12064
113 326 12 12 17460
112 325 14 14 24915
111 324 16 16 31740
110 323 18 18 39547
117 330 4 4 1869
116 329 6 6 3860
115 328 8 8 7026
114 327 10 10 10976
113 326 12 12 15864
112 325 14 14 22764
111 324 16 16 30620
110 323 18 18 37819
117 330 4 4 1957
116 329 6 6 3921
115 328 8 8 7348
114 327 10 10 12065
113 326 12 12 17839
112 325 14 14 24712
111 324 16 16 32534
110 323 18 18 40752
117 330 4 4 1714
116 329 6 6 3953
115 328 8 8 8808
114 327 10 10 13085
113 326 12 12 18778
112 325 14 14 25191
111 324 16 16 33411
110 323 18 18 41809
117 330 4 4 2189
116 329 6 6 4382
115 328 8 8 7874
114 327 10 10 12460
113 326 12 12 17435
112 325 14 14 24148
111 324 16 16 30820
110 323 18 18 37853
117 330 4 4 1504
116 329 6 6 3550
115 328 8 8 6808
114 327 10 10 11256
113 326 12 12 15862
112 325 14 14 22485
111 324 16 16 29399
110 323 18 18 36614
117 330 4 4 2240
116 329 6 6 4024
115 328 8 8 6990
114 327 10 10 10849
113 326 12 12 15154
112 325 14 14 20271
111 324 16 16 26146
110 323 18 18 33708
117 330 4 4 1998
116 329 6 6 4219
115 328 8 8 7088
114 327 10 10 11778
113 326 12 12 17732
112 325 14 14 24925
111 324 16 16 32356
110 323 18 18 40726
117 330 4 4 1716
116 329 6 6 3575
115 328 8 8 6330
114 327 10 10 10800
113 326 12 12 17803
112 325 14 14 23901
111 324 16 16 31231
110 323 18 18 40132
117 330 4 4 1712
116 329 6 6 3871
115 328 8 8 6787
114 327 10 10 11343
113 326 12 12 16645
112 325 14 14 23041
111 324 16 16 30222
110 323 18 18 38999
117 330 4 4 2231
116 329 6 6 4576
115 328 8 8 8151
114 327 10 10 12661
113 326 12 12 19625
112 325 14 14 26424
111 324 16 16 32677
110 323 18 18 40124
117 330 4 4 1563
116 329 6 6 4264
115 328 8 8 7287
114 327 10 10 11204
113 326 12 12 15821
112 325 14 14 21556
111 324 16 16 30182
110 323 18 18 38893
117 330 4 4 1740
116 329 6 6 3793
115 328 8 8 7881
114 327 10 10 11472
113 326 12 12 16239
112 325 14 14 22378
111 324 16 16 29871
110 323 18 18 37735
117 330 4 4 1792
116 329 6 6 3909
115 328 8 8 7406
114 327 10 10 12101
113 326 12 12 17611
112 325 14 14 24038
111 324 16 16 31861
110 323 18 18 39518
117 330 4 4 2521
116 329 6 6 4882
115 328 8 8 7895
114 327 10 10 11586
113 326 12 12 17835
112 325 14 14 23256
111 324 16 16 30905
110 323 18 18 39284
117 330 4 4 2912
116 329 6 6 5345
115 328 8 8 8696
114 327 10 10 15083
113 326 12 12 21920
112 325 14 14 31101
111 324 16 16 39458
110 323 18 18 49261
117 330 4 4 1813
116 329 6 6 3874
115 328 8 8 7856
114 327 10 10 12600
113 326 12 12 17843
112 325 14 14 24355
111 324 16 16 31298
110 323 18 18 39071
117 330 4 4 54243
116 329 6 6 92537
115 328 8 8 136461
114 327 10 10 193134
113 326 12 12 265204
112 325 14 14 347034
111 324 16 16 437887
110 323 18 18 544241
117 330 4 4 67369
116 329 6 6 106323
115 328 8 8 150001
114 327 10 10 207713
113 326 12 12 267554
112 325 14 14 342046
111 324 16 16 423739
110 323 18 18 527817
117 330 4 4 64727
116 329 6 6 105516
115 328 8 8 148386
114 327 10 10 200942
113 326 12 12 265245
112 325 14 14 335885
111 324 16 16 421720
110 323 18 18 513303
117 330 4 4 66832
116 329 6 6 108960
115 328 8 8 155266
114 327 10 10 204364
113 326 12 12 269214
112 325 14 14 336506
111 324 16 16 416363
110 323 18 18 511421
117 330 4 4 70265
116 329 6 6 104812
115 328 8 8 146334
114 327 10 10 200262
113 326 12 12 271620
112 325 14 14 351044
111 324 16 16 435471
110 323 18 18 537110
117 330 4 4 65873
116 329 6 6 103604
115 328 8 8 148884
114 327 10 10 204980
113 326 12 12 266726
112 325 14 14 345807
111 324 16 16 438335
110 323 18 18 537035
117 330 4 4 67464
116 329 6 6 105004
115 328 8 8 153874
114 327 10 10 203710
113 326 12 12 277384
112 325 14 14 347365
111 324 16 16 427046
110 323 18 18 520597
117 330 4 4 69644
116 329 6 6 102393
115 328 8 8 145341
114 327 10 10 203119
113 326 12 12 270502
112 325 14 14 343602
111 324 16 16 429971
110 323 18 18 532724
117 330 4 4 72622
116 329 6 6 108918
115 328 8 8 151861
114 327 10 10 206785
113 326 12 12 272485
112 325 14 14 345559
111 324 16 16 425764
110 323 18 18 527226
117 330 4 4 66773
116 329 6 6 104392
115 328 8 8 145744
114 327 10 10 190999
113 326 12 12 257244
112 325 14 14 325523
111 324 16 16 415898
110 323 18 18 516812
117 330 4 4 72168
116 329 6 6 105989
115 328 8 8 145844
114 327 10 10 200405
113 326 12 12 259529
112 325 14 14 326565
111 324 16 16 404794
110 323 18 18 508125
117 330 4 4 71955
116 329 6 6 108293
115 328 8 8 159383
114 327 10 10 214217
113 326 12 12 279639
112 325 14 14 358209
111 324 16 16 441680
110 323 18 18 536673
117 330 4 4 71188
116 329 6 6 109905
115 328 8 8 153753
114 327 10 10 207429
113 326 12 12 267368
112 325 14 14 340711
111 324 16 16 423613
110 323 18 18 517906
117 330 4 4 70048
116 329 6 6 105621
115 328 8 8 147600
114 327 10 10 195699
113 326 12 12 255733
112 325 14 14 326950
111 324 16 16 407574
110 323 18 18 500079
117 330 4 4 64258
116 329 6 6 97677
115 328 8 8 136055
114 327 10 10 191190
113 326 12 12 258042
112 325 14 14 334041
111 324 16 16 416899
110 323 18 18 518754
117 330 4 4 71713
116 329 6 6 111768
115 328 8 8 151633
114 327 10 10 201370
113 326 12 12 259718
112 325 14 14 329503
111 324 16 16 412016
110 323 18 18 508184
117 330 4 4 78681
116 329 6 6 111968
115 328 8 8 153677
114 327 10 10 210183
113 326 12 12 276910
112 325 14 14 349615
111 324 16 16 433362
110 323 18 18 526085
117 330 4 4 66305
116 329 6 6 100926
115 328 8 8 144872
114 327 10 10 196089
113 326 12 12 258877
112 325 14 14 326635
111 324 16 16 410384
110 323 18 18 510575
117 330 4 4 72237
116 329 6 6 107961
115 328 8 8 149911
114 327 10 10 201072
113 326 12 12 259545
112 325 14 14 334271
111 324 16 16 416076
110 323 18 18 512150
117 330 4 4 68346
116 329 6 6 107077
115 328 8 8 149950
114 327 10 10 197387
113 326 12 12 254904
112 325 14 14 330461
111 324 16 16 416585
110 323 18 18 512632
117 330 4 4 63814
116 329 6 6 99856
115 328 8 8 149737
114 327 10 10 205969
113 326 12 12 265360
112 325 14 14 349060
111 324 16 16 442510
110 323 18 18 542713
117 330 4 4 76122
116 329 6 6 116480
115 328 8 8 161978
114 327 10 10 218490
113 326 12 12 286955
112 325 14 14 360992
111 324 16 16 446080
110 323 18 18 537099
117 330 4 4 69813
116 329 6 6 108180
115 328 8 8 153584
114 327 10 10 209084
113 326 12 12 268518
112 325 14 14 347425
111 324 16 16 428013
110 323 18 18 531521
117 330 4 4 73142
116 329 6 6 111317
115 328 8 8 156638
114 327 10 10 213119
113 326 12 12 278093
112 325 14 14 354867
111 324 16 16 435014
110 323 18 18 533570
117 330 4 4 73993
116 329 6 6 114957
115 328 8 8 157874
114 327 10 10 214348
113 326 12 12 281258
112 325 14 14 360954
111 324 16 16 451715
110 323 18 18 546162
117 330 4 4 72775
116 329 6 6 110191
115 328 8 8 149760
114 327 10 10 197368
113 326 12 12 257850
112 325 14 14 322010
111 324 16 16 406391
110 323 18 18 503872
117 330 4 4 67358
116 329 6 6 109981
115 328 8 8 151151
114 327 10 10 203580
113 326 12 12 267445
112 325 14 14 340256
111 324 16 16 417800
110 323 18 18 519652
117 330 4 4 64430
116 329 6 6 106393
115 328 8 8 147475
114 327 10 10 200554
113 326 12 12 267651
112 325 14 14 348508
111 324 16 16 438011
110 323 18 18 535097
117 330 4 4 70896
116 329 6 6 108662
115 328 8 8 152974
114 327 10 10 207587
113 326 12 12 277251
112 325 14 14 358313
111 324 16 16 452146
110 323 18 18 557028
117 330 4 4 56040
116 329 6 6 93700
115 328 8 8 136949
114 327 10 10 191545
113 326 12 12 255394
112 325 14 14 332152
111 324 16 16 423420
110 323 18 18 523628
117 330 4 4 58014
116 329 6 6 98031
115 328 8 8 148593
114 327 10 10 207433
113 326 12 12 275769
112 325 14 14 363230
111 324 16 16 459327
110 323 18 18 558085
117 330 4 4 66783
116 329 6 6 102240
115 328 8 8 143361
114 327 10 10 201196
113 326 12 12 259731
112 325 14 14 336033
111 324 16 16 423923
110 323 18 18 522539
117 330 4 4 69316
116 329 6 6 106400
115 328 8 8 148421
114 327 10 10 199944
113 326 12 12 271413
112 325 14 14 343421
111 324 16 16 426545
110 323 18 18 524965
117 330 4 4 63859
116 329 6 6 101426
115 328 8 8 150586
114 327 10 10 202981
113 326 12 12 263276
112 325 14 14 332060
111 324 16 16 413187
110 323 18 18 504742
117 330 4 4 70740
116 329 6 6 103024
115 328 8 8 144763
114 327 10 10 197319
113 326 12 12 269658
112 325 14 14 341350
111 324 16 16 421881
110 323 18 18 509714
117 330 4 4 77153
116 329 6 6 114658
115 328 8 8 154082
114 327 10 10 211388
113 326 12 12 270922
112 325 14 14 346342
111 324 16 16 435825
110 323 18 18 530823
117 330 4 4 68341
116 329 6 6 104034
115 328 8 8 143013
114 327 10 10 197830
113 326 12 12 262325
112 325 14 14 338917
111 324 16 16 416539
110 323 18 18 512808
117 330 4 4 69235
116 329 6 6 102176
115 328 8 8 138575
114 327 10 10 193527
113 326 12 12 261240
112 325 14 14 335439
111 324 16 16 415174
110 323 18 18 518462
117 330 4 4 67426
116 329 6 6 103542
115 328 8 8 145262
114 327 10 10 200216
113 326 12 12 260916
112 325 14 14 337034
111 324 16 16 418204
110 323 18 18 507352
117 330 4 4 67671
116 329 6 6 108661
115 328 8 8 146717
114 327 10 10 196133
113 326 12 12 259081
112 325 14 14 326576
111 324 16 16 410342
110 323 18 18 513577
117 330 4 4 69366
116 329 6 6 102088
115 328 8 8 143198
114 327 10 10 190368
113 326 12 12 256038
112 325 14 14 330254
111 324 16 16 420506
110 323 18 18 509724
117 330 4 4 73479
116 329 6 6 108636
115 328 8 8 150253
114 327 10 10 203540
113 326 12 12 263450
112 325 14 14 333605
111 324 16 16 418256
110 323 18 18 510680
117 330 4 4 74283
116 329 6 6 109132
115 328 8 8 150151
114 327 10 10 204092
113 326 12 12 264728
112 325 14 14 335012
111 324 16 16 418474
110 323 18 18 510964
117 330 4 4 62587
116 329 6 6 106637
115 328 8 8 151743
114 327 10 10 199156
113 326 12 12 258429
112 325 14 14 331140
111 324 16 16 419603
110 323 18 18 513203
117 330 4 4 68946
116 329 6 6 107038
115 328 8 8 144784
114 327 10 10 194465
113 326 12 12 252397
112 325 14 14 325150
111 324 16 16 409681
110 323 18 18 501393
117 330 4 4 71926
116 329 6 6 112300
115 328 8 8 153042
114 327 10 10 202100
113 326 12 12 263752
112 325 14 14 330978
111 324 16 16 410298
110 323 18 18 492665
117 330 4 4 68830
116 329 6 6 106353
115 328 8 8 146957
114 327 10 10 195885
113 326 12 12 254867
112 325 14 14 322413
111 324 16 16 403885
110 323 18 18 498107
117 330 4 4 72750
116 329 6 6 110270
115 328 8 8 150257
114 327 10 10 199572
113 326 12 12 257327
112 325 14 14 333667
111 324 16 16 406536
110 323 18 18 495565
117 330 4 4 66765
116 329 6 6 101492
115 328 8 8 147752
114 327 10 10 199440
113 326 12 12 265549
112 325 14 14 337793
111 324 16 16 417960
110 323 18 18 511429
117 330 4 4 72074
116 329 6 6 110018
115 328 8 8 151412
114 327 10 10 205261
113 326 12 12 267767
112 325 14 14 337747
111 324 16 16 420271
110 323 18 18 513554
117 330 4 4 67829
116 329 6 6 101927
115 328 8 8 147679
114 327 10 10 197140
113 326 12 12 259994
112 325 14 14 334052
111 324 16 16 407218
110 323 18 18 500514
117 330 4 4 65853
116 329 6 6 105993
115 328 8 8 149709
114 327 10 10 194055
113 326 12 12 255106
112 325 14 14 323612
111 324 16 16 407226
110 323 18 18 493496
117 330 4 4 74820
116 329 6 6 105224
115 328 8 8 148189
114 327 10 10 198409
113 326 12 12 257140
112 325 14 14 328063
111 324 16 16 409127
110 323 18 18 496401
117 330 4 4 71618
116 329 6 6 106425
115 328 8 8 147297
114 327 10 10 196950
113 326 12 12 261079
112 325 14 14 327476
111 324 16 16 409699
110 323 18 18 493181
117 330 4 4 69768
116 329 6 6 109013
115 328 8 8 154054
114 327 10 10 206111
113 326 12 12 262273
112 325 14 14 333583
111 324 16 16 408680
110 323 18 18 497590
117 330 4 4 68017
116 329 6 6 107310
115 328 8 8 143677
114 327 10 10 198625
113 326 12 12 259170
112 325 14 14 325712
111 324 16 16 403874
110 323 18 18 486409
117 330 4 4 70954
116 329 6 6 110777
115 328 8 8 152297
114 327 10 10 197132
113 326 12 12 255008
112 325 14 14 327675
111 324 16 16 410850
110 323 18 18 509766
117 330 4 4 66988
116 329 6 6 102655
115 328 8 8 140671
114 327 10 10 186283
113 326 12 12 252504
112 325 14 14 320990
111 324 16 16 400011
110 323 18 18 495366
117 330 4 4 66129
116 329 6 6 102919
115 328 8 8 142286
114 327 10 10 194191
113 326 12 12 258801
112 325 14 14 328919
111 324 16 16 413176
110 323 18 18 496468
117 330 4 4 67378
116 329 6 6 104867
115 328 8 8 142439
114 327 10 10 188524
113 326 12 12 254740
112 325 14 14 334383
111 324 16 16 408340
110 323 18 18 502431
117 330 4 4 70146
116 329 6 6 102087
115 328 8 8 146829
114 327 10 10 198517
113 326 12 12 257612
112 325 14 14 327187
111 324 16 16 400613
110 323 18 18 489393
117 330 4 4 66152
116 329 6 6 105484
115 328 8 8 150892
114 327 10 10 202190
113 326 12 12 269414
112 325 14 14 339621
111 324 16 16 430354
110 323 18 18 514195
117 330 4 4 75696
116 329 6 6 111513
115 328 8 8 153099
114 327 10 10 206116
113 326 12 12 268956
112 325 14 14 342371
111 324 16 16 425436
110 323 18 18 519267
117 330 4 4 71059
116 329 6 6 106913
115 328 8 8 150880
114 327 10 10 200401
113 326 12 12 262365
112 325 14 14 335587
111 324 16 16 415747
110 323 18 18 506287
117 330 4 4 69964
116 329 6 6 111599
115 328 8 8 152355
114 327 10 10 207491
113 326 12 12 260486
112 325 14 14 325826
111 324 16 16 407636
110 323 18 18 509541
117 330 4 4 67167
116 329 6 6 100145
115 328 8 8 135286
114 327 10 10 185810
113 326 12 12 249214
112 325 14 14 324009
111 324 16 16 406521
110 323 18 18 509929
117 330 4 4 68915
116 329 6 6 108325
115 328 8 8 149985
114 327 10 10 196941
113 326 12 12 255815
112 325 14 14 330613
111 324 16 16 412423
110 323 18 18 503716
117 330 4 4 66246
116 329 6 6 102487
115 328 8 8 141249
114 327 10 10 193473
113 326 12 12 253284
112 325 14 14 326304
111 324 16 16 404463
110 323 18 18 494905
117 330 4 4 72131
116 329 6 6 109550
115 328 8 8 152324
114 327 10 10 204618
113 326 12 12 264402
112 325 14 14 336222
111 324 16 16 413243
110 323 18 18 503550
117 330 4 4 70325
116 329 6 6 105554
115 328 8 8 143521
114 327 10 10 188831
113 326 12 12 250412
112 325 14 14 324502
111 324 16 16 410995
110 323 18 18 507187
117 330 4 4 77169
116 329 6 6 115969
115 328 8 8 160934
114 327 10 10 215236
113 326 12 12 274570
112 325 14 14 343038
111 324 16 16 428271
110 323 18 18 515722
117 330 4 4 68194
116 329 6 6 104616
115 328 8 8 146021
114 327 10 10 190754
113 326 12 12 251148
112 325 14 14 320095
111 324 16 16 401817
110 323 18 18 486485
117 330 4 4 75472
116 329 6 6 112291
115 328 8 8 150463
114 327 10 10 202437
113 326 12 12 264010
112 325 14 14 334930
111 324 16 16 413455
110 323 18 18 513007
117 330 4 4 73011
116 329 6 6 108999
115 328 8 8 150769
114 327 10 10 199559
113 326 12 12 261975
112 325 14 14 329835
111 324 16 16 413186
110 323 18 18 495759
117 330 4 4 60798
116 329 6 6 94810
115 328 8 8 137870
114 327 10 10 194229
113 326 12 12 257851
112 325 14 14 334974
111 324 16 16 414872
110 323 18 18 511905
117 330 4 4 67192
116 329 6 6 105707
115 328 8 8 143114
114 327 10 10 195746
113 326 12 12 255965
112 325 14 14 331618
111 324 16 16 410832
110 323 18 18 500070
117 330 4 4 71555
116 329 6 6 104908
115 328 8 8 144151
114 327 10 10 194536
113 326 12 12 255892
112 325 14 14 324279
111 324 16 16 404548
110 323 18 18 492953
117 330 4 4 64568
116 329 6 6 100310
115 328 8 8 142407
114 327 10 10 193057
113 326 12 12 257251
112 325 14 14 319937
111 324 16 16 405003
110 323 18 18 500024
117 330 4 4 69053
116 329 6 6 109967
115 328 8 8 151468
114 327 10 10 211089
113 326 12 12 275391
112 325 14 14 343872
111 324 16 16 421679
110 323 18 18 512874
117 330 4 4 68702
116 329 6 6 103816
115 328 8 8 146383
114 327 10 10 201992
113 326 12 12 264581
112 325 14 14 335219
111 324 16 16 414087
110 323 18 18 509218
117 330 4 4 71099
116 329 6 6 109853
115 328 8 8 155132
114 327 10 10 208024
113 326 12 12 270849
112 325 14 14 339698
111 324 16 16 420732
110 323 18 18 516424
117 330 4 4 65826
116 329 6 6 101868
115 328 8 8 137596
114 327 10 10 187197
113 326 12 12 245901
112 325 14 14 320763
111 324 16 16 408572
110 323 18 18 493486
117 330 4 4 74629
116 329 6 6 107955
115 328 8 8 154367
114 327 10 10 202336
113 326 12 12 262638
112 325 14 14 332021
111 324 16 16 403290
110 323 18 18 495032
117 330 4 4 69900
116 329 6 6 103337
115 328 8 8 138647
114 327 10 10 189239
113 326 12 12 250554
112 325 14 14 335167
111 324 16 16 417509
110 323 18 18 510139
117 330 4 4 66293
116 329 6 6 99267
115 328 8 8 135261
114 327 10 10 184754
113 326 12 12 244381
112 325 14 14 312433
111 324 16 16 393920
110 323 18 18 487175
117 330 4 4 75533
116 329 6 6 111160
115 328 8 8 156082
114 327 10 10 201891
113 326 12 12 254419
112 325 14 14 314918
111 324 16 16 394453
110 323 18 18 481561
117 330 4 4 71413
116 329 6 6 106957
115 328 8 8 148655
114 327 10 10 199117
113 326 12 12 261382
112 325 14 14 334240
111 324 16 16 421610
110 323 18 18 516580
117 330 4 4 61569
116 329 6 6 99851
115 328 8 8 140638
114 327 10 10 188433
113 326 12 12 255437
112 325 14 14 335154
111 324 16 16 417914
110 323 18 18 506909
117 330 4 4 71470
116 329 6 6 106731
115 328 8 8 151056
114 327 10 10 195508
113 326 12 12 257255
112 325 14 14 323351
111 324 16 16 404741
110 323 18 18 489664
117 330 4 4 64816
116 329 6 6 100824
115 328 8 8 145792
114 327 10 10 190193
113 326 12 12 244559
112 325 14 14 313207
111 324 16 16 389553
110 323 18 18 475698
117 330 4 4 68803
116 329 6 6 102157
115 328 8 8 140406
114 327 10 10 194235
113 326 12 12 250557
112 325 14 14 326235
111 324 16 16 414970
110 323 18 18 507519
117 330 4 4 72557
116 329 6 6 106195
115 328 8 8 145289
114 327 10 10 190844
113 326 12 12 249398
112 325 14 14 329194
111 324 16 16 408245
110 323 18 18 497246
117 330 4 4 71213
116 329 6 6 106766
115 328 8 8 146829
114 327 10 10 197798
113 326 12 12 251444
112 325 14 14 316547
111 324 16 16 394823
110 323 18 18 488021
117 330 4 4 68066
116 329 6 6 103368
115 328 8 8 149810
114 327 10 10 201720
113 326 12 12 260694
112 325 14 14 322715
111 324 16 16 411375
110 323 18 18 493874
117 330 4 4 69149
116 329 6 6 105477
115 328 8 8 147980
114 327 10 10 200492
113 326 12 12 257703
112 325 14 14 324555
111 324 16 16 400504
110 323 18 18 487405
117 330 4 4 64556
116 329 6 6 105773
115 328 8 8 150070
114 327 10 10 194615
113 326 12 12 259141
112 325 14 14 329912
111 324 16 16 410974
110 323 18 18 499927
117 330 4 4 79004
116 329 6 6 111596
115 328 8 8 149604
114 327 10 10 196644
113 326 12 12 258876
112 325 14 14 326572
111 324 16 16 404835
110 323 18 18 496701
117 330 4 4 65674
116 329 6 6 101913
115 328 8 8 143071
114 327 10 10 195990
113 326 12 12 258873
112 325 14 14 332075
111 324 16 16 420300
110 323 18 18 511881
117 330 4 4 67328
116 329 6 6 106103
115 328 8 8 152560
114 327 10 10 204321
113 326 12 12 260804
112 325 14 14 329672
111 324 16 16 402464
110 323 18 18 493905
117 330 4 4 62354
116 329 6 6 101267
115 328 8 8 139965
114 327 10 10 188325
113 326 12 12 247530
112 325 14 14 310844
111 324 16 16 390341
110 323 18 18 481508
117 330 4 4 67894
116 329 6 6 102698
115 328 8 8 148575
114 327 10 10 196342
113 326 12 12 258757
112 325 14 14 327426
111 324 16 16 411609
110 323 18 18 496215
117 330 4 4 66548
116 329 6 6 102103
115 328 8 8 144522
114 327 10 10 193584
113 326 12 12 258781
112 325 14 14 331214
111 324 16 16 407599
110 323 18 18 500638
117 330 4 4 68350
116 329 6 6 105266
115 328 8 8 146941
114 327 10 10 193940
113 326 12 12 255160
112 325 14 14 329867
111 324 16 16 409738
110 323 18 18 502428
117 330 4 4 68006
116 329 6 6 100133
115 328 8 8 146698
114 327 10 10 203009
113 326 12 12 267133
112 325 14 14 342012
111 324 16 16 418546
110 323 18 18 517933
117 330 4 4 66490
116 329 6 6 101491
115 328 8 8 144554
114 327 10 10 196270
113 326 12 12 258422
112 325 14 14 332050
111 324 16 16 412417
110 323 18 18 508513
117 330 4 4 69494
116 329 6 6 102140
115 328 8 8 145733
114 327 10 10 194005
113 326 12 12 254613
112 325 14 14 323864
111 324 16 16 398582
110 323 18 18 501123
117 330 4 4 70857
116 329 6 6 108132
115 328 8 8 144852
114 327 10 10 192266
113 326 12 12 250752
112 325 14 14 319705
111 324 16 16 402553
110 323 18 18 496842
117 330 4 4 73650
116 329 6 6 109949
115 328 8 8 149880
114 327 10 10 202388
113 326 12 12 265901
112 325 14 14 342090
111 324 16 16 420239
110 323 18 18 509430
117 330 4 4 73149
116 329 6 6 112466
115 328 8 8 150870
114 327 10 10 204327
113 326 12 12 266087
112 325 14 14 344038
111 324 16 16 433503
110 323 18 18 538703
117 330 4 4 69066
116 329 6 6 106280
115 328 8 8 148554
114 327 10 10 202702
113 326 12 12 268289
112 325 14 14 343424
111 324 16 16 427557
110 323 18 18 527417
117 330 4 4 69022
116 329 6 6 102924
115 328 8 8 146500
114 327 10 10 199209
113 326 12 12 263557
112 325 14 14 327129
111 324 16 16 403036
110 323 18 18 497752
117 330 4 4 68244
116 329 6 6 102969
115 328 8 8 146016
114 327 10 10 195909
113 326 12 12 258412
112 325 14 14 327374
111 324 16 16 409450
110 323 18 18 503348
117 330 4 4 68229
116 329 6 6 99774
115 328 8 8 140431
114 327 10 10 199968
113 326 12 12 261991
112 325 14 14 333419
111 324 16 16 415404
110 323 18 18 516912
117 330 4 4 67026
116 329 6 6 100345
115 328 8 8 138968
114 327 10 10 189634
113 326 12 12 250610
112 325 14 14 319528
111 324 16 16 403976
110 323 18 18 502350
117 330 4 4 71949
116 329 6 6 103194
115 328 8 8 145025
114 327 10 10 192377
113 326 12 12 244980
112 325 14 14 315292
111 324 16 16 399833
110 323 18 18 490402
117 330 4 4 73920
116 329 6 6 105152
115 328 8 8 145614
114 327 10 10 189691
113 326 12 12 248869
112 325 14 14 321124
111 324 16 16 404726
110 323 18 18 500399
117 330 4 4 65973
116 329 6 6 95668
115 328 8 8 132637
114 327 10 10 191316
113 326 12 12 250570
112 325 14 14 323840
111 324 16 16 405480
110 323 18 18 498388
117 330 4 4 69794
116 329 6 6 106137
115 328 8 8 148844
114 327 10 10 201480
113 326 12 12 263616
112 325 14 14 325925
111 324 16 16 411963
110 323 18 18 506503
117 330 4 4 66944
116 329 6 6 102674
115 328 8 8 142735
114 327 10 10 196152
113 326 12 12 264578
112 325 14 14 338872
111 324 16 16 417747
110 323 18 18 515746
117 330 4 4 73055
116 329 6 6 108429
115 328 8 8 143564
114 327 10 10 193419
113 326 12 12 260951
112 325 14 14 342824
111 324 16 16 423438
110 323 18 18 508817
117 330 4 4 62250
116 329 6 6 98821
115 328 8 8 134078
114 327 10 10 183899
113 326 12 12 247988
112 325 14 14 314236
111 324 16 16 400755
110 323 18 18 483326
117 330 4 4 70539
116 329 6 6 100471
115 328 8 8 142584
114 327 10 10 196557
113 326 12 12 255704
112 325 14 14 319802
111 324 16 16 406310
110 323 18 18 498503
117 330 4 4 70472
116 329 6 6 109381
115 328 8 8 152065
114 327 10 10 203024
113 326 12 12 265366
112 325 14 14 344359
111 324 16 16 425537
110 323 18 18 525937
117 330 4 4 70416
116 329 6 6 106257
115 328 8 8 146005
114 327 10 10 193840
113 326 12 12 260678
112 325 14 14 332651
111 324 16 16 415195
110 323 18 18 510070
117 330 4 4 73669
116 329 6 6 112143
115 328 8 8 152654
114 327 10 10 200558
113 326 12 12 259690
112 325 14 14 326519
111 324 16 16 405127
110 323 18 18 496447
117 330 4 4 69508
116 329 6 6 102968
115 328 8 8 142943
114 327 10 10 187548
113 326 12 12 255283
112 325 14 14 324199
111 324 16 16 400429
110 323 18 18 496260
117 330 4 4 63974
116 329 6 6 101423
115 328 8 8 141608
114 327 10 10 190868
113 326 12 12 250600
112 325 14 14 325925
111 324 16 16 400957
110 323 18 18 491269
117 330 4 4 70150
116 329 6 6 109221
115 328 8 8 153600
114 327 10 10 196060
113 326 12 12 258393
112 325 14 14 334013
111 324 16 16 410558
110 323 18 18 505200
117 330 4 4 64360
116 329 6 6 94934
115 328 8 8 139053
114 327 10 10 191047
113 326 12 12 248296
112 325 14 14 323459
111 324 16 16 408389
110 323 18 18 512134
117 330 4 4 71912
116 329 6 6 112844
115 328 8 8 151312
114 327 10 10 204004
113 326 12 12 263205
112 325 14 14 333869
111 324 16 16 419248
110 323 18 18 507696
117 330 4 4 63960
116 329 6 6 101752
115 328 8 8 145591
114 327 10 10 201753
113 326 12 12 266041
112 325 14 14 326533
111 324 16 16 407875
110 323 18 18 500684
117 330 4 4 74744
116 329 6 6 107775
115 328 8 8 149922
114 327 10 10 198110
113 326 12 12 262341
112 325 14 14 339853
111 324 16 16 424350
110 323 18 18 505638
117 330 4 4 66939
116 329 6 6 101687
115 328 8 8 142174
114 327 10 10 197303
113 326 12 12 257341
112 325 14 14 330735
111 324 16 16 412262
110 323 18 18 502010
117 330 4 4 71849
116 329 6 6 101619
115 328 8 8 144035
114 327 10 10 198421
113 326 12 12 259184
112 325 14 14 326222
111 324 16 16 410419
110 323 18 18 511945
117 330 4 4 68498
116 329 6 6 105094
115 328 8 8 145109
114 327 10 10 197769
113 326 12 12 254404
112 325 14 14 320969
111 324 16 16 398478
110 323 18 18 485430
117 330 4 4 63740
116 329 6 6 98562
115 328 8 8 145705
114 327 10 10 189142
113 326 12 12 259753
112 325 14 14 324144
111 324 16 16 400111
110 323 18 18 494314
117 330 4 4 70741
116 329 6 6 103671
115 328 8 8 144152
114 327 10 10 197888
113 326 12 12 255571
112 325 14 14 325396
111 324 16 16 394859
110 323 18 18 479410
117 330 4 4 70862
116 329 6 6 105576
115 328 8 8 148899
114 327 10 10 199635
113 326 12 12 257738
112 325 14 14 325848
111 324 16 16 406217
110 323 18 18 503771
117 330 4 4 66796
116 329 6 6 104769
115 328 8 8 145413
114 327 10 10 195445
113 326 12 12 257244
112 325 14 14 324153
111 324 16 16 404083
110 323 18 18 491106
117 330 4 4 73416
116 329 6 6 108921
115 328 8 8 147039
114 327 10 10 195713
113 326 12 12 254818
112 325 14 14 330995
111 324 16 16 408250
110 323 18 18 505382
117 330 4 4 73769
116 329 6 6 109157
115 328 8 8 150389
114 327 10 10 201170
113 326 12 12 261820
112 325 14 14 331504
111 324 16 16 413957
110 323 18 18 511114
117 330 4 4 65352
116 329 6 6 101697
115 328 8 8 147100
114 327 10 10 190205
113 326 12 12 252775
112 325 14 14 324260
111 324 16 16 404414
110 323 18 18 500919
117 330 4 4 72042
116 329 6 6 112292
115 328 8 8 160132
114 327 10 10 212263
113 326 12 12 273955
112 325 14 14 342519
111 324 16 16 426240
110 323 18 18 517444
117 330 4 4 71717
116 329 6 6 107923
115 328 8 8 149402
114 327 10 10 199755
113 326 12 12 260880
112 325 14 14 327668
111 324 16 16 410638
110 323 18 18 501152
117 330 4 4 71881
116 329 6 6 106029
115 328 8 8 150717
114 327 10 10 201577
113 326 12 12 260126
112 325 14 14 332465
111 324 16 16 418309
110 323 18 18 506339
117 330 4 4 70861
116 329 6 6 108606
115 328 8 8 144877
114 327 10 10 196921
113 326 12 12 261687
112 325 14 14 334865
111 324 16 16 414459
110 323 18 18 519608
117 330 4 4 70493
116 329 6 6 106877
115 328 8 8 146757
114 327 10 10 196337
113 326 12 12 253905
112 325 14 14 322630
111 324 16 16 392589
110 323 18 18 482130
117 330 4 4 69477
116 329 6 6 102534
115 328 8 8 144368
114 327 10 10 190644
113 326 12 12 257060
112 325 14 14 324983
111 324 16 16 404909
110 323 18 18 495120
117 330 4 4 68958
116 329 6 6 107994
115 328 8 8 149583
114 327 10 10 202768
113 326 12 12 260698
112 325 14 14 330836
111 324 16 16 414780
110 323 18 18 503853
117 330 4 4 69954
116 329 6 6 104681
115 328 8 8 146037
114 327 10 10 194882
113 326 12 12 247593
112 325 14 14 311833
111 324 16 16 389978
110 323 18 18 484074
117 330 4 4 67274
116 329 6 6 105289
115 328 8 8 152990
114 327 10 10 210061
113 326 12 12 274030
112 325 14 14 340295
111 324 16 16 424415
110 323 18 18 512415
117 330 4 4 68546
116 329 6 6 100214
115 328 8 8 136740
114 327 10 10 189267
113 326 12 12 249736
112 325 14 14 325169
111 324 16 16 412998
110 323 18 18 501999
117 330 4 4 70358
116 329 6 6 109612
115 328 8 8 152072
114 327 10 10 205695
113 326 12 12 261255
112 325 14 14 336545
111 324 16 16 414366
110 323 18 18 507956
117 330 4 4 67548
116 329 6 6 104167
115 328 8 8 140214
114 327 10 10 188949
113 326 12 12 241141
112 325 14 14 313816
111 324 16 16 397231
110 323 18 18 488847
117 330 4 4 65924
116 329 6 6 100813
115 328 8 8 144810
114 327 10 10 195401
113 326 12 12 251421
112 325 14 14 319657
111 324 16 16 397461
110 323 18 18 487069
117 330 4 4 73792
116 329 6 6 103952
115 328 8 8 145696
114 327 10 10 194620
113 326 12 12 252394
112 325 14 14 331082
111 324 16 16 414725
110 323 18 18 499067
117 330 4 4 64914
116 329 6 6 96145
115 328 8 8 134503
114 327 10 10 183033
113 326 12 12 243649
112 325 14 14 325116
111 324 16 16 403594
110 323 18 18 492937
117 330 4 4 70078
116 329 6 6 103929
115 328 8 8 144381
114 327 10 10 198213
113 326 12 12 256174
112 325 14 14 326346
111 324 16 16 410154
110 323 18 18 511926
117 330 4 4 69567
116 329 6 6 100413
115 328 8 8 142528
114 327 10 10 202902
113 326 12 12 260365
112 325 14 14 327457
111 324 16 16 416988
110 323 18 18 506473
117 330 4 4 66705
116 329 6 6 99631
115 328 8 8 140734
114 327 10 10 191341
113 326 12 12 252876
112 325 14 14 329273
111 324 16 16 413247
110 323 18 18 505743
117 330 4 4 66444
116 329 6 6 102650
115 328 8 8 143552
114 327 10 10 199070
113 326 12 12 255706
112 325 14 14 332766
111 324 16 16 415312
110 323 18 18 502828
117 330 4 4 68556
116 329 6 6 98441
115 328 8 8 141943
114 327 10 10 195117
113 326 12 12 256757
112 325 14 14 331581
111 324 16 16 414744
110 323 18 18 508731
117 330 4 4 67864
116 329 6 6 103724
115 328 8 8 148413
114 327 10 10 194738
113 326 12 12 260878
112 325 14 14 325062
111 324 16 16 407651
110 323 18 18 493624
117 330 4 4 67724
116 329 6 6 100567
115 328 8 8 140760
114 327 10 10 190345
113 326 12 12 253371
112 325 14 14 321741
111 324 16 16 404877
110 323 18 18 507283
117 330 4 4 68912
116 329 6 6 105734
115 328 8 8 143510
114 327 10 10 192348
113 326 12 12 256485
112 325 14 14 330739
111 324 16 16 418746
110 323 18 18 510649
117 330 4 4 68583
116 329 6 6 96532
115 328 8 8 137950
114 327 10 10 187071
113 326 12 12 256556
112 325 14 14 331951
111 324 16 16 415206
110 323 18 18 502639
117 330 4 4 67105
116 329 6 6 104070
115 328 8 8 143512
114 327 10 10 193191
113 326 12 12 254563
112 325 14 14 321415
111 324 16 16 404328
110 323 18 18 504960
117 330 4 4 66978
116 329 6 6 104004
115 328 8 8 143982
114 327 10 10 191282
113 326 12 12 261743
112 325 14 14 336897
111 324 16 16 417459
110 323 18 18 512721
117 330 4 4 70996
116 329 6 6 109664
115 328 8 8 150724
114 327 10 10 199562
113 326 12 12 254411
112 325 14 14 322568
111 324 16 16 401641
110 323 18 18 498072
117 330 4 4 61092
116 329 6 6 95445
115 328 8 8 140236
114 327 10 10 188047
113 326 12 12 249218
112 325 14 14 321900
111 324 16 16 401009
110 323 18 18 499254
117 330 4 4 62171
116 329 6 6 98126
115 328 8 8 143636
114 327 10 10 201304
113 326 12 12 256147
112 325 14 14 326800
111 324 16 16 410824
110 323 18 18 505511
117 330 4 4 67666
116 329 6 6 114532
115 328 8 8 156474
114 327 10 10 205839
113 326 12 12 270613
112 325 14 14 342969
111 324 16 16 419603
110 323 18 18 519807
117 330 4 4 72759
116 329 6 6 108605
115 328 8 8 149459
114 327 10 10 199549
113 326 12 12 259872
112 325 14 14 330685
111 324 16 16 406340
110 323 18 18 494604
117 330 4 4 73142
116 329 6 6 108790
115 328 8 8 143309
114 327 10 10 191049
113 326 12 12 251926
112 325 14 14 318193
111 324 16 16 390264
110 323 18 18 486012
117 330 4 4 64673
116 329 6 6 100329
115 328 8 8 141988
114 327 10 10 190713
113 326 12 12 251759
112 325 14 14 326449
111 324 16 16 411288
110 323 18 18 499392
117 330 4 4 71839
116 329 6 6 104198
115 328 8 8 152022
114 327 10 10 203703
113 326 12 12 266323
112 325 14 14 330760
111 324 16 16 413088
110 323 18 18 509235
117 330 4 4 72626
116 329 6 6 106355
115 328 8 8 149351
114 327 10 10 198775
113 326 12 12 252389
112 325 14 14 324387
111 324 16 16 400162
110 323 18 18 493021
117 330 4 4 65028
116 329 6 6 100271
115 328 8 8 131682
114 327 10 10 181811
113 326 12 12 242574
112 325 14 14 318301
111 324 16 16 400027
110 323 18 18 484015
117 330 4 4 66429
116 329 6 6 104723
115 328 8 8 148749
114 327 10 10 205968
113 326 12 12 266886
112 325 14 14 338938
111 324 16 16 415031
110 323 18 18 509367
117 330 4 4 66504
116 329 6 6 102327
115 328 8 8 143035
114 327 10 10 199345
113 326 12 12 264004
112 325 14 14 330461
111 324 16 16 404342
110 323 18 18 489730
117 330 4 4 65057
116 329 6 6 100953
115 328 8 8 141960
114 327 10 10 197228
113 326 12 12 258739
112 325 14 14 328920
111 324 16 16 407256
110 323 18 18 496667
117 330 4 4 62798
116 329 6 6 97659
115 328 8 8 140133
114 327 10 10 187634
113 326 12 12 253044
112 325 14 14 327439
111 324 16 16 404330
110 323 18 18 491197
117 330 4 4 64690
116 329 6 6 101841
115 328 8 8 142272
114 327 10 10 189979
113 326 12 12 248475
112 325 14 14 323594
111 324 16 16 403710
110 323 18 18 489952
117 330 4 4 69316
116 329 6 6 101154
115 328 8 8 137220
114 327 10 10 188983
113 326 12 12 249060
112 325 14 14 323334
111 324 16 16 407677
110 323 18 18 501684
117 330 4 4 67112
116 329 6 6 103916
115 328 8 8 137088
114 327 10 10 184584
113 326 12 12 247527
112 325 14 14 324107
111 324 16 16 408202
110 323 18 18 499087
117 330 4 4 66299
116 329 6 6 103420
115 328 8 8 145123
114 327 10 10 192364
113 326 12 12 243791
112 325 14 14 311894
111 324 16 16 382607
110 323 18 18 464834
117 330 4 4 61830
116 329 6 6 93922
115 328 8 8 139281
114 327 10 10 188761
113 326 12 12 245701
112 325 14 14 315842
111 324 16 16 395447
110 323 18 18 493039
117 330 4 4 70068
116 329 6 6 109284
115 328 8 8 161365
114 327 10 10 208855
113 326 12 12 268141
112 325 14 14 331026
111 324 16 16 409515
110 323 18 18 502626
117 330 4 4 63983
116 329 6 6 100402
115 328 8 8 141309
114 327 10 10 192985
113 326 12 12 250368
112 325 14 14 318079
111 324 16 16 394950
110 323 18 18 489035
117 330 4 4 77341
116 329 6 6 112504
115 328 8 8 153643
114 327 10 10 206636
113 326 12 12 269169
112 325 14 14 340465
111 324 16 16 419739
110 323 18 18 516614
117 330 4 4 69573
116 329 6 6 100442
115 328 8 8 138370
114 327 10 10 185238
113 326 12 12 242238
112 325 14 14 311687
111 324 16 16 385145
110 323 18 18 475490
117 330 4 4 67505
116 329 6 6 97448
115 328 8 8 141441
114 327 10 10 184288
113 326 12 12 246332
112 325 14 14 312422
111 324 16 16 389156
110 323 18 18 478626
117 330 4 4 73694
116 329 6 6 111693
115 328 8 8 153824
114 327 10 10 203826
113 326 12 12 263751
112 325 14 14 333060
111 324 16 16 415215
110 323 18 18 511092
117 330 4 4 64225
116 329 6 6 102411
115 328 8 8 138877
114 327 10 10 191386
113 326 12 12 248709
112 325 14 14 313985
111 324 16 16 398359
110 323 18 18 487997
117 330 4 4 66700
116 329 6 6 99589
115 328 8 8 137907
114 327 10 10 185372
113 326 12 12 244285
112 325 14 14 312549
111 324 16 16 390272
110 323 18 18 486400
117 330 4 4 77987
116 329 6 6 115827
115 328 8 8 154691
114 327 10 10 203698
113 326 12 12 266391
112 325 14 14 340714
111 324 16 16 428978
110 323 18 18 519326
117 330 4 4 63380
116 329 6 6 95235
115 328 8 8 141173
114 327 10 10 188024
113 326 12 12 246491
112 325 14 14 328510
111 324 16 16 404832
110 323 18 18 490594
117 330 4 4 63088
116 329 6 6 96444
115 328 8 8 135294
114 327 10 10 183988
113 326 12 12 244125
112 325 14 14 309279
111 324 16 16 385144
110 323 18 18 471905
117 330 4 4 66865
116 329 6 6 103885
115 328 8 8 146022
114 327 10 10 192990
113 326 12 12 256040
112 325 14 14 322263
111 324 16 16 399625
110 323 18 18 493351
117 330 4 4 67245
116 329 6 6 102186
115 328 8 8 142280
114 327 10 10 195244
113 326 12 12 256252
112 325 14 14 326944
111 324 16 16 408163
110 323 18 18 492962
117 330 4 4 62834
116 329 6 6 98910
115 328 8 8 144527
114 327 10 10 196672
113 326 12 12 254517
112 325 14 14 323842
111 324 16 16 410976
110 323 18 18 497748
117 330 4 4 69995
116 329 6 6 103118
115 328 8 8 149075
114 327 10 10 194966
113 326 12 12 257132
112 325 14 14 321376
111 324 16 16 399212
110 323 18 18 486702
117 330 4 4 71500
116 329 6 6 106939
115 328 8 8 148555
114 327 10 10 200445
113 326 12 12 257855
112 325 14 14 326915
111 324 16 16 408643
110 323 18 18 489719
117 330 4 4 69257
116 329 6 6 104035
115 328 8 8 138750
114 327 10 10 183236
113 326 12 12 248035
112 325 14 14 319514
111 324 16 16 394974
110 323 18 18 483623
117 330 4 4 65512
116 329 6 6 101459
115 328 8 8 139438
114 327 10 10 193226
113 326 12 12 252153
112 325 14 14 320176
111 324 16 16 401079
110 323 18 18 485076
117 330 4 4 70046
116 329 6 6 110004
115 328 8 8 153920
114 327 10 10 203673
113 326 12 12 256264
112 325 14 14 322393
111 324 16 16 402769
110 323 18 18 495139
117 330 4 4 60957
116 329 6 6 99648
115 328 8 8 139968
114 327 10 10 188677
113 326 12 12 242033
112 325 14 14 316586
111 324 16 16 398143
110 323 18 18 486850
117 330 4 4 64398
116 329 6 6 98726
115 328 8 8 146148
114 327 10 10 195018
113 326 12 12 252491
112 325 14 14 325988
111 324 16 16 399871
110 323 18 18 485037
117 330 4 4 71272
116 329 6 6 105926
115 328 8 8 141636
114 327 10 10 197374
113 326 12 12 259057
112 325 14 14 328420
111 324 16 16 404619
110 323 18 18 494626
117 330 4 4 66897
116 329 6 6 102215
115 328 8 8 144390
114 327 10 10 193360
113 326 12 12 259322
112 325 14 14 322540
111 324 16 16 413059
110 323 18 18 495129
117 330 4 4 70665
116 329 6 6 107300
115 328 8 8 147710
114 327 10 10 205045
113 326 12 12 262699
112 325 14 14 333256
111 324 16 16 417601
110 323 18 18 507053
117 330 4 4 68082
116 329 6 6 102515
115 328 8 8 144130
114 327 10 10 198284
113 326 12 12 256053
112 325 14 14 327903
111 324 16 16 408650
110 323 18 18 502529
117 330 4 4 66167
116 329 6 6 97961
115 328 8 8 135441
114 327 10 10 189245
113 326 12 12 243482
112 325 14 14 316115
111 324 16 16 392815
110 323 18 18 476851
117 330 4 4 70910
116 329 6 6 108922
115 328 8 8 152366
114 327 10 10 201525
113 326 12 12 257838
112 325 14 14 325545
111 324 16 16 400838
110 323 18 18 491297
117 330 4 4 71879
116 329 6 6 110441
115 328 8 8 149621
114 327 10 10 205329
113 326 12 12 263444
112 325 14 14 342808
111 324 16 16 422894
110 323 18 18 511887
117 330 4 4 67242
116 329 6 6 98724
115 328 8 8 133716
114 327 10 10 186229
113 326 12 12 244857
112 325 14 14 312254
111 324 16 16 387414
110 323 18 18 489761
117 330 4 4 64481
116 329 6 6 95160
115 328 8 8 138011
114 327 10 10 188675
113 326 12 12 248357
112 325 14 14 319158
111 324 16 16 395897
110 323 18 18 480803
117 330 4 4 67041
116 329 6 6 99717
115 328 8 8 140032
114 327 10 10 187558
113 326 12 12 249783
112 325 14 14 320685
111 324 16 16 402772
110 323 18 18 493826
117 330 4 4 69496
116 329 6 6 108647
115 328 8 8 145699
114 327 10 10 191415
113 326 12 12 248131
112 325 14 14 313748
111 324 16 16 390738
110 323 18 18 479563
117 330 4 4 68221
116 329 6 6 102386
115 328 8 8 145560
114 327 10 10 200240
113 326 12 12 259086
112 325 14 14 332156
111 324 16 16 415795
110 323 18 18 507082
117 330 4 4 66077
116 329 6 6 98240
115 328 8 8 139416
114 327 10 10 190020
113 326 12 12 250732
112 325 14 14 316568
111 324 16 16 397654
110 323 18 18 489666
117 330 4 4 70040
116 329 6 6 104004
115 328 8 8 147483
114 327 10 10 203364
113 326 12 12 265723
112 325 14 14 331499
111 324 16 16 408136
110 323 18 18 502841
117 330 4 4 67216
116 329 6 6 102837
115 328 8 8 144802
114 327 10 10 197168
113 326 12 12 250692
112 325 14 14 315052
111 324 16 16 393508
110 323 18 18 494471
117 330 4 4 66992
116 329 6 6 102956
115 328 8 8 150116
114 327 10 10 199066
113 326 12 12 257838
112 325 14 14 326918
111 324 16 16 406184
110 323 18 18 500335
117 330 4 4 63406
116 329 6 6 97659
115 328 8 8 139196
114 327 10 10 188933
113 326 12 12 251059
112 325 14 14 321957
111 324 16 16 402233
110 323 18 18 489763
117 330 4 4 63211
116 329 6 6 93594
115 328 8 8 136848
114 327 10 10 184780
113 326 12 12 247765
112 325 14 14 315291
111 324 16 16 399075
110 323 18 18 497902
117 330 4 4 63386
116 329 6 6 97614
115 328 8 8 133606
114 327 10 10 181728
113 326 12 12 241485
112 325 14 14 309241
111 324 16 16 387410
110 323 18 18 476448
117 330 4 4 68621
116 329 6 6 99249
115 328 8 8 141520
114 327 10 10 195250
113 326 12 12 259042
112 325 14 14 335770
111 324 16 16 413310
110 323 18 18 503124
117 330 4 4 64563
116 329 6 6 100309
115 328 8 8 137212
114 327 10 10 184575
113 326 12 12 243342
112 325 14 14 314207
111 324 16 16 382978
110 323 18 18 472263
117 330 4 4 66362
116 329 6 6 103619
115 328 8 8 145987
114 327 10 10 196640
113 326 12 12 260216
112 325 14 14 327091
111 324 16 16 400866
110 323 18 18 491629
117 330 4 4 65540
116 329 6 6 95349
115 328 8 8 134544
114 327 10 10 183531
113 326 12 12 242288
112 325 14 14 309142
111 324 16 16 393768
110 323 18 18 479898
117 330 4 4 66888
116 329 6 6 99251
115 328 8 8 143403
114 327 10 10 196256
113 326 12 12 253623
112 325 14 14 322708
111 324 16 16 406713
110 323 18 18 493058
117 330 4 4 66046
116 329 6 6 99687
115 328 8 8 139289
114 327 10 10 192629
113 326 12 12 250524
112 325 14 14 314041
111 324 16 16 394383
110 323 18 18 484311
117 330 4 4 67111
116 329 6 6 97792
115 328 8 8 142525
114 327 10 10 190288
113 326 12 12 247629
112 325 14 14 313041
111 324 16 16 385209
110 323 18 18 472072
117 330 4 4 73651
116 329 6 6 113182
115 328 8 8 152468
114 327 10 10 206636
113 326 12 12 269094
112 325 14 14 336463
111 324 16 16 418996
110 323 18 18 500494
117 330 4 4 62962
116 329 6 6 101065
115 328 8 8 138654
114 327 10 10 186156
113 326 12 12 241200
112 325 14 14 313787
111 324 16 16 398745
110 323 18 18 495767
117 330 4 4 65733
116 329 6 6 102746
115 328 8 8 144991
114 327 10 10 185796
113 326 12 12 244957
112 325 14 14 313127
111 324 16 16 384863
110 323 18 18 473776
117 330 4 4 62837
116 329 6 6 97764
115 328 8 8 141727
114 327 10 10 194243
113 326 12 12 251803
112 325 14 14 327096
111 324 16 16 403419
110 323 18 18 502070
117 330 4 4 65891
116 329 6 6 102590
115 328 8 8 142948
114 327 10 10 192481
113 326 12 12 251782
112 325 14 14 314264
111 324 16 16 391884
110 323 18 18 482987
117 330 4 4 65521
116 329 6 6 99018
115 328 8 8 139571
114 327 10 10 194703
113 326 12 12 253614
112 325 14 14 319257
111 324 16 16 404764
110 323 18 18 491781
117 330 4 4 65548
116 329 6 6 101331
115 328 8 8 139623
114 327 10 10 188827
113 326 12 12 246354
112 325 14 14 314686
111 324 16 16 390285
110 323 18 18 479400
117 330 4 4 68941
116 329 6 6 105014
115 328 8 8 144806
114 327 10 10 195503
113 326 12 12 258908
112 325 14 14 323304
111 324 16 16 401415
110 323 18 18 491276
117 330 4 4 68214
116 329 6 6 103078
115 328 8 8 140626
114 327 10 10 187359
113 326 12 12 245387
112 325 14 14 318641
111 324 16 16 398152
110 323 18 18 486357
117 330 4 4 65758
116 329 6 6 107225
115 328 8 8 151196
114 327 10 10 200539
113 326 12 12 252971
112 325 14 14 322965
111 324 16 16 401800
110 323 18 18 489702
117 330 4 4 66881
116 329 6 6 96261
115 328 8 8 135975
114 327 10 10 193822
113 326 12 12 258493
112 325 14 14 328388
111 324 16 16 407122
110 323 18 18 489486
117 330 4 4 73368
116 329 6 6 104850
115 328 8 8 146051
114 327 10 10 194608
113 326 12 12 255057
112 325 14 14 326550
111 324 16 16 404668
110 323 18 18 496358
117 330 4 4 69521
116 329 6 6 100889
115 328 8 8 141287
114 327 10 10 189194
113 326 12 12 251325
112 325 14 14 324349
111 324 16 16 402412
110 323 18 18 488072
117 330 4 4 65648
116 329 6 6 98901
115 328 8 8 143074
114 327 10 10 196830
113 326 12 12 255337
112 325 14 14 317435
111 324 16 16 393584
110 323 18 18 481612
117 330 4 4 65521
116 329 6 6 99826
115 328 8 8 138057
114 327 10 10 190457
113 326 12 12 245883
112 325 14 14 312320
111 324 16 16 389886
110 323 18 18 479983
117 330 4 4 74220
116 329 6 6 108083
115 328 8 8 147928
114 327 10 10 201872
113 326 12 12 260780
112 325 14 14 327579
111 324 16 16 396731
110 323 18 18 485609
117 330 4 4 69302
116 329 6 6 111236
115 328 8 8 154214
114 327 10 10 205162
113 326 12 12 267720
112 325 14 14 330235
111 324 16 16 404404
110 323 18 18 499945
117 330 4 4 57886
116 329 6 6 87668
115 328 8 8 122364
114 327 10 10 171203
113 326 12 12 231552
112 325 14 14 302971
111 324 16 16 382526
110 323 18 18 470349
117 330 4 4 70374
116 329 6 6 106725
115 328 8 8 146942
114 327 10 10 198743
113 326 12 12 253670
112 325 14 14 314849
111 324 16 16 402889
110 323 18 18 493510
117 330 4 4 68039
116 329 6 6 106325
115 328 8 8 148007
114 327 10 10 194290
113 326 12 12 247987
112 325 14 14 323649
111 324 16 16 400569
110 323 18 18 491904
117 330 4 4 64748
116 329 6 6 102292
115 328 8 8 143011
114 327 10 10 191221
113 326 12 12 251472
112 325 14 14 324678
111 324 16 16 404345
110 323 18 18 500360
117 330 4 4 69742
116 329 6 6 108012
115 328 8 8 149182
114 327 10 10 198773
113 326 12 12 260269
112 325 14 14 329247
111 324 16 16 403330
110 323 18 18 494494
117 330 4 4 74188
116 329 6 6 108739
115 328 8 8 151164
114 327 10 10 195275
113 326 12 12 254903
112 325 14 14 320566
111 324 16 16 399453
110 323 18 18 496678
117 330 4 4 60656
116 329 6 6 90133
115 328 8 8 132900
114 327 10 10 184125
113 326 12 12 241199
112 325 14 14 305063
111 324 16 16 377098
110 323 18 18 461335
117 330 4 4 71746
116 329 6 6 108173
115 328 8 8 148090
114 327 10 10 197860
113 326 12 12 250666
112 325 14 14 316847
111 324 16 16 389594
110 323 18 18 474103
117 330 4 4 66083
116 329 6 6 101336
115 328 8 8 145622
114 327 10 10 189671
113 326 12 12 251499
112 325 14 14 321485
111 324 16 16 399870
110 323 18 18 494090
117 330 4 4 67961
116 329 6 6 102641
115 328 8 8 145119
114 327 10 10 192921
113 326 12 12 258104
112 325 14 14 334178
111 324 16 16 417004
110 323 18 18 501268
117 330 4 4 66892
116 329 6 6 103509
115 328 8 8 141687
114 327 10 10 190170
113 326 12 12 250847
112 325 14 14 328607
111 324 16 16 409128
110 323 18 18 499125
117 330 4 4 63426
116 329 6 6 99280
115 328 8 8 141412
114 327 10 10 195804
113 326 12 12 262181
112 325 14 14 325387
111 324 16 16 407110
110 323 18 18 495360
