386 340 4 4 2027
385 339 6 6 4273
384 338 8 8 7865
383 337 10 10 11788
382 336 12 12 17824
381 335 14 14 24937
380 334 16 16 31935
379 333 18 18 41018
386 340 4 4 2180
385 339 6 6 4397
384 338 8 8 7621
383 337 10 10 11879
382 336 12 12 17092
381 335 14 14 22650
380 334 16 16 30094
379 333 18 18 38996
386 340 4 4 1651
385 339 6 6 3912
384 338 8 8 7331
383 337 10 10 12151
382 336 12 12 17032
381 335 14 14 24049
380 334 16 16 30609
379 333 18 18 38692
386 340 4 4 1909
385 339 6 6 4402
384 338 8 8 7875
383 337 10 10 12064
382 336 12 12 17372
381 335 14 14 23464
380 334 16 16 31212
379 333 18 18 39968
386 340 4 4 2193
385 339 6 6 4508
384 338 8 8 8027
383 337 10 10 12383
382 336 12 12 17881
381 335 14 14 24120
380 334 16 16 31731
379 333 18 18 39730
386 340 4 4 2406
385 339 6 6 4484
384 338 8 8 7625
383 337 10 10 12353
382 336 12 12 17944
381 335 14 14 24345
380 334 16 16 31094
379 333 18 18 39237
386 340 4 4 2366
385 339 6 6 5301
384 338 8 8 8947
383 337 10 10 12842
382 336 12 12 17954
381 335 14 14 23635
380 334 16 16 31150
379 333 18 18 40128
386 340 4 4 1790
385 339 6 6 4532
384 338 8 8 8623
383 337 10 10 12843
382 336 12 12 19253
381 335 14 14 25781
380 334 16 16 33840
379 333 18 18 42655
386 340 4 4 1841
385 339 6 6 4326
384 338 8 8 7842
383 337 10 10 12120
382 336 12 12 17459
381 335 14 14 24022
380 334 16 16 31701
379 333 18 18 39423
386 340 4 4 2093
385 339 6 6 4010
384 338 8 8 7136
383 337 10 10 11563
382 336 12 12 16602
381 335 14 14 22025
380 334 16 16 28261
379 333 18 18 36377
386 340 4 4 1774
385 339 6 6 4590
384 338 8 8 7544
383 337 10 10 11672
382 336 12 12 16761
381 335 14 14 23570
380 334 16 16 30319
379 333 18 18 39666
386 340 4 4 1771
385 339 6 6 4290
384 338 8 8 8269
383 337 10 10 13203
382 336 12 12 18599
381 335 14 14 24319
380 334 16 16 31004
379 333 18 18 38924
386 340 4 4 1923
385 339 6 6 4081
384 338 8 8 7300
383 337 10 10 11239
382 336 12 12 15615
381 335 14 14 21923
380 334 16 16 29414
379 333 18 18 36840
386 340 4 4 1877
385 339 6 6 4205
384 338 8 8 7384
383 337 10 10 11347
382 336 12 12 16211
381 335 14 14 23669
380 334 16 16 30689
379 333 18 18 39579
386 340 4 4 1556
385 339 6 6 3694
384 338 8 8 6571
383 337 10 10 9602
382 336 12 12 14042
381 335 14 14 20511
380 334 16 16 25937
379 333 18 18 32882
386 340 4 4 2062
385 339 6 6 4849
384 338 8 8 10064
383 337 10 10 14106
382 336 12 12 19346
381 335 14 14 25959
380 334 16 16 33310
379 333 18 18 41148
386 340 4 4 1810
385 339 6 6 4233
384 338 8 8 7174
383 337 10 10 11717
382 336 12 12 15998
381 335 14 14 22660
380 334 16 16 29569
379 333 18 18 38079
386 340 4 4 1778
385 339 6 6 4045
384 338 8 8 7983
383 337 10 10 12129
382 336 12 12 17504
381 335 14 14 23977
380 334 16 16 31679
379 333 18 18 40722
386 340 4 4 1827
385 339 6 6 4256
384 338 8 8 7521
383 337 10 10 12163
382 336 12 12 18284
381 335 14 14 24824
380 334 16 16 33029
379 333 18 18 40856
386 340 4 4 1557
385 339 6 6 3858
384 338 8 8 7387
383 337 10 10 11842
382 336 12 12 17300
381 335 14 14 23927
380 334 16 16 32979
379 333 18 18 41843
386 340 4 4 1915
385 339 6 6 4329
384 338 8 8 7485
383 337 10 10 11564
382 336 12 12 17547
381 335 14 14 23303
380 334 16 16 31017
379 333 18 18 38884
386 340 4 4 1700
385 339 6 6 4525
384 338 8 8 7900
383 337 10 10 12458
382 336 12 12 17429
381 335 14 14 23769
380 334 16 16 31177
379 333 18 18 39158
386 340 4 4 2188
385 339 6 6 5107
384 338 8 8 8280
383 337 10 10 12420
382 336 12 12 17507
381 335 14 14 23691
380 334 16 16 32292
379 333 18 18 41268
386 340 4 4 2639
385 339 6 6 7198
384 338 8 8 11290
383 337 10 10 20575
382 336 12 12 30702
381 335 14 14 42252
380 334 16 16 54368
379 333 18 18 69627
386 340 4 4 3506
385 339 6 6 6502
384 338 8 8 10627
383 337 10 10 15020
382 336 12 12 21321
381 335 14 14 30617
380 334 16 16 39442
379 333 18 18 50118
386 340 4 4 119662
385 339 6 6 264022
384 338 8 8 449616
383 337 10 10 680839
382 336 12 12 945882
381 335 14 14 1287397
380 334 16 16 1692115
379 333 18 18 2130921
386 340 4 4 139640
385 339 6 6 281335
384 338 8 8 466077
383 337 10 10 705034
382 336 12 12 994771
381 335 14 14 1329929
380 334 16 16 1709578
379 333 18 18 2130737
386 340 4 4 135971
385 339 6 6 291106
384 338 8 8 480648
383 337 10 10 730044
382 336 12 12 1004541
381 335 14 14 1322127
380 334 16 16 1718250
379 333 18 18 2135924
386 340 4 4 123790
385 339 6 6 268494
384 338 8 8 458929
383 337 10 10 701390
382 336 12 12 994714
381 335 14 14 1339445
380 334 16 16 1725369
379 333 18 18 2171372
386 340 4 4 135417
385 339 6 6 289559
384 338 8 8 473599
383 337 10 10 695491
382 336 12 12 972860
381 335 14 14 1316570
380 334 16 16 1702525
379 333 18 18 2108699
386 340 4 4 131748
385 339 6 6 274928
384 338 8 8 457347
383 337 10 10 696001
382 336 12 12 980538
381 335 14 14 1325428
380 334 16 16 1713912
379 333 18 18 2156047
386 340 4 4 139739
385 339 6 6 287791
384 338 8 8 478072
383 337 10 10 714830
382 336 12 12 988810
381 335 14 14 1316743
380 334 16 16 1699591
379 333 18 18 2114584
386 340 4 4 133693
385 339 6 6 273715
384 338 8 8 459988
383 337 10 10 701938
382 336 12 12 986058
381 335 14 14 1321403
380 334 16 16 1702809
379 333 18 18 2126452
386 340 4 4 142831
385 339 6 6 293114
384 338 8 8 488616
383 337 10 10 714972
382 336 12 12 988695
381 335 14 14 1316777
380 334 16 16 1712070
379 333 18 18 2140707
386 340 4 4 136404
385 339 6 6 276640
384 338 8 8 462026
383 337 10 10 701899
382 336 12 12 993429
381 335 14 14 1336774
380 334 16 16 1702992
379 333 18 18 2126516
386 340 4 4 148091
385 339 6 6 293546
384 338 8 8 470793
383 337 10 10 690078
382 336 12 12 963771
381 335 14 14 1302342
380 334 16 16 1683677
379 333 18 18 2130495
386 340 4 4 138067
385 339 6 6 289268
384 338 8 8 483392
383 337 10 10 700941
382 336 12 12 978490
381 335 14 14 1308303
380 334 16 16 1676013
379 333 18 18 2101118
386 340 4 4 140391
385 339 6 6 287277
384 338 8 8 468093
383 337 10 10 714031
382 336 12 12 998342
381 335 14 14 1310851
380 334 16 16 1702249
379 333 18 18 2120026
386 340 4 4 141470
385 339 6 6 286935
384 338 8 8 467631
383 337 10 10 706110
382 336 12 12 981441
381 335 14 14 1302368
380 334 16 16 1669244
379 333 18 18 2080314
386 340 4 4 139798
385 339 6 6 281617
384 338 8 8 459436
383 337 10 10 692759
382 336 12 12 982501
381 335 14 14 1310691
380 334 16 16 1688375
379 333 18 18 2103987
386 340 4 4 132450
385 339 6 6 279058
384 338 8 8 455231
383 337 10 10 678117
382 336 12 12 954332
381 335 14 14 1290080
380 334 16 16 1651724
379 333 18 18 2081351
386 340 4 4 131428
385 339 6 6 289349
384 338 8 8 481739
383 337 10 10 716403
382 336 12 12 1012062
381 335 14 14 1346489
380 334 16 16 1734889
379 333 18 18 2153775
386 340 4 4 131516
385 339 6 6 272204
384 338 8 8 455018
383 337 10 10 668640
382 336 12 12 951182
381 335 14 14 1284643
380 334 16 16 1650120
379 333 18 18 2079044
386 340 4 4 134281
385 339 6 6 274673
384 338 8 8 460862
383 337 10 10 688212
382 336 12 12 970351
381 335 14 14 1288959
380 334 16 16 1659282
379 333 18 18 2091465
386 340 4 4 138508
385 339 6 6 284005
384 338 8 8 463490
383 337 10 10 698715
382 336 12 12 982451
381 335 14 14 1319428
380 334 16 16 1694179
379 333 18 18 2105369
386 340 4 4 141141
385 339 6 6 296752
384 338 8 8 477571
383 337 10 10 710721
382 336 12 12 987873
381 335 14 14 1314970
380 334 16 16 1710433
379 333 18 18 2144925
386 340 4 4 133707
385 339 6 6 288459
384 338 8 8 480424
383 337 10 10 719454
382 336 12 12 1006244
381 335 14 14 1333708
380 334 16 16 1712554
379 333 18 18 2139907
386 340 4 4 143490
385 339 6 6 294402
384 338 8 8 482080
383 337 10 10 703101
382 336 12 12 975263
381 335 14 14 1293924
380 334 16 16 1681335
379 333 18 18 2100405
386 340 4 4 142178
385 339 6 6 302125
384 338 8 8 490276
383 337 10 10 719910
382 336 12 12 994586
381 335 14 14 1324796
380 334 16 16 1699336
379 333 18 18 2108546
386 340 4 4 146131
385 339 6 6 295251
384 338 8 8 480361
383 337 10 10 713675
382 336 12 12 994594
381 335 14 14 1326378
380 334 16 16 1704085
379 333 18 18 2124938
386 340 4 4 133760
385 339 6 6 284198
384 338 8 8 469004
383 337 10 10 697854
382 336 12 12 975563
381 335 14 14 1295692
380 334 16 16 1680475
379 333 18 18 2115460
386 340 4 4 147137
385 339 6 6 299055
384 338 8 8 481836
383 337 10 10 710580
382 336 12 12 992408
381 335 14 14 1312721
380 334 16 16 1669432
379 333 18 18 2087641
386 340 4 4 131026
385 339 6 6 282299
384 338 8 8 472584
383 337 10 10 696687
382 336 12 12 974568
381 335 14 14 1305307
380 334 16 16 1681767
379 333 18 18 2093448
386 340 4 4 128113
385 339 6 6 277528
384 338 8 8 461711
383 337 10 10 690676
382 336 12 12 969081
381 335 14 14 1307249
380 334 16 16 1672057
379 333 18 18 2116892
386 340 4 4 125359
385 339 6 6 274114
384 338 8 8 456121
383 337 10 10 692132
382 336 12 12 986291
381 335 14 14 1316091
380 334 16 16 1694547
379 333 18 18 2118432
386 340 4 4 130017
385 339 6 6 271988
384 338 8 8 463465
383 337 10 10 693027
382 336 12 12 960370
381 335 14 14 1289999
380 334 16 16 1673335
379 333 18 18 2079395
386 340 4 4 126081
385 339 6 6 260338
384 338 8 8 436608
383 337 10 10 658370
382 336 12 12 948511
381 335 14 14 1264992
380 334 16 16 1640403
379 333 18 18 2059858
386 340 4 4 132207
385 339 6 6 265025
384 338 8 8 453863
383 337 10 10 685180
382 336 12 12 958647
381 335 14 14 1286214
380 334 16 16 1659708
379 333 18 18 2065392
386 340 4 4 128592
385 339 6 6 261539
384 338 8 8 437633
383 337 10 10 676109
382 336 12 12 953294
381 335 14 14 1268950
380 334 16 16 1628714
379 333 18 18 2058067
386 340 4 4 142201
385 339 6 6 286387
384 338 8 8 471056
383 337 10 10 705457
382 336 12 12 984316
381 335 14 14 1302860
380 334 16 16 1679676
379 333 18 18 2106770
386 340 4 4 130461
385 339 6 6 282836
384 338 8 8 475417
383 337 10 10 696793
382 336 12 12 973547
381 335 14 14 1315237
380 334 16 16 1693287
379 333 18 18 2103372
386 340 4 4 135844
385 339 6 6 270240
384 338 8 8 457270
383 337 10 10 674497
382 336 12 12 949257
381 335 14 14 1265187
380 334 16 16 1641218
379 333 18 18 2057806
386 340 4 4 128453
385 339 6 6 281093
384 338 8 8 461488
383 337 10 10 683463
382 336 12 12 958290
381 335 14 14 1282460
380 334 16 16 1654236
379 333 18 18 2074615
386 340 4 4 136170
385 339 6 6 272295
384 338 8 8 448688
383 337 10 10 673199
382 336 12 12 944255
381 335 14 14 1263266
380 334 16 16 1635636
379 333 18 18 2062730
386 340 4 4 130607
385 339 6 6 290921
384 338 8 8 467512
383 337 10 10 706777
382 336 12 12 968446
381 335 14 14 1287898
380 334 16 16 1638647
379 333 18 18 2042204
386 340 4 4 133499
385 339 6 6 277490
384 338 8 8 466882
383 337 10 10 695541
382 336 12 12 968624
381 335 14 14 1292053
380 334 16 16 1677728
379 333 18 18 2096491
386 340 4 4 139633
385 339 6 6 289441
384 338 8 8 473171
383 337 10 10 691285
382 336 12 12 975116
381 335 14 14 1308409
380 334 16 16 1676123
379 333 18 18 2096350
386 340 4 4 135689
385 339 6 6 271345
384 338 8 8 454383
383 337 10 10 681968
382 336 12 12 965790
381 335 14 14 1290005
380 334 16 16 1653097
379 333 18 18 2063552
386 340 4 4 131621
385 339 6 6 281624
384 338 8 8 475123
383 337 10 10 699523
382 336 12 12 971139
381 335 14 14 1287021
380 334 16 16 1664312
379 333 18 18 2071173
386 340 4 4 138230
385 339 6 6 274308
384 338 8 8 450266
383 337 10 10 678862
382 336 12 12 945932
381 335 14 14 1268050
380 334 16 16 1627396
379 333 18 18 2046073
386 340 4 4 132398
385 339 6 6 270181
384 338 8 8 443323
383 337 10 10 655946
382 336 12 12 925750
381 335 14 14 1231338
380 334 16 16 1602508
379 333 18 18 2012451
386 340 4 4 126490
385 339 6 6 269658
384 338 8 8 451816
383 337 10 10 679845
382 336 12 12 949924
381 335 14 14 1272124
380 334 16 16 1637128
379 333 18 18 2040737
386 340 4 4 123641
385 339 6 6 269932
384 338 8 8 444676
383 337 10 10 668547
382 336 12 12 949401
381 335 14 14 1265916
380 334 16 16 1629594
379 333 18 18 2060462
386 340 4 4 136838
385 339 6 6 272883
384 338 8 8 450503
383 337 10 10 686558
382 336 12 12 961576
381 335 14 14 1281104
380 334 16 16 1637297
379 333 18 18 2039950
386 340 4 4 132829
385 339 6 6 278104
384 338 8 8 465034
383 337 10 10 703916
382 336 12 12 986679
381 335 14 14 1331532
380 334 16 16 1695629
379 333 18 18 2114800
386 340 4 4 131012
385 339 6 6 276507
384 338 8 8 444900
383 337 10 10 666033
382 336 12 12 941663
381 335 14 14 1268307
380 334 16 16 1646710
379 333 18 18 2048362
386 340 4 4 127193
385 339 6 6 255154
384 338 8 8 435771
383 337 10 10 665255
382 336 12 12 927124
381 335 14 14 1258113
380 334 16 16 1624161
379 333 18 18 2005810
386 340 4 4 126979
385 339 6 6 269934
384 338 8 8 463293
383 337 10 10 681859
382 336 12 12 960856
381 335 14 14 1286112
380 334 16 16 1650229
379 333 18 18 2060628
386 340 4 4 138559
385 339 6 6 288783
384 338 8 8 461689
383 337 10 10 678864
382 336 12 12 958344
381 335 14 14 1282354
380 334 16 16 1639569
379 333 18 18 2034451
386 340 4 4 134009
385 339 6 6 282128
384 338 8 8 447717
383 337 10 10 662521
382 336 12 12 936845
381 335 14 14 1267524
380 334 16 16 1628519
379 333 18 18 2033429
386 340 4 4 136657
385 339 6 6 275678
384 338 8 8 457238
383 337 10 10 686085
382 336 12 12 957933
381 335 14 14 1276597
380 334 16 16 1645283
379 333 18 18 2049551
386 340 4 4 131825
385 339 6 6 269120
384 338 8 8 442879
383 337 10 10 678418
382 336 12 12 946807
381 335 14 14 1268183
380 334 16 16 1623964
379 333 18 18 2013333
386 340 4 4 124660
385 339 6 6 280921
384 338 8 8 449317
383 337 10 10 681403
382 336 12 12 959505
381 335 14 14 1287953
380 334 16 16 1661899
379 333 18 18 2065124
386 340 4 4 120536
385 339 6 6 267871
384 338 8 8 450625
383 337 10 10 671844
382 336 12 12 936406
381 335 14 14 1261986
380 334 16 16 1621942
379 333 18 18 2040287
386 340 4 4 127249
385 339 6 6 278090
384 338 8 8 445567
383 337 10 10 670772
382 336 12 12 933971
381 335 14 14 1267071
380 334 16 16 1653525
379 333 18 18 2068644
386 340 4 4 125089
385 339 6 6 273392
384 338 8 8 456707
383 337 10 10 680439
382 336 12 12 944395
381 335 14 14 1256276
380 334 16 16 1622190
379 333 18 18 2041123
386 340 4 4 131419
385 339 6 6 273017
384 338 8 8 455861
383 337 10 10 684320
382 336 12 12 959022
381 335 14 14 1277425
380 334 16 16 1641712
379 333 18 18 2068480
386 340 4 4 133079
385 339 6 6 262491
384 338 8 8 442356
383 337 10 10 671573
382 336 12 12 946618
381 335 14 14 1279268
380 334 16 16 1638313
379 333 18 18 2037351
386 340 4 4 148368
385 339 6 6 292672
384 338 8 8 471111
383 337 10 10 706475
382 336 12 12 972708
381 335 14 14 1298373
380 334 16 16 1656038
379 333 18 18 2044906
386 340 4 4 145547
385 339 6 6 288697
384 338 8 8 478434
383 337 10 10 706494
382 336 12 12 993544
381 335 14 14 1307216
380 334 16 16 1665146
379 333 18 18 2081819
386 340 4 4 132662
385 339 6 6 284993
384 338 8 8 467289
383 337 10 10 695629
382 336 12 12 964437
381 335 14 14 1291875
380 334 16 16 1666949
379 333 18 18 2094689
386 340 4 4 130938
385 339 6 6 271074
384 338 8 8 442112
383 337 10 10 661276
382 336 12 12 921843
381 335 14 14 1240121
380 334 16 16 1602742
379 333 18 18 2016393
386 340 4 4 138836
385 339 6 6 282543
384 338 8 8 456239
383 337 10 10 681580
382 336 12 12 958938
381 335 14 14 1275894
380 334 16 16 1632894
379 333 18 18 2036988
386 340 4 4 142010
385 339 6 6 294677
384 338 8 8 472640
383 337 10 10 699866
382 336 12 12 980280
381 335 14 14 1271225
380 334 16 16 1636295
379 333 18 18 2040694
386 340 4 4 133553
385 339 6 6 274454
384 338 8 8 450965
383 337 10 10 678531
382 336 12 12 951072
381 335 14 14 1253053
380 334 16 16 1618523
379 333 18 18 2023815
386 340 4 4 138385
385 339 6 6 277405
384 338 8 8 456048
383 337 10 10 688683
382 336 12 12 954661
381 335 14 14 1275775
380 334 16 16 1617822
379 333 18 18 2014475
386 340 4 4 128693
385 339 6 6 276066
384 338 8 8 461534
383 337 10 10 681270
382 336 12 12 951317
381 335 14 14 1286306
380 334 16 16 1642073
379 333 18 18 2049940
386 340 4 4 129616
385 339 6 6 260279
384 338 8 8 437309
383 337 10 10 658771
382 336 12 12 923335
381 335 14 14 1252223
380 334 16 16 1610121
379 333 18 18 2022198
386 340 4 4 137718
385 339 6 6 280250
384 338 8 8 455868
383 337 10 10 691478
382 336 12 12 969684
381 335 14 14 1280638
380 334 16 16 1650014
379 333 18 18 2062861
386 340 4 4 135241
385 339 6 6 270997
384 338 8 8 450024
383 337 10 10 663538
382 336 12 12 938888
381 335 14 14 1269957
380 334 16 16 1640964
379 333 18 18 2044490
386 340 4 4 129695
385 339 6 6 279519
384 338 8 8 460129
383 337 10 10 679702
382 336 12 12 956136
381 335 14 14 1269938
380 334 16 16 1630751
379 333 18 18 2031993
386 340 4 4 128922
385 339 6 6 266651
384 338 8 8 449101
383 337 10 10 682673
382 336 12 12 955748
381 335 14 14 1270212
380 334 16 16 1624623
379 333 18 18 2035596
386 340 4 4 136833
385 339 6 6 277250
384 338 8 8 456664
383 337 10 10 687881
382 336 12 12 955271
381 335 14 14 1271229
380 334 16 16 1638973
379 333 18 18 2048575
386 340 4 4 124509
385 339 6 6 264529
384 338 8 8 443582
383 337 10 10 665994
382 336 12 12 929159
381 335 14 14 1258024
380 334 16 16 1615360
379 333 18 18 2020912
386 340 4 4 136616
385 339 6 6 269717
384 338 8 8 451533
383 337 10 10 676023
382 336 12 12 954882
381 335 14 14 1271693
380 334 16 16 1657028
379 333 18 18 2043767
386 340 4 4 128248
385 339 6 6 272904
384 338 8 8 448382
383 337 10 10 672546
382 336 12 12 947080
381 335 14 14 1247295
380 334 16 16 1617253
379 333 18 18 2032192
386 340 4 4 123799
385 339 6 6 269595
384 338 8 8 443594
383 337 10 10 680408
382 336 12 12 947835
381 335 14 14 1270759
380 334 16 16 1644900
379 333 18 18 2064581
386 340 4 4 137141
385 339 6 6 285923
384 338 8 8 455901
383 337 10 10 684674
382 336 12 12 961158
381 335 14 14 1283965
380 334 16 16 1647233
379 333 18 18 2040003
386 340 4 4 136576
385 339 6 6 269691
384 338 8 8 442590
383 337 10 10 668486
382 336 12 12 936342
381 335 14 14 1258602
380 334 16 16 1606292
379 333 18 18 2022876
386 340 4 4 140122
385 339 6 6 280068
384 338 8 8 459132
383 337 10 10 684805
382 336 12 12 961593
381 335 14 14 1265100
380 334 16 16 1628092
379 333 18 18 2042028
386 340 4 4 127156
385 339 6 6 271786
384 338 8 8 437261
383 337 10 10 657126
382 336 12 12 934942
381 335 14 14 1264364
380 334 16 16 1628295
379 333 18 18 2039348
386 340 4 4 124143
385 339 6 6 267126
384 338 8 8 449737
383 337 10 10 679994
382 336 12 12 933498
381 335 14 14 1245250
380 334 16 16 1600678
379 333 18 18 2019711
386 340 4 4 134080
385 339 6 6 281461
384 338 8 8 463114
383 337 10 10 680955
382 336 12 12 935575
381 335 14 14 1242247
380 334 16 16 1633031
379 333 18 18 2050922
386 340 4 4 128314
385 339 6 6 271108
384 338 8 8 452544
383 337 10 10 677037
382 336 12 12 953780
381 335 14 14 1257711
380 334 16 16 1617917
379 333 18 18 2019632
386 340 4 4 123642
385 339 6 6 262217
384 338 8 8 450571
383 337 10 10 684099
382 336 12 12 943475
381 335 14 14 1247188
380 334 16 16 1628027
379 333 18 18 2036777
386 340 4 4 126000
385 339 6 6 264852
384 338 8 8 439335
383 337 10 10 662145
382 336 12 12 941986
381 335 14 14 1243477
380 334 16 16 1604475
379 333 18 18 2025915
386 340 4 4 131005
385 339 6 6 279534
384 338 8 8 470791
383 337 10 10 698377
382 336 12 12 968440
381 335 14 14 1280783
380 334 16 16 1655644
379 333 18 18 2083590
386 340 4 4 133407
385 339 6 6 267352
384 338 8 8 439314
383 337 10 10 663200
382 336 12 12 940189
381 335 14 14 1225879
380 334 16 16 1576182
379 333 18 18 1991580
386 340 4 4 133721
385 339 6 6 271216
384 338 8 8 456973
383 337 10 10 687767
382 336 12 12 954191
381 335 14 14 1281255
380 334 16 16 1635154
379 333 18 18 2031926
386 340 4 4 129393
385 339 6 6 272057
384 338 8 8 457089
383 337 10 10 682607
382 336 12 12 961576
381 335 14 14 1257643
380 334 16 16 1620014
379 333 18 18 2023490
386 340 4 4 140856
385 339 6 6 291466
384 338 8 8 472658
383 337 10 10 707155
382 336 12 12 964259
381 335 14 14 1293839
380 334 16 16 1649311
379 333 18 18 2049265
386 340 4 4 131247
385 339 6 6 269864
384 338 8 8 442938
383 337 10 10 662744
382 336 12 12 941805
381 335 14 14 1250080
380 334 16 16 1606817
379 333 18 18 2021074
386 340 4 4 131510
385 339 6 6 270293
384 338 8 8 446904
383 337 10 10 673775
382 336 12 12 952341
381 335 14 14 1265140
380 334 16 16 1624509
379 333 18 18 2041013
386 340 4 4 137023
385 339 6 6 279014
384 338 8 8 448112
383 337 10 10 667030
382 336 12 12 939041
381 335 14 14 1246332
380 334 16 16 1607411
379 333 18 18 2028973
386 340 4 4 127339
385 339 6 6 266088
384 338 8 8 462681
383 337 10 10 686708
382 336 12 12 950157
381 335 14 14 1245534
380 334 16 16 1611016
379 333 18 18 2034125
386 340 4 4 126010
385 339 6 6 262025
384 338 8 8 421819
383 337 10 10 655322
382 336 12 12 927658
381 335 14 14 1236526
380 334 16 16 1590087
379 333 18 18 2000349
386 340 4 4 134508
385 339 6 6 267599
384 338 8 8 442166
383 337 10 10 664274
382 336 12 12 916965
381 335 14 14 1229110
380 334 16 16 1602129
379 333 18 18 2028732
386 340 4 4 147128
385 339 6 6 291296
384 338 8 8 459352
383 337 10 10 689035
382 336 12 12 963860
381 335 14 14 1284644
380 334 16 16 1650163
379 333 18 18 2070663
386 340 4 4 139714
385 339 6 6 286502
384 338 8 8 469413
383 337 10 10 697499
382 336 12 12 963670
381 335 14 14 1277331
380 334 16 16 1638116
379 333 18 18 2046753
386 340 4 4 132314
385 339 6 6 278914
384 338 8 8 454935
383 337 10 10 682839
382 336 12 12 952218
381 335 14 14 1264301
380 334 16 16 1627204
379 333 18 18 2046841
386 340 4 4 129175
385 339 6 6 268694
384 338 8 8 449633
383 337 10 10 659633
382 336 12 12 921836
381 335 14 14 1239155
380 334 16 16 1616518
379 333 18 18 2021562
386 340 4 4 136714
385 339 6 6 285900
384 338 8 8 457729
383 337 10 10 677404
382 336 12 12 955686
381 335 14 14 1275902
380 334 16 16 1639731
379 333 18 18 2044743
386 340 4 4 136402
385 339 6 6 265677
384 338 8 8 446182
383 337 10 10 657822
382 336 12 12 945299
381 335 14 14 1273205
380 334 16 16 1637981
379 333 18 18 2033672
386 340 4 4 123044
385 339 6 6 273404
384 338 8 8 457235
383 337 10 10 689848
382 336 12 12 952873
381 335 14 14 1260709
380 334 16 16 1615156
379 333 18 18 2020312
386 340 4 4 136148
385 339 6 6 285243
384 338 8 8 468549
383 337 10 10 679116
382 336 12 12 939899
381 335 14 14 1247792
380 334 16 16 1622584
379 333 18 18 2028636
386 340 4 4 132152
385 339 6 6 269826
384 338 8 8 451135
383 337 10 10 686542
382 336 12 12 963003
381 335 14 14 1302820
380 334 16 16 1678076
379 333 18 18 2088139
386 340 4 4 139523
385 339 6 6 275346
384 338 8 8 459474
383 337 10 10 678028
382 336 12 12 948617
381 335 14 14 1278665
380 334 16 16 1651933
379 333 18 18 2049538
386 340 4 4 125900
385 339 6 6 267920
384 338 8 8 453417
383 337 10 10 668406
382 336 12 12 930013
381 335 14 14 1251268
380 334 16 16 1613152
379 333 18 18 2017405
386 340 4 4 125541
385 339 6 6 269296
384 338 8 8 452223
383 337 10 10 682617
382 336 12 12 960167
381 335 14 14 1291802
380 334 16 16 1660828
379 333 18 18 2066236
386 340 4 4 134611
385 339 6 6 280558
384 338 8 8 455057
383 337 10 10 676059
382 336 12 12 946387
381 335 14 14 1268080
380 334 16 16 1627560
379 333 18 18 2044908
386 340 4 4 124324
385 339 6 6 259141
384 338 8 8 433657
383 337 10 10 667229
382 336 12 12 931458
381 335 14 14 1249739
380 334 16 16 1597887
379 333 18 18 1999146
386 340 4 4 126078
385 339 6 6 277709
384 338 8 8 459745
383 337 10 10 679923
382 336 12 12 942144
381 335 14 14 1263245
380 334 16 16 1607890
379 333 18 18 2002664
386 340 4 4 137302
385 339 6 6 271107
384 338 8 8 450711
383 337 10 10 661928
382 336 12 12 930856
381 335 14 14 1243988
380 334 16 16 1610541
379 333 18 18 2010308
386 340 4 4 142382
385 339 6 6 281827
384 338 8 8 468372
383 337 10 10 689789
382 336 12 12 953417
381 335 14 14 1278434
380 334 16 16 1640984
379 333 18 18 2036599
386 340 4 4 140580
385 339 6 6 267103
384 338 8 8 439403
383 337 10 10 656271
382 336 12 12 918547
381 335 14 14 1243388
380 334 16 16 1583899
379 333 18 18 2001124
386 340 4 4 140612
385 339 6 6 277363
384 338 8 8 456096
383 337 10 10 669117
382 336 12 12 941945
381 335 14 14 1271564
380 334 16 16 1615087
379 333 18 18 2031208
386 340 4 4 121743
385 339 6 6 261082
384 338 8 8 431093
383 337 10 10 648036
382 336 12 12 914989
381 335 14 14 1232381
380 334 16 16 1571082
379 333 18 18 1976045
386 340 4 4 133980
385 339 6 6 264495
384 338 8 8 443314
383 337 10 10 665456
382 336 12 12 914154
381 335 14 14 1249705
380 334 16 16 1609496
379 333 18 18 2015369
386 340 4 4 138351
385 339 6 6 271978
384 338 8 8 454635
383 337 10 10 673128
382 336 12 12 943989
381 335 14 14 1251679
380 334 16 16 1602180
379 333 18 18 2011104
386 340 4 4 135960
385 339 6 6 278829
384 338 8 8 450557
383 337 10 10 692617
382 336 12 12 961810
381 335 14 14 1266362
380 334 16 16 1646483
379 333 18 18 2053337
386 340 4 4 139826
385 339 6 6 279687
384 338 8 8 456519
383 337 10 10 677002
382 336 12 12 947977
381 335 14 14 1256567
380 334 16 16 1619065
379 333 18 18 2031748
386 340 4 4 122394
385 339 6 6 252468
384 338 8 8 421882
383 337 10 10 640516
382 336 12 12 904289
381 335 14 14 1213702
380 334 16 16 1565052
379 333 18 18 1969559
386 340 4 4 130129
385 339 6 6 264060
384 338 8 8 445485
383 337 10 10 666381
382 336 12 12 938256
381 335 14 14 1244825
380 334 16 16 1587257
379 333 18 18 1997314
386 340 4 4 131494
385 339 6 6 278383
384 338 8 8 463301
383 337 10 10 688497
382 336 12 12 965146
381 335 14 14 1291386
380 334 16 16 1656493
379 333 18 18 2075625
386 340 4 4 138888
385 339 6 6 282805
384 338 8 8 465397
383 337 10 10 692381
382 336 12 12 964626
381 335 14 14 1272338
380 334 16 16 1653868
379 333 18 18 2076839
386 340 4 4 131464
385 339 6 6 262205
384 338 8 8 437287
383 337 10 10 672210
382 336 12 12 944800
381 335 14 14 1259774
380 334 16 16 1625123
379 333 18 18 2031970
386 340 4 4 136738
385 339 6 6 267952
384 338 8 8 442023
383 337 10 10 652631
382 336 12 12 919639
381 335 14 14 1225733
380 334 16 16 1599918
379 333 18 18 2012432
386 340 4 4 143575
385 339 6 6 276147
384 338 8 8 452670
383 337 10 10 682057
382 336 12 12 954881
381 335 14 14 1242195
380 334 16 16 1602527
379 333 18 18 2000373
386 340 4 4 126781
385 339 6 6 260684
384 338 8 8 443677
383 337 10 10 663802
382 336 12 12 934196
381 335 14 14 1241386
380 334 16 16 1613605
379 333 18 18 2020299
386 340 4 4 127450
385 339 6 6 259026
384 338 8 8 442444
383 337 10 10 666660
382 336 12 12 933263
381 335 14 14 1246738
380 334 16 16 1605692
379 333 18 18 2008493
386 340 4 4 141143
385 339 6 6 283016
384 338 8 8 468224
383 337 10 10 691853
382 336 12 12 961028
381 335 14 14 1267204
380 334 16 16 1625149
379 333 18 18 2017794
386 340 4 4 133311
385 339 6 6 277047
384 338 8 8 462897
383 337 10 10 680274
382 336 12 12 964193
381 335 14 14 1276411
380 334 16 16 1632460
379 333 18 18 2037745
386 340 4 4 134523
385 339 6 6 275552
384 338 8 8 453438
383 337 10 10 673729
382 336 12 12 944143
381 335 14 14 1249974
380 334 16 16 1610405
379 333 18 18 1994643
386 340 4 4 131412
385 339 6 6 261932
384 338 8 8 438728
383 337 10 10 668971
382 336 12 12 950321
381 335 14 14 1262132
380 334 16 16 1609546
379 333 18 18 2003868
386 340 4 4 134812
385 339 6 6 279059
384 338 8 8 460990
383 337 10 10 678700
382 336 12 12 944485
381 335 14 14 1259736
380 334 16 16 1622474
379 333 18 18 2004808
386 340 4 4 131298
385 339 6 6 265614
384 338 8 8 443496
383 337 10 10 656276
382 336 12 12 933909
381 335 14 14 1239412
380 334 16 16 1594737
379 333 18 18 1990736
386 340 4 4 137477
385 339 6 6 271417
384 338 8 8 454816
383 337 10 10 668031
382 336 12 12 945646
381 335 14 14 1255278
380 334 16 16 1614270
379 333 18 18 2016057
386 340 4 4 129111
385 339 6 6 269782
384 338 8 8 443175
383 337 10 10 675801
382 336 12 12 945544
381 335 14 14 1250246
380 334 16 16 1618374
379 333 18 18 2034017
386 340 4 4 133348
385 339 6 6 275571
384 338 8 8 456711
383 337 10 10 674939
382 336 12 12 950723
381 335 14 14 1273588
380 334 16 16 1651209
379 333 18 18 2051563
386 340 4 4 137901
385 339 6 6 270681
384 338 8 8 457429
383 337 10 10 690437
382 336 12 12 963122
381 335 14 14 1286100
380 334 16 16 1639481
379 333 18 18 2052985
386 340 4 4 129646
385 339 6 6 269895
384 338 8 8 446389
383 337 10 10 666334
382 336 12 12 931707
381 335 14 14 1234475
380 334 16 16 1584611
379 333 18 18 1989493
386 340 4 4 132965
385 339 6 6 269053
384 338 8 8 447530
383 337 10 10 677208
382 336 12 12 936442
381 335 14 14 1256813
380 334 16 16 1618923
379 333 18 18 2016399
386 340 4 4 132344
385 339 6 6 270695
384 338 8 8 451689
383 337 10 10 671585
382 336 12 12 931212
381 335 14 14 1238638
380 334 16 16 1613786
379 333 18 18 2014914
386 340 4 4 140716
385 339 6 6 282543
384 338 8 8 445020
383 337 10 10 665787
382 336 12 12 923896
381 335 14 14 1238444
380 334 16 16 1584709
379 333 18 18 1986021
386 340 4 4 124287
385 339 6 6 267899
384 338 8 8 453687
383 337 10 10 682899
382 336 12 12 955769
381 335 14 14 1269717
380 334 16 16 1621636
379 333 18 18 2039852
386 340 4 4 119660
385 339 6 6 267472
384 338 8 8 439514
383 337 10 10 648473
382 336 12 12 917624
381 335 14 14 1242451
380 334 16 16 1606441
379 333 18 18 2015202
386 340 4 4 135129
385 339 6 6 278311
384 338 8 8 452326
383 337 10 10 677563
382 336 12 12 929952
381 335 14 14 1251361
380 334 16 16 1599980
379 333 18 18 2000815
386 340 4 4 130221
385 339 6 6 267848
384 338 8 8 447474
383 337 10 10 669614
382 336 12 12 928682
381 335 14 14 1238359
380 334 16 16 1590526
379 333 18 18 1997078
386 340 4 4 137690
385 339 6 6 270341
384 338 8 8 445773
383 337 10 10 665516
382 336 12 12 925840
381 335 14 14 1237679
380 334 16 16 1590149
379 333 18 18 1992506
386 340 4 4 142199
385 339 6 6 283429
384 338 8 8 464612
383 337 10 10 698019
382 336 12 12 966942
381 335 14 14 1268824
380 334 16 16 1624084
379 333 18 18 2029790
386 340 4 4 133324
385 339 6 6 271630
384 338 8 8 451251
383 337 10 10 680556
382 336 12 12 951891
381 335 14 14 1262845
380 334 16 16 1626851
379 333 18 18 2036404
386 340 4 4 138202
385 339 6 6 283419
384 338 8 8 459657
383 337 10 10 686029
382 336 12 12 951616
381 335 14 14 1258250
380 334 16 16 1610492
379 333 18 18 2025325
386 340 4 4 132745
385 339 6 6 270166
384 338 8 8 457014
383 337 10 10 684052
382 336 12 12 964762
381 335 14 14 1285731
380 334 16 16 1642178
379 333 18 18 2044820
386 340 4 4 124582
385 339 6 6 265277
384 338 8 8 453123
383 337 10 10 685602
382 336 12 12 962609
381 335 14 14 1267552
380 334 16 16 1624964
379 333 18 18 2042495
386 340 4 4 129603
385 339 6 6 266637
384 338 8 8 445855
383 337 10 10 674421
382 336 12 12 940734
381 335 14 14 1260652
380 334 16 16 1642394
379 333 18 18 2041644
386 340 4 4 130462
385 339 6 6 260386
384 338 8 8 440450
383 337 10 10 656076
382 336 12 12 921668
381 335 14 14 1237133
380 334 16 16 1601238
379 333 18 18 2010044
386 340 4 4 131196
385 339 6 6 271242
384 338 8 8 442114
383 337 10 10 660875
382 336 12 12 916826
381 335 14 14 1224763
380 334 16 16 1578490
379 333 18 18 1986051
386 340 4 4 137819
385 339 6 6 274232
384 338 8 8 455760
383 337 10 10 690596
382 336 12 12 966455
381 335 14 14 1284213
380 334 16 16 1625464
379 333 18 18 2027420
386 340 4 4 135402
385 339 6 6 275584
384 338 8 8 451862
383 337 10 10 683229
382 336 12 12 952779
381 335 14 14 1281477
380 334 16 16 1636171
379 333 18 18 2035569
386 340 4 4 139411
385 339 6 6 278490
384 338 8 8 479244
383 337 10 10 710126
382 336 12 12 978172
381 335 14 14 1294104
380 334 16 16 1654970
379 333 18 18 2056561
386 340 4 4 134206
385 339 6 6 280150
384 338 8 8 445348
383 337 10 10 671614
382 336 12 12 944517
381 335 14 14 1249949
380 334 16 16 1620106
379 333 18 18 2030062
386 340 4 4 122744
385 339 6 6 261860
384 338 8 8 442693
383 337 10 10 661433
382 336 12 12 929831
381 335 14 14 1232877
380 334 16 16 1580917
379 333 18 18 1974030
386 340 4 4 139326
385 339 6 6 276227
384 338 8 8 464110
383 337 10 10 686873
382 336 12 12 941511
381 335 14 14 1242342
380 334 16 16 1595954
379 333 18 18 2010919
386 340 4 4 126920
385 339 6 6 270086
384 338 8 8 451336
383 337 10 10 676529
382 336 12 12 936793
381 335 14 14 1252565
380 334 16 16 1599865
379 333 18 18 1992493
386 340 4 4 125184
385 339 6 6 251642
384 338 8 8 427389
383 337 10 10 651845
382 336 12 12 918277
381 335 14 14 1228455
380 334 16 16 1587189
379 333 18 18 1989780
386 340 4 4 130275
385 339 6 6 282581
384 338 8 8 459734
383 337 10 10 692013
382 336 12 12 944154
381 335 14 14 1257462
380 334 16 16 1634769
379 333 18 18 2023008
386 340 4 4 135261
385 339 6 6 278119
384 338 8 8 459733
383 337 10 10 689007
382 336 12 12 970870
381 335 14 14 1265234
380 334 16 16 1626365
379 333 18 18 2015811
386 340 4 4 122412
385 339 6 6 258048
384 338 8 8 439209
383 337 10 10 648091
382 336 12 12 910733
381 335 14 14 1219970
380 334 16 16 1562293
379 333 18 18 1963940
386 340 4 4 146034
385 339 6 6 283824
384 338 8 8 463999
383 337 10 10 669221
382 336 12 12 943723
381 335 14 14 1280385
380 334 16 16 1641178
379 333 18 18 2061036
386 340 4 4 138322
385 339 6 6 271423
384 338 8 8 454533
383 337 10 10 672319
382 336 12 12 931341
381 335 14 14 1237831
380 334 16 16 1599424
379 333 18 18 2018902
386 340 4 4 134558
385 339 6 6 272343
384 338 8 8 450221
383 337 10 10 660097
382 336 12 12 912160
381 335 14 14 1218427
380 334 16 16 1570193
379 333 18 18 1968283
386 340 4 4 125002
385 339 6 6 270408
384 338 8 8 447875
383 337 10 10 662708
382 336 12 12 934768
381 335 14 14 1241224
380 334 16 16 1602455
379 333 18 18 2015781
386 340 4 4 136810
385 339 6 6 277605
384 338 8 8 447487
383 337 10 10 680068
382 336 12 12 945229
381 335 14 14 1268239
380 334 16 16 1615261
379 333 18 18 2031739
386 340 4 4 121467
385 339 6 6 263131
384 338 8 8 439628
383 337 10 10 660414
382 336 12 12 910306
381 335 14 14 1228848
380 334 16 16 1584395
379 333 18 18 2001041
386 340 4 4 134554
385 339 6 6 270206
384 338 8 8 455029
383 337 10 10 678254
382 336 12 12 961540
381 335 14 14 1288849
380 334 16 16 1669332
379 333 18 18 2068770
386 340 4 4 122653
385 339 6 6 265072
384 338 8 8 445797
383 337 10 10 665289
382 336 12 12 945846
381 335 14 14 1253319
380 334 16 16 1616512
379 333 18 18 2024811
386 340 4 4 129701
385 339 6 6 270994
384 338 8 8 448288
383 337 10 10 676339
382 336 12 12 948510
381 335 14 14 1252500
380 334 16 16 1604869
379 333 18 18 2039143
386 340 4 4 121879
385 339 6 6 254525
384 338 8 8 430629
383 337 10 10 653243
382 336 12 12 927479
381 335 14 14 1264138
380 334 16 16 1629180
379 333 18 18 2028614
386 340 4 4 129751
385 339 6 6 261093
384 338 8 8 432059
383 337 10 10 649139
382 336 12 12 909217
381 335 14 14 1218862
380 334 16 16 1590165
379 333 18 18 2000847
386 340 4 4 131026
385 339 6 6 268931
384 338 8 8 454739
383 337 10 10 682893
382 336 12 12 956146
381 335 14 14 1279416
380 334 16 16 1644245
379 333 18 18 2053897
386 340 4 4 124158
385 339 6 6 259089
384 338 8 8 437804
383 337 10 10 662572
382 336 12 12 929970
381 335 14 14 1245359
380 334 16 16 1591151
379 333 18 18 1980966
386 340 4 4 123954
385 339 6 6 265639
384 338 8 8 435657
383 337 10 10 665985
382 336 12 12 935437
381 335 14 14 1249059
380 334 16 16 1595644
379 333 18 18 1978460
386 340 4 4 132446
385 339 6 6 265397
384 338 8 8 457810
383 337 10 10 675996
382 336 12 12 938787
381 335 14 14 1251551
380 334 16 16 1609578
379 333 18 18 1993889
386 340 4 4 136856
385 339 6 6 271861
384 338 8 8 453219
383 337 10 10 677550
382 336 12 12 949101
381 335 14 14 1272561
380 334 16 16 1628585
379 333 18 18 2047840
386 340 4 4 139335
385 339 6 6 282258
384 338 8 8 456055
383 337 10 10 681991
382 336 12 12 945214
381 335 14 14 1261654
380 334 16 16 1624643
379 333 18 18 2037684
386 340 4 4 131547
385 339 6 6 257387
384 338 8 8 426753
383 337 10 10 649575
382 336 12 12 924156
381 335 14 14 1231877
380 334 16 16 1594713
379 333 18 18 1983232
386 340 4 4 139608
385 339 6 6 292444
384 338 8 8 465170
383 337 10 10 694749
382 336 12 12 972993
381 335 14 14 1281175
380 334 16 16 1633626
379 333 18 18 2022664
386 340 4 4 127949
385 339 6 6 263610
384 338 8 8 437804
383 337 10 10 667063
382 336 12 12 937320
381 335 14 14 1253635
380 334 16 16 1612080
379 333 18 18 2033607
386 340 4 4 129080
385 339 6 6 271131
384 338 8 8 444650
383 337 10 10 667967
382 336 12 12 936669
381 335 14 14 1251850
380 334 16 16 1606809
379 333 18 18 2005547
386 340 4 4 132438
385 339 6 6 272679
384 338 8 8 461043
383 337 10 10 669220
382 336 12 12 928030
381 335 14 14 1238103
380 334 16 16 1588816
379 333 18 18 1971896
386 340 4 4 139295
385 339 6 6 281411
384 338 8 8 451765
383 337 10 10 678503
382 336 12 12 940918
381 335 14 14 1242967
380 334 16 16 1594688
379 333 18 18 2009064
386 340 4 4 123011
385 339 6 6 261030
384 338 8 8 442772
383 337 10 10 664707
382 336 12 12 931835
381 335 14 14 1269222
380 334 16 16 1612127
379 333 18 18 2027800
386 340 4 4 134630
385 339 6 6 281679
384 338 8 8 462309
383 337 10 10 684115
382 336 12 12 948972
381 335 14 14 1256790
380 334 16 16 1613370
379 333 18 18 2030683
386 340 4 4 122246
385 339 6 6 253856
384 338 8 8 432638
383 337 10 10 652114
382 336 12 12 911211
381 335 14 14 1220550
380 334 16 16 1589861
379 333 18 18 1998776
386 340 4 4 126997
385 339 6 6 254872
384 338 8 8 425940
383 337 10 10 642900
382 336 12 12 909175
381 335 14 14 1220848
380 334 16 16 1588508
379 333 18 18 1966329
386 340 4 4 138640
385 339 6 6 285840
384 338 8 8 466262
383 337 10 10 680740
382 336 12 12 955437
381 335 14 14 1267004
380 334 16 16 1637549
379 333 18 18 2057219
386 340 4 4 133811
385 339 6 6 272326
384 338 8 8 460688
383 337 10 10 683513
382 336 12 12 956050
381 335 14 14 1276578
380 334 16 16 1637896
379 333 18 18 2039054
386 340 4 4 133582
385 339 6 6 278973
384 338 8 8 453670
383 337 10 10 673666
382 336 12 12 939701
381 335 14 14 1255476
380 334 16 16 1594336
379 333 18 18 1986079
386 340 4 4 127226
385 339 6 6 267377
384 338 8 8 453072
383 337 10 10 668951
382 336 12 12 945853
381 335 14 14 1262374
380 334 16 16 1629111
379 333 18 18 2035557
386 340 4 4 146122
385 339 6 6 290612
384 338 8 8 463494
383 337 10 10 684546
382 336 12 12 949795
381 335 14 14 1264357
380 334 16 16 1627128
379 333 18 18 2017534
386 340 4 4 136223
385 339 6 6 261688
384 338 8 8 429759
383 337 10 10 654888
382 336 12 12 915435
381 335 14 14 1248423
380 334 16 16 1612291
379 333 18 18 2006175
386 340 4 4 128636
385 339 6 6 262256
384 338 8 8 435555
383 337 10 10 653674
382 336 12 12 925760
381 335 14 14 1228692
380 334 16 16 1589689
379 333 18 18 1998515
386 340 4 4 137518
385 339 6 6 268394
384 338 8 8 449458
383 337 10 10 674806
382 336 12 12 948136
381 335 14 14 1252759
380 334 16 16 1599979
379 333 18 18 2017711
386 340 4 4 124707
385 339 6 6 258555
384 338 8 8 435622
383 337 10 10 635292
382 336 12 12 901250
381 335 14 14 1231889
380 334 16 16 1574727
379 333 18 18 1954199
386 340 4 4 139228
385 339 6 6 279443
384 338 8 8 460340
383 337 10 10 694193
382 336 12 12 972228
381 335 14 14 1288110
380 334 16 16 1626588
379 333 18 18 2040438
386 340 4 4 121399
385 339 6 6 249364
384 338 8 8 425635
383 337 10 10 643664
382 336 12 12 913186
381 335 14 14 1222767
380 334 16 16 1577263
379 333 18 18 1990117
386 340 4 4 128953
385 339 6 6 271808
384 338 8 8 451203
383 337 10 10 670006
382 336 12 12 934017
381 335 14 14 1242987
380 334 16 16 1598454
379 333 18 18 1992937
386 340 4 4 135900
385 339 6 6 284985
384 338 8 8 461836
383 337 10 10 687150
382 336 12 12 940403
381 335 14 14 1248229
380 334 16 16 1609169
379 333 18 18 2009579
386 340 4 4 132944
385 339 6 6 278928
384 338 8 8 455111
383 337 10 10 666838
382 336 12 12 934723
381 335 14 14 1255370
380 334 16 16 1626158
379 333 18 18 2027105
386 340 4 4 129427
385 339 6 6 266905
384 338 8 8 433696
383 337 10 10 646274
382 336 12 12 914665
381 335 14 14 1236837
380 334 16 16 1608792
379 333 18 18 2015556
386 340 4 4 134038
385 339 6 6 262870
384 338 8 8 423800
383 337 10 10 658398
382 336 12 12 918314
381 335 14 14 1231293
380 334 16 16 1595030
379 333 18 18 1996973
386 340 4 4 144948
385 339 6 6 288574
384 338 8 8 457881
383 337 10 10 669929
382 336 12 12 941798
381 335 14 14 1253285
380 334 16 16 1609521
379 333 18 18 1999947
386 340 4 4 126777
385 339 6 6 263708
384 338 8 8 416910
383 337 10 10 634856
382 336 12 12 898160
381 335 14 14 1203825
380 334 16 16 1571395
379 333 18 18 1959685
386 340 4 4 142486
385 339 6 6 269561
384 338 8 8 443072
383 337 10 10 674822
382 336 12 12 931247
381 335 14 14 1247061
380 334 16 16 1599340
379 333 18 18 2003633
386 340 4 4 131621
385 339 6 6 274408
384 338 8 8 444220
383 337 10 10 658989
382 336 12 12 935948
381 335 14 14 1257111
380 334 16 16 1608699
379 333 18 18 2004269
386 340 4 4 131428
385 339 6 6 276424
384 338 8 8 430613
383 337 10 10 645398
382 336 12 12 909523
381 335 14 14 1222136
380 334 16 16 1581483
379 333 18 18 1976965
386 340 4 4 144706
385 339 6 6 286864
384 338 8 8 468272
383 337 10 10 687590
382 336 12 12 968470
381 335 14 14 1278099
380 334 16 16 1643988
379 333 18 18 2038470
386 340 4 4 139437
385 339 6 6 283875
384 338 8 8 461703
383 337 10 10 675391
382 336 12 12 937432
381 335 14 14 1252834
380 334 16 16 1600791
379 333 18 18 2009763
386 340 4 4 132928
385 339 6 6 274219
384 338 8 8 453697
383 337 10 10 666490
382 336 12 12 945163
381 335 14 14 1238452
380 334 16 16 1576777
379 333 18 18 1962602
386 340 4 4 140381
385 339 6 6 280816
384 338 8 8 451876
383 337 10 10 673965
382 336 12 12 941468
381 335 14 14 1252360
380 334 16 16 1614659
379 333 18 18 2005524
386 340 4 4 133186
385 339 6 6 281855
384 338 8 8 456977
383 337 10 10 693356
382 336 12 12 966883
381 335 14 14 1278118
380 334 16 16 1640855
379 333 18 18 2043894
386 340 4 4 126189
385 339 6 6 251780
384 338 8 8 425570
383 337 10 10 647419
382 336 12 12 909160
381 335 14 14 1215907
380 334 16 16 1572818
379 333 18 18 1966858
386 340 4 4 137256
385 339 6 6 282158
384 338 8 8 476568
383 337 10 10 699717
382 336 12 12 970606
381 335 14 14 1303210
380 334 16 16 1660338
379 333 18 18 2063950
386 340 4 4 127161
385 339 6 6 257787
384 338 8 8 434841
383 337 10 10 646967
382 336 12 12 917186
381 335 14 14 1240301
380 334 16 16 1600936
379 333 18 18 1991911
386 340 4 4 132189
385 339 6 6 266849
384 338 8 8 443985
383 337 10 10 659986
382 336 12 12 902355
381 335 14 14 1209035
380 334 16 16 1570460
379 333 18 18 1954563
386 340 4 4 144777
385 339 6 6 277010
384 338 8 8 460872
383 337 10 10 675058
382 336 12 12 944638
381 335 14 14 1258262
380 334 16 16 1599100
379 333 18 18 1984159
386 340 4 4 135635
385 339 6 6 272017
384 338 8 8 443487
383 337 10 10 671910
382 336 12 12 934788
381 335 14 14 1236470
380 334 16 16 1593027
379 333 18 18 1984671
386 340 4 4 128900
385 339 6 6 273048
384 338 8 8 452610
383 337 10 10 677969
382 336 12 12 933689
381 335 14 14 1242700
380 334 16 16 1587845
379 333 18 18 1975994
386 340 4 4 133869
385 339 6 6 268541
384 338 8 8 443796
383 337 10 10 670216
382 336 12 12 932754
381 335 14 14 1246096
380 334 16 16 1592074
379 333 18 18 1990468
386 340 4 4 131659
385 339 6 6 251740
384 338 8 8 415627
383 337 10 10 629089
382 336 12 12 891080
381 335 14 14 1201618
380 334 16 16 1556201
379 333 18 18 1963030
386 340 4 4 128093
385 339 6 6 263818
384 338 8 8 433995
383 337 10 10 653281
382 336 12 12 921405
381 335 14 14 1234507
380 334 16 16 1611375
379 333 18 18 2000349
386 340 4 4 124617
385 339 6 6 259106
384 338 8 8 434455
383 337 10 10 655034
382 336 12 12 901379
381 335 14 14 1200945
380 334 16 16 1552436
379 333 18 18 1930163
386 340 4 4 129690
385 339 6 6 257506
384 338 8 8 428172
383 337 10 10 650591
382 336 12 12 916041
381 335 14 14 1231412
380 334 16 16 1592412
379 333 18 18 2002354
386 340 4 4 141387
385 339 6 6 283727
384 338 8 8 462545
383 337 10 10 695947
382 336 12 12 960687
381 335 14 14 1261222
380 334 16 16 1621093
379 333 18 18 2017883
386 340 4 4 134712
385 339 6 6 274073
384 338 8 8 451388
383 337 10 10 668006
382 336 12 12 916403
381 335 14 14 1223614
380 334 16 16 1582940
379 333 18 18 1990063
386 340 4 4 132820
385 339 6 6 269725
384 338 8 8 444665
383 337 10 10 657433
382 336 12 12 923689
381 335 14 14 1241583
380 334 16 16 1615073
379 333 18 18 2017708
386 340 4 4 136651
385 339 6 6 276343
384 338 8 8 455086
383 337 10 10 664722
382 336 12 12 934198
381 335 14 14 1248306
380 334 16 16 1617135
379 333 18 18 2026857
386 340 4 4 122450
385 339 6 6 258739
384 338 8 8 435477
383 337 10 10 640094
382 336 12 12 903135
381 335 14 14 1208665
380 334 16 16 1554452
379 333 18 18 1944754
386 340 4 4 125846
385 339 6 6 269765
384 338 8 8 454316
383 337 10 10 666798
382 336 12 12 932462
381 335 14 14 1251403
380 334 16 16 1604936
379 333 18 18 2011214
386 340 4 4 132945
385 339 6 6 268370
384 338 8 8 445631
383 337 10 10 662278
382 336 12 12 924230
381 335 14 14 1238238
380 334 16 16 1581646
379 333 18 18 1973076
386 340 4 4 129079
385 339 6 6 276521
384 338 8 8 450422
383 337 10 10 665507
382 336 12 12 939641
381 335 14 14 1256377
380 334 16 16 1598440
379 333 18 18 2007936
386 340 4 4 128246
385 339 6 6 257654
384 338 8 8 435806
383 337 10 10 658446
382 336 12 12 916854
381 335 14 14 1230207
380 334 16 16 1570721
379 333 18 18 1983296
386 340 4 4 129974
385 339 6 6 267423
384 338 8 8 443935
383 337 10 10 658247
382 336 12 12 928034
381 335 14 14 1257412
380 334 16 16 1617669
379 333 18 18 2013816
386 340 4 4 132345
385 339 6 6 275950
384 338 8 8 449403
383 337 10 10 675101
382 336 12 12 933111
381 335 14 14 1225531
380 334 16 16 1605528
379 333 18 18 2007467
386 340 4 4 138619
385 339 6 6 276489
384 338 8 8 438446
383 337 10 10 659815
382 336 12 12 947308
381 335 14 14 1271510
380 334 16 16 1631170
379 333 18 18 2037581
386 340 4 4 127631
385 339 6 6 265894
384 338 8 8 437479
383 337 10 10 653476
382 336 12 12 913985
381 335 14 14 1219319
380 334 16 16 1567653
379 333 18 18 1968824
386 340 4 4 145764
385 339 6 6 285416
384 338 8 8 463775
383 337 10 10 686599
382 336 12 12 960402
381 335 14 14 1276462
380 334 16 16 1627208
379 333 18 18 2033324
386 340 4 4 129266
385 339 6 6 273856
384 338 8 8 457158
383 337 10 10 670690
382 336 12 12 933550
381 335 14 14 1259702
380 334 16 16 1628490
379 333 18 18 2042941
386 340 4 4 138974
385 339 6 6 277112
384 338 8 8 453537
383 337 10 10 675462
382 336 12 12 953045
381 335 14 14 1281531
380 334 16 16 1654151
379 333 18 18 2051003
386 340 4 4 124926
385 339 6 6 266675
384 338 8 8 445482
383 337 10 10 656073
382 336 12 12 921306
381 335 14 14 1226309
380 334 16 16 1572469
379 333 18 18 1960330
386 340 4 4 132585
385 339 6 6 270437
384 338 8 8 440766
383 337 10 10 666593
382 336 12 12 920730
381 335 14 14 1238088
380 334 16 16 1568684
379 333 18 18 1968745
386 340 4 4 135716
385 339 6 6 279687
384 338 8 8 453264
383 337 10 10 664732
382 336 12 12 937977
381 335 14 14 1241021
380 334 16 16 1590342
379 333 18 18 1981330
386 340 4 4 138717
385 339 6 6 279447
384 338 8 8 462709
383 337 10 10 687582
382 336 12 12 959594
381 335 14 14 1242905
380 334 16 16 1596222
379 333 18 18 2000679
386 340 4 4 135968
385 339 6 6 277794
384 338 8 8 454365
383 337 10 10 678220
382 336 12 12 944180
381 335 14 14 1251026
380 334 16 16 1616317
379 333 18 18 2013386
386 340 4 4 139185
385 339 6 6 272760
384 338 8 8 462129
383 337 10 10 676686
382 336 12 12 937354
381 335 14 14 1237953
380 334 16 16 1580262
379 333 18 18 1988796
386 340 4 4 132269
385 339 6 6 269678
384 338 8 8 453328
383 337 10 10 664977
382 336 12 12 928920
381 335 14 14 1238685
380 334 16 16 1607976
379 333 18 18 2026586
386 340 4 4 129718
385 339 6 6 269658
384 338 8 8 454222
383 337 10 10 680895
382 336 12 12 949507
381 335 14 14 1251416
380 334 16 16 1610455
379 333 18 18 2021152
386 340 4 4 136437
385 339 6 6 273448
384 338 8 8 454893
383 337 10 10 688701
382 336 12 12 969367
381 335 14 14 1272434
380 334 16 16 1651085
379 333 18 18 2048342
