13 3 277 7
147 21 415 27
62 54 328 60
103 63 371 69
118 84 386 90
209 41 480 48
40 73 305 79
80 106 347 112
163 110 433 117
207 113 478 121
23 140 289 147
85 157 353 165
193 148 464 156
161 180 431 188
21 188 287 196
135 190 405 198
120 215 390 224
220 219 492 227
44 240 311 249
134 232 404 241
77 248 345 256
186 278 457 287
219 294 491 303
20 344 286 354
93 333 361 342
168 325 439 334
74 373 342 383
109 387 378 397
200 378 471 388
25 414 291 425
82 433 349 444
193 411 464 421
36 457 301 468
157 475 426 486
216 494 486 504
